0.33908114,0.002260869,0.0008586302,0.0033499696,0.0039844397,-0.0017940191,-0.0036082272,0.0007022978,-0.0028489684,-0.00018556768,-0.00044836683,8.661045e-05,5.182168e-05,-0.0010566725,0.0008071986,-4.9411417e-05,-0.0023797427,-0.0009889676,-0.0012145902,-0.0006225117,-0.0011117018,-0.00088514434,0.00012822248,-0.0031589887,0.0005945212,-0.00023192355,-0.00080970145,-0.0003194009,0.0021258646,-0.0030439743,-0.0011935339,-0.00040584564,-0.00088681816,0.0010712699,0.0017626443,0.00011104149,0.0003702388,0.00092613354,-0.0001496064,0.00087154174,0.00030790138,-0.0015106216,0.0005853624,-0.0010718433,0.00011193806,-0.0032291804,0.002355229,0.0009976424,0.0032694624,0.00062685023,-0.000869627,0.00027915664,-0.0016791195,0.0009797486,0.00095817895,-0.0021920165,-0.000605041,-0.00022262658,0.00028653472,0.0013141707,0.0007955011,0.0004300107,0.00029903272,0.0007753693,0.0048757107,0.000858571,-0.00014968116,0.000711369,-0.000546258,-0.0006520147,-0.000830973,0.00022956135,-0.0012546659,0.00046599432,0.0011061479,0.0024810445,-0.0009894014,0.00016210777,0.0031355345,-0.000791684,0.00027651884,-0.0015407931,-0.0018246138,0.0018817186,-3.8325987e-05,-0.0028695348,0.00031824544,0.00054596,0.00021364575,-0.0007825811,-0.00093611534,-0.0004579038,0.0012242526,0.0024071296,-0.0004184946,0.00069660984,-0.0008952115,0.0018264063,-0.00036152152,-0.0009718866,0.0011394114,0.0006941933,0.00019631494,-0.0006492518,-0.0004643516,-0.00019472076,0.0030663752,0.00095562084,0.00048809164,0.001142022,-0.00048247245,0.00051038945,0.0005788194,-6.5902977e-06,6.822018e-05,0.0002393774,0.0016828966,-0.00044212412,-0.0003954631,-0.00085926795,0.00073226145,0.00045633104,0.00048414493,0.0005280976,-0.0007806369,0.0013157286,-0.00066968,-0.0026916869,0.00042250296,-3.4983477e-05,-0.00032125553,-0.0006389978,-0.00025243903,-0.00045807645,0.0006090931,1.867941e-05,-0.0012809411,0.0009821316,0.0021315194,-9.166439e-05,-0.00019632358,-0.0008756097,-0.0023170614,0.0016203797,0.0009499297,0.0024630297,0.00021088656,0.00017242086,-5.434399e-05,-0.0006932376,-0.0023446716,0.0007345845,-0.00034808263,0.00039267368,-0.0004264525,-0.0013175469,0.0012328803,-0.004119201,0.0017126811,-0.00017576112,-0.00011202313,0.00043466038,-0.00089942344,-0.0014955958,0.00078014977,-0.00023804988,0.00038816791,0.00032015613,0.00097559986,0.0006666985,0.0038648192,0.0012411278,0.0003052526,-0.0009109997,0.0004008039,-0.00083221006,0.00071213214,-0.0010862383,-0.00089378346,-2.1906117e-05,-0.0005529642,-0.0007004286,-0.00018472348,-0.0024463327,-0.0007199386,-0.0023806575,0.0004855357,0.0010899312,0.00033793724,4.227128e-05,0.0020456403,-0.000993659,-0.0004839264,0.0011896666,0.00050400273,0.0003715084,0.0017722758,-0.0010744474,0.0010783215,-0.0034904296,0.0016113418,0.0010170584,0.0025359099,0.0011803812,0.00018602365,0.0011268087,0.00015400695,0.0010935076,0.00010647863,0.005981042,0.0015814968,0.002412878,0.0010136219,0.00305967,0.00017296271,0.0015950332,0.0009636339,-5.763528e-05,-0.00026947688,-0.0014066864,-0.00066233554,0.0033142378,-0.00010458618,-0.002221688,4.7650166e-05,0.0015064698,-0.00034829119,-0.0002543793,-0.00083989726,-1.8096904e-05,-0.002303554,0.0030399032,0.00038419256,-0.00057537766,-0.00030599584,-0.00081841607,0.00030733502,6.671515e-05,0.00056818034,0.0027827292,0.00043412755,-0.0035592176,-0.0015793741,-0.00013136884,-0.00035517424,-0.0029137647,0.00015829575,0.000411774,-0.0005251145,0.0012924391,-0.0024386742,-0.00030963242,0.00047883403,0.0006659339,-0.0008700475,0.00049604854,-0.00015406361,-0.0005908442,-0.0006698192,-8.700103e-05,-0.0010614189,0.00047854026,-0.00024575557,0.0032952845,-0.0019287354,-0.000472175,0.00039076307,-7.148073e-05,-0.0018225864,-0.00067984563,0.00016329906,2.8446802e-06,-0.001709921,7.410835e-06,0.00026919847,-0.0002889548,2.4485678e-05,-8.412595e-05,-0.0005966714,-0.00411227,-0.00057311327,-0.0006590172,-0.0006916452,-0.00014586661,-0.0005523707,-0.000599743,0.0012793113,-0.0009953919,0.002259795,-0.00025149155,0.00047313888,-0.00047741592,-0.0018791631,0.0012745298,0.00026590208,-0.00043345446,0.0053261076,0.0002187895,-0.00096482993,0.002732625
-0.00047939894,0.33873886,-0.00014563542,-0.004025978,0.0027564056,2.301603e-05,0.0012104964,0.00026934987,-0.000104055274,-0.0003734429,-0.00017122185,-0.00019507157,-0.00035008206,-3.3923425e-05,0.00064004346,-0.00036704476,0.0006165397,-0.0004041664,-0.001037868,0.00010438923,-7.805307e-06,-0.00020156273,-0.00015829476,-6.2292784e-05,-0.0002064326,0.00011098191,0.00017495257,-0.00013871191,-0.00017927954,0.0008941748,0.0022521599,-0.0001235618,-0.0014825873,0.0008477655,-0.00072158605,0.0009337435,0.0016897952,-0.00025204357,-0.0006368711,-0.00058238476,0.00028374844,0.00045320246,-0.0005477165,0.0004005777,0.0002047991,-0.00090008095,0.000253105,-0.0008734164,0.00018415051,-0.00032907256,0.00014054886,1.268199e-06,-0.001308583,0.0002950152,4.8988742e-05,0.00014040846,0.00021363668,0.00015009701,0.00013258873,0.00022860401,4.434398e-05,0.00032558033,-0.0002119521,-0.0016409298,0.0007470662,1.2565607e-05,-0.0006598699,0.00017086169,-0.00011407986,-0.0015925562,0.00024925306,-0.00073901104,0.0016922276,-0.00026907746,0.00012166146,-0.0011336651,0.00055363553,-4.431195e-05,-0.0005136423,0.0003643923,-8.11688e-05,-0.0012752543,-0.0014035625,5.6569465e-05,-0.00059014227,-0.0014000096,-0.0013030592,-0.0017429435,-0.00012468608,-6.8725312e-06,-0.00055946794,-8.587688e-05,2.2035183e-05,0.00049103494,-0.00019943346,0.00018360346,0.00028411645,0.0014295151,-0.0007718297,0.0023827108,-0.0008362746,0.0011413842,-0.0001364717,-0.0010861377,0.0018758305,-0.0011509927,-0.0005970405,8.828089e-05,-0.00047163613,-0.00039961183,-0.000105493295,5.352236e-05,0.00050230935,-0.00011556122,-7.0639595e-05,-0.00017578265,0.00028317308,2.9339019e-05,-0.000100158584,-0.0005530084,0.001489353,-0.0004568813,7.5392854e-05,2.6177473e-05,-0.000116994524,-0.000705807,-0.00039695934,2.1994656e-05,-0.00020735884,2.5268033e-05,0.00012329206,-0.0005700348,2.9479777e-05,0.00023885933,0.0002914545,-0.00035257888,-0.00013660033,-0.00017196614,0.0013210498,-0.0004490297,-0.0008818122,8.601247e-05,0.0012997617,-0.0019948224,3.592958e-05,-0.0009443827,-0.0010020282,-5.9006425e-06,-0.000360652,-0.00013256125,0.00066383765,0.00025614176,0.0002258902,0.0002222917,-0.0030467382,0.00025646525,0.0011298722,0.0010970063,-0.00035981907,0.00031705177,0.00062010786,-9.27938e-05,0.001082284,0.0027967757,-0.00012706137,-0.0011593985,0.00087922293,-0.0006048068,-0.00027557407,0.0030410702,0.0001277942,0.00035076067,-0.00026627528,-0.00019945805,-0.00014851523,-0.0012275649,0.0014007165,0.001028342,0.00020522879,-0.0005198169,0.00092868024,-0.00037245476,1.3176847e-05,-0.00065450947,-0.0008292477,-0.00067032303,-0.0002287338,0.00017401678,-0.0003427297,2.8538496e-05,-0.0014614167,-0.001287226,0.00023506762,-0.00021313714,4.062617e-05,-4.749825e-05,-0.00016712613,-0.00022296599,0.0021489277,0.00017787731,0.0004257867,0.00023547895,0.00036928206,-0.00093280827,1.7289458e-05,-3.5414934e-05,-0.0004477062,-1.4385012e-05,-0.0006155936,-0.0014839354,0.00070668175,-0.0006507923,6.1915096e-05,-0.0025993185,5.5784483e-05,-0.00031016258,0.000276084,-0.0006147594,0.00038230314,0.0011531067,-0.00017909166,9.606021e-05,-2.5285619e-05,-0.00010318542,0.0011502813,0.0019144686,-0.00021853161,6.540678e-05,-0.00083239016,-1.8552262e-05,0.0009811965,0.000517285,0.00022119067,0.00036412707,-0.0009548696,-0.00013861663,0.0008757373,-0.0010352965,0.00014656686,-0.0014161832,-6.527337e-05,-0.0012212216,-0.00048612565,0.0003523732,0.0011038365,-0.00056322047,-6.492868e-05,-5.9336133e-05,0.0011869369,0.00038290606,-3.17832e-05,-0.00023005765,0.00017304158,-0.00050706504,0.00041049966,7.6972916e-05,-0.00079846487,-0.0009313715,-0.00057373027,9.9608165e-05,-0.0005425284,-6.472572e-05,-0.0006484883,-0.00089151924,0.00064283505,0.0014055105,0.00025654997,0.0003153068,-0.00038511082,0.00018460442,-0.0005532996,-0.00033515645,0.0006209623,-5.2721032e-05,0.00013149536,0.0002419804,0.00055946445,-0.00044631533,-0.00019339762,0.0020990975,0.00014544478,3.961539e-05,0.00088969676,-0.000854929,0.00024213697,-4.2307463e-05,-0.0028829572,0.0013368962,-0.0011665104,0.0002305507,0.00028443657,-0.00045234588,-0.00083072024,0.0011791777,0.0015232593,-0.0008557017,0.0023094944,-0.0012916465,0.000120517696,-0.001031287
0.00036821756,-0.00067566097,0.34219903,-0.0019717715,-0.0005268436,0.00017782857,0.00092386384,-3.9463885e-05,0.00030081125,-2.885778e-05,7.550629e-05,6.025507e-05,-5.451547e-05,0.00022466917,0.00029137044,-0.000107530715,0.0004941848,0.00028402254,0.00026586922,0.00019376217,0.0002687836,3.822468e-05,-3.280788e-05,0.00033536684,-8.1044374e-05,0.0002097483,-0.0004038915,6.8612055e-05,-1.8191549e-06,0.00070734014,0.00048395983,7.338993e-05,0.00010279684,-0.00017506683,-0.0002087565,-4.0823303e-05,0.00019773595,-0.00027754088,-0.00011480998,-0.00025299814,9.857804e-06,0.00022621847,-0.00020971533,0.00037809237,-1.207487e-05,0.00034159017,-0.0006333062,-0.0004334992,-0.00037139657,-0.00026353388,2.2232985e-05,-9.6397314e-05,-1.2004904e-05,-0.0002282116,-0.00019541154,0.0005472781,7.107964e-05,6.560467e-05,-9.021648e-05,-0.00026032305,-0.00012080092,7.989771e-05,-6.126466e-05,-0.00020617826,-0.000571178,-0.0001687352,-5.971681e-05,-0.00011232381,9.4767354e-05,0.00011547175,0.00019668948,-0.0002926063,0.00022146963,-0.00012492626,-0.00020379329,-0.00078391575,0.00019124577,-1.816552e-05,-0.00079866906,0.00019127232,-4.6661225e-06,0.0001496933,-6.684989e-06,-0.00039763347,-0.00010600719,0.0011273565,-0.00026044183,-0.00037729868,-5.9313632e-05,0.00015394557,9.2150316e-05,5.774632e-05,-0.0002556896,-0.00046074545,2.7610218e-05,-0.00012785273,0.00016708407,-0.00013081208,-4.0679224e-05,0.00040913146,-0.00041698336,0.0003415705,-0.00021369537,0.00014874914,0.00047823504,-0.0004530829,-0.0012570308,-0.00023339353,0.00019396716,-0.00037820183,6.641309e-05,-0.00011445486,-1.5813965e-05,-1.4656154e-05,2.6120095e-05,-6.948865e-05,-0.00027921985,0.00011300483,6.0418308e-05,0.00010444299,0.00014238112,-0.00015061109,-0.00013651884,-4.211727e-05,1.4642604e-05,-0.00037725834,2.6117756e-05,0.0009470925,-9.378014e-05,-5.2394334e-05,6.5715714e-05,3.6814934e-05,0.00013506364,2.8888797e-05,-5.3458556e-05,-0.00015367325,0.00019017543,4.1193976e-05,0.0001233206,-7.420618e-05,-1.765375e-05,0.0002970962,0.0005270764,-0.002181998,-0.00017009956,-0.00064778107,0.00017889276,-4.661412e-05,-0.00015806241,0.00012225802,0.00077539,-0.00026319735,0.00021000644,-0.00013580376,0.00016520097,0.00028846122,-0.0004225643,0.0010231772,-0.00048083937,5.3245665e-05,-0.00024249344,-0.00016775363,0.0005671957,0.00024248457,-0.00020006753,-0.0002233234,5.050996e-05,-0.0002619484,-0.0002725057,4.8067104e-05,-0.00096625596,-0.00022993323,-7.18551e-05,0.00032486758,-0.00012460609,-4.0388222e-05,0.00020466115,0.00033528364,0.0002148424,-0.00019581303,0.0003876202,4.289823e-05,4.3422737e-05,0.00023228102,2.7761589e-05,0.0005990994,-0.000119914934,-0.00015137633,-9.66012e-05,-1.4270589e-05,-0.0005473047,-1.3352741e-05,0.0001481536,-0.0002506348,-7.277565e-05,-0.000106656385,-0.00030065014,0.00018884108,5.561349e-05,0.00038894298,-0.00022465194,-1.9949406e-05,-0.0007275115,-0.00032507486,-3.0723524e-05,-0.00021081789,-0.00015003132,-0.0002726137,-1.9370447e-05,-0.0017209939,-0.00032858664,-0.00030844583,-0.00020182837,-0.0012948824,-2.7533511e-05,-0.00041815554,-0.00016596273,-1.7590488e-05,0.00021016132,-9.9614444e-05,0.00012649618,-0.00052800914,3.4842506e-05,0.00065023155,0.00014815271,7.375232e-05,5.586294e-05,3.1988282e-05,-6.881511e-06,-7.731984e-06,0.00058673613,-0.00020650068,-0.00014683623,6.389425e-05,-0.000103192535,0.00022605118,-4.398229e-05,-1.5099045e-05,-0.00012539126,-0.00083789387,-0.00010091827,0.0005431776,0.00036148136,-2.0197102e-05,0.00036282907,0.0005594868,-5.8529713e-05,-0.00010900941,0.0003372748,-0.00037642263,0.00021006986,8.602179e-05,-7.542002e-05,-0.00025856838,0.00029068405,0.00018375745,-6.4418186e-05,-0.00010771003,5.663418e-05,5.691368e-05,0.00033792382,-0.0002950782,4.796933e-05,-0.001149653,0.00066669,0.00035572494,-9.540101e-05,1.6665253e-06,0.0003610829,0.0001906281,-0.00014628257,3.0133117e-05,0.0004907753,1.5450496e-08,-2.5574003e-05,9.174431e-05,0.0002359838,8.0472724e-05,7.213738e-05,0.0013862816,0.00023512602,6.132252e-05,0.0002752945,2.9312227e-05,0.00016147702,0.0001657299,0.00018287712,0.0003857854,-0.0006027487,0.00033080374,-6.6895685e-05,-7.3629535e-06,4.869167e-05,-0.00011686609,0.00033724378,-5.80072e-05,-0.00071659486,-0.00025677928,0.00024989218,-0.00047075408
-0.0002795659,-0.0012331211,-0.0005674498,0.33891246,0.0012551483,-2.3699835e-05,0.0006534214,0.00017395122,-0.00040240437,-0.00020636708,-9.145625e-05,3.115876e-05,-0.00017790095,-9.536063e-05,0.000560611,-0.00025778497,0.0002936426,-0.0001396517,-0.0004876413,5.2070125e-05,3.4372846e-05,-0.00026850495,-0.00015961753,-0.0004032047,-0.00011687658,0.00020564572,-5.5002296e-05,-2.9754483e-05,0.00047522786,4.246915e-05,0.001294087,-2.7258968e-05,-0.00058467884,0.0003122942,-5.5190663e-05,0.00037622088,0.0009497019,-0.00017920545,-0.00037426097,-0.00025360088,0.00015614965,0.00029289984,-0.00040176688,0.00040272597,9.724683e-05,-0.0005796644,0.00029663584,-0.00042783355,0.0001475434,-0.00023905419,-3.7584152e-05,5.4346776e-05,-0.00094592443,0.0001297979,0.00015120898,0.00046956,7.4962976e-05,4.3607637e-05,9.955406e-05,8.184767e-05,-2.2595318e-06,0.00026226602,-0.000114545095,-0.00072059856,0.00034287374,7.680338e-05,-0.00034365756,0.00012229463,-4.3507775e-05,-0.00083637715,0.00014855053,-0.00046630861,0.00089270994,-0.00015918829,8.001485e-05,-0.0010058874,0.00015307301,-3.6440033e-05,-0.00031147836,6.7296816e-05,-3.3335986e-05,-0.000726212,-0.00092949084,2.447926e-05,-0.000330929,-0.00048667623,-0.0007586806,-0.0009866653,8.5348324e-07,2.7640854e-05,-0.00034958872,-3.387262e-05,-1.0277821e-05,-3.3525007e-06,-0.00012210815,8.7754466e-05,0.00014247188,0.00085733307,-0.00032841647,0.0005662216,-0.00046156102,0.0009536454,-0.00015901882,-0.00068112527,0.000914607,-0.0008971632,-0.00040974055,3.9421262e-05,3.0003546e-05,-0.00021889147,-3.1800733e-05,3.1431657e-05,0.0002549999,-7.0575785e-05,-3.056276e-05,-3.7546255e-05,0.00030857188,4.3650354e-05,-0.00010076797,-0.00031347814,0.0008527848,-0.00021237199,1.4149981e-05,6.3933905e-05,-0.00018361166,-0.00037297927,-0.00025063334,0.00019782277,-0.00013782352,-2.7798818e-05,0.00010597277,-0.0004132788,7.789222e-05,-4.2236286e-05,0.00023159041,-0.00017931509,-8.104542e-05,0.0003253905,0.0014448488,-0.0002995019,-0.0006825102,0.000112519134,0.00077633094,-0.0012502598,-7.27924e-05,-0.0005198355,-0.0005536976,-4.3720593e-06,-0.00027731535,-4.3733522e-05,0.0002773939,-5.808206e-05,0.00021398236,0.00025041524,-0.00087308313,0.00016502794,0.00069901143,0.00021215243,-0.00012843136,2.9706081e-05,5.862725e-05,-7.174052e-05,0.0008331291,0.0009858168,-7.882497e-05,-0.0006261675,0.00035337376,-0.00032392715,-0.00017979929,0.0010979332,0.00017890052,0.00015909123,-0.0001090357,-2.2691635e-05,-0.00011998217,-0.00074875855,0.0009552913,0.0006169822,0.0001157269,-0.00044040693,0.0006154538,-0.00020969205,1.8393966e-05,-0.00037397345,-0.00042745325,-0.00021863262,-0.00014203899,0.00017825833,-0.00018007397,-1.5240349e-05,-0.00068772765,-0.000701034,0.000106291714,-0.00015305557,-3.2068227e-05,3.971052e-06,-5.080554e-05,-0.00011338277,0.0010124376,-1.2373886e-05,0.000291466,0.00017317483,6.653321e-05,-0.00053451816,-1.7994074e-05,-0.00015242572,-0.0002821567,-1.4473208e-06,-0.00028150534,-0.0009884565,0.000594676,-0.00022644237,5.0449104e-05,-0.0019588044,-7.501098e-05,-0.00014331663,9.8156095e-05,-0.00024112024,0.00028905342,0.00036283446,-9.6196665e-05,0.000293938,2.8540302e-05,8.222033e-05,0.00056438585,0.001149757,-4.6128564e-05,-2.5115944e-05,-0.00053051894,2.2609081e-05,0.00047705427,0.0005718967,1.2945172e-05,9.896315e-05,-0.0005204344,4.7511854e-05,0.00049424905,-0.0008643824,-3.3566597e-05,-0.00079502875,-2.4282695e-05,-0.00072928594,-0.00036402096,0.00026426127,0.00082081096,-0.0005178671,-2.2105261e-05,-4.5175482e-05,0.00073944207,8.174348e-05,-0.0004521896,-5.3383636e-05,0.0001512675,-0.00031508887,0.00021464522,9.464121e-05,-0.00044606798,-0.0005356179,-0.00042766143,7.4477466e-05,-5.517615e-06,0.0001284446,-0.00027221933,-0.00092836114,0.00043496877,0.0008857485,0.00030568425,0.00017183737,-0.00016800477,0.00020733538,-0.0005041338,-0.000240624,0.00025851824,-8.313372e-05,8.177755e-05,0.00014663264,0.00044825437,-2.0420724e-05,-0.00013179917,0.0011497487,0.00010057294,-0.00011428801,0.00046589036,-0.0004106166,0.00018798569,-6.145028e-06,-0.0014816984,0.00085122394,-0.00032728113,0.000351223,0.00019215199,-0.00026648253,-0.0005781351,0.00065184943,0.0010972837,-0.0004685397,0.0021604474,-0.0007256692,0.00013502751,-0.0005217941
0.0016008089,0.0010555935,3.860211e-05,0.0029273748,0.33335885,0.0018835407,0.000679621,-0.00085862464,0.0016143532,0.0004221577,0.0003942124,2.4060522e-05,0.00035059633,0.00041479184,-0.0020383177,0.0005419421,0.0007755386,0.000707592,0.0019028031,-3.0304955e-06,0.00031699048,0.0005980997,0.00030485814,0.0017885132,9.528766e-05,0.00014256133,0.0020989422,0.00034043944,-0.0013364847,-0.0002268322,-0.0015011285,0.00023147928,0.0025594002,-0.0016674045,2.6269605e-05,-0.0011106953,-0.0025044645,-5.8225705e-05,0.0010293749,0.0004333437,-0.00047733777,0.0008698032,0.00022578191,-0.0003632666,-0.00021830211,0.004173265,-0.0007416964,0.000992265,-0.002433925,-5.2452968e-05,0.00041396377,-0.00021872717,0.0028084307,-0.0005193789,-0.00024340612,0.0022833396,0.00016459888,-0.00011637406,-0.00029327063,-0.0009073969,-0.00014790137,-0.0008861136,0.00018082112,0.0014768936,-0.0048464052,-0.0006230488,0.00086727046,-0.0005472641,0.0004586578,0.0018441377,1.5736174e-05,0.001169335,-0.0006844906,0.00027517832,-0.00046789076,-0.00026817693,-0.00041619554,-6.2742656e-05,-0.0017702248,-3.3157612e-05,5.5739743e-05,0.002254348,0.003151239,-0.0009922166,0.0008517277,0.0010818656,0.0014555854,0.0015120109,-8.321642e-05,0.00031034704,0.0010686762,0.00023105468,-0.00046857394,-0.0024932493,0.00046895034,-0.00060754793,-0.000116535615,-0.0028020688,0.0015127066,-0.0032250693,0.00075251,-0.0023853718,0.00029472428,0.0013072435,-0.0035811814,0.0019951705,0.000447308,-0.00053334277,-0.00037058222,0.00042867818,0.0002743486,-0.00031929326,-0.00084943057,0.00018133898,0.00013895593,0.00022981789,-0.000873876,5.9162245e-05,0.00024398023,0.0010549364,-0.0025884516,0.00042368233,-0.00032572052,-0.00064808957,0.00057628826,0.00011728636,0.00076074514,0.00043922616,0.00010384724,9.762952e-05,-9.490742e-05,0.00090640574,-4.3705677e-05,-0.0002883695,-0.0005904335,0.00045928682,0.00076244696,6.576655e-05,-0.002541402,0.0006471418,0.0010194004,7.447433e-05,-9.3182985e-05,0.0031083259,-0.00036687907,0.00018967394,0.00035040616,-7.973013e-05,0.0007958489,0.00042406458,-0.0004077958,-0.0007555781,-0.00023506962,0.00025580154,0.004188697,0.00028016703,-0.00081783225,-7.052393e-06,-3.677275e-05,-0.0007932779,-0.00030541327,4.8757815e-05,-0.0011533339,-0.0016418626,-0.00037085626,0.0018080128,-0.0016453814,0.0011971482,-0.00017506146,-0.004107442,-0.001032166,-0.0010673199,0.0002505086,0.0004197013,0.00020170913,0.0019642408,-0.0021690824,-0.0005256795,0.00029964693,0.0005840494,-0.0012553706,0.0009576158,1.4774806e-05,0.0024564704,0.0014206562,0.0019937465,0.00013131501,-0.00091096235,0.000370555,-5.8925587e-05,0.0005706211,0.0022985747,-0.00023921604,-0.00010813354,-0.0001611903,8.997786e-06,-0.00055230415,0.00069715275,-0.004092825,0.0022079179,-0.0011375704,-0.0014336499,-0.0017307746,0.00036177097,-5.7722726e-05,-0.0011555349,0.0005804384,-0.00041974176,0.00044713807,-0.0013862113,-0.00096353155,-0.0011671456,-0.000561919,0.0017965354,0.00014822441,-2.9001028e-05,-0.00077219313,0.00074257643,-0.0007780243,0.00059651764,0.0004824173,-0.0013952908,9.579803e-05,0.00074167177,-0.0015817053,-0.0031216294,0.0005992133,0.00011682742,0.0015077434,3.1312553e-05,-0.0009080656,-0.0025562134,-0.00054735364,-4.879703e-07,0.001735069,0.00047234815,-0.0006917854,0.00022203314,-0.00045063908,0.0008058939,-0.000116012015,0.0038756367,0.00073477684,-0.00047997828,-0.0016351598,0.001879186,0.00014321535,-3.0831063e-05,-0.0010798789,-0.00093326846,0.0012495103,0.00028907397,-0.0004973874,0.00050550397,-0.00040398393,-0.0012165641,0.0011593193,0.002185528,0.0007399888,-0.000119632525,0.0012945733,0.0011497029,0.0009927916,-0.0006851754,-0.00031380283,-0.0016196796,0.0002292381,-0.00035148612,0.001167178,8.554336e-06,0.00018536567,0.00031179193,-0.00021147169,0.00010913947,-0.00028140485,-0.00024697845,-0.0009542048,0.0008753499,0.00079265574,-0.0005878009,-0.00029093237,9.334188e-05,-0.0009463548,0.0009325883,-0.00016404904,0.00024278184,0.0011286364,-0.00066645094,0.00083432626,-0.0003618827,-0.00049124105,0.0008574556,0.0023124802,-0.0019940587,-0.0013040222,0.001378339,-0.0053622792,0.0015073979,0.0002648134,-0.0011869265
-0.00028691543,0.00019252909,7.716849e-05,-0.00013408819,0.00083441066,0.34167558,-0.00032319347,0.0001346563,-0.0005292535,-0.00014008438,-8.3906765e-05,4.823757e-05,-2.1279704e-05,-0.000114071205,0.0002461832,-5.0796883e-05,-0.00029423105,-9.0408575e-05,-9.568244e-05,-7.725695e-05,-7.2878436e-05,-0.00022092549,-3.544963e-05,-0.0005999408,3.5470825e-05,0.00010758204,-0.00011954871,3.232859e-05,0.0006362558,-0.0004205845,-3.4878212e-06,-3.9711664e-05,-4.3457287e-05,0.000110586305,0.00030250498,-1.7759508e-05,0.0001404341,5.9542042e-05,-5.604208e-06,6.619225e-05,9.390573e-06,-0.00014082226,2.3724246e-05,-7.722387e-05,-3.64566e-05,-0.0008693399,0.00035466754,0.00011979732,0.00038225626,-3.0869498e-05,-0.00015193853,4.6866608e-05,-0.00038412734,9.1374495e-05,0.00012406147,-0.0001761282,-8.436999e-05,-6.483622e-05,-3.0516623e-05,0.00013952433,0.00013817362,9.149421e-05,-4.1106603e-05,0.00014217403,0.00087443826,8.3883984e-05,-2.6100624e-05,0.00010090662,-5.02332e-05,-6.2664476e-05,-6.993771e-05,-3.940084e-05,-8.929074e-05,-1.857861e-05,0.00017231384,1.0215206e-05,-0.00019389296,1.1577679e-05,0.00033624214,-0.00017674002,1.9150355e-06,-0.00026374246,-0.0005286199,0.00023357297,-1.6368504e-05,-0.00021268715,-3.6086607e-05,-5.2871157e-05,4.2922373e-05,-7.9232654e-05,-0.0001197057,-5.1241197e-05,0.00011078619,8.054901e-05,-7.3953306e-05,7.867967e-05,-7.794188e-05,0.0004483696,-3.698964e-05,-0.00016816091,9.603157e-05,0.00035662978,-1.9264742e-05,-5.9004124e-05,3.9677943e-05,-0.00027221296,0.00029772584,9.11895e-05,0.00031686935,0.0001301782,-3.815115e-05,8.470371e-05,7.505512e-05,-7.1784216e-06,-2.4769552e-05,-1.730671e-05,0.00026321723,-6.180895e-05,-0.00010409262,-0.000110555455,0.00010816817,2.1300439e-05,7.073296e-05,7.67408e-05,-0.00017976998,0.00016202431,-0.00013070108,-0.00019658948,6.295804e-05,4.498021e-05,-5.05463e-05,-0.00020305332,5.696233e-06,-0.00013818072,0.00012379582,6.9382695e-05,-0.00018065624,0.00033008444,0.0009422959,-1.9298139e-05,-1.8151829e-06,-1.948551e-05,-0.00023605875,0.00086644065,8.552698e-05,0.00022553866,-0.00014633505,6.9309317e-06,-3.280084e-05,-5.942097e-05,-0.00022316816,-4.5492565e-05,-3.238996e-05,0.00010312264,0.00030344282,-9.470812e-05,0.00011010392,-0.0005106765,0.0002048733,-0.00011683555,-0.00018597013,2.8798564e-05,4.348238e-05,-0.0003391949,6.932e-05,-2.8507951e-05,3.0673906e-05,2.5404424e-05,0.00011242581,7.94218e-05,0.00037380971,0.00021597801,2.5023044e-05,-6.5018074e-05,7.287829e-05,-3.0607607e-05,0.00021233346,-8.8857e-05,-6.719908e-05,-9.421463e-05,9.468302e-06,-7.1400405e-05,-3.6954974e-05,-0.00030893367,-6.803638e-05,-0.00022577142,8.040986e-05,0.0001145061,5.7698842e-05,-6.2187246e-07,0.00025282195,-0.00018957388,-1.6791895e-05,0.00016272574,1.4661193e-05,1.1232261e-05,0.00021978958,-0.00012492004,0.000111963884,-0.000542252,0.00022137447,0.00019232385,0.00027377982,9.453831e-05,2.4732735e-05,6.436674e-05,3.2674925e-06,9.076538e-05,-8.902807e-06,0.0006024606,0.00026126765,0.00039673058,9.863489e-05,-1.2600034e-05,-0.00029661696,0.00019593532,7.934396e-05,2.4511033e-05,-3.265251e-05,-0.00027388157,-6.970101e-05,0.00048354757,2.3149141e-05,-0.00015220878,5.0835515e-06,0.00034232318,1.2256918e-05,-2.8348393e-05,-0.00016473401,2.7554632e-05,-0.00028368674,0.00056928105,6.0274728e-05,-0.00011801486,-2.9780222e-05,-0.000117331896,5.8771468e-05,-0.00016472474,1.6679442e-05,0.00017713202,5.7410845e-05,-0.00045783585,-0.00017919524,-7.317341e-05,0.00012962396,-0.0005310047,3.9369013e-05,4.9687776e-05,4.811353e-05,8.385527e-05,-0.0005822348,-5.3593507e-05,5.8153844e-05,6.9895235e-05,-0.000110284054,0.00017182749,-3.0185856e-05,-0.0001346166,-9.6517986e-05,-3.3403514e-05,5.8667596e-05,4.6673806e-05,1.5486314e-05,0.00012152819,-0.00014198366,6.176105e-05,0.00014976882,-3.2652497e-05,-0.00020134833,-6.648277e-05,-8.75664e-05,-3.0187815e-05,-0.00026224667,6.7542633e-06,-2.7198455e-05,-5.7944846e-05,0.00011948047,8.21679e-05,-3.8484133e-05,-0.00027076286,-6.0399016e-05,-0.00013640996,-7.8785015e-05,2.0138428e-05,-7.340792e-05,-7.491424e-05,0.00037927701,-3.9144143e-05,0.00033682794,0.0001428979,9.165005e-05,-2.8291504e-05,-0.00030705656,0.00023692999,0.00020390622,-9.0889764e-05,0.001296409,6.31259e-06,-5.5952063e-05,0.00040250111
-0.00022221994,0.0019939411,0.00030366742,0.002802317,-0.0007622983,-0.00019489763,0.33985886,5.700469e-05,-0.0010246533,8.6086904e-05,-0.00010511485,0.00020309605,0.0001858007,-0.00043127983,-0.00017382187,0.0001357215,-0.0009836961,-5.00255e-05,0.0003243402,-0.0002973977,-0.00045614934,-0.0003137815,0.0002008093,-0.0011201216,0.0003079214,1.3763447e-06,0.00026992828,-3.8775604e-05,0.00089754455,-0.0017691675,-0.0014608972,-0.0001029148,0.0010164652,-0.00033890948,0.0011533637,-0.00066623965,-0.0009783563,0.0004015597,0.00040281093,0.00068492146,-9.268244e-05,-0.00045985176,0.00036164533,-0.0006184458,-0.0001065215,-4.8016293e-05,0.0008979308,0.0010102049,0.0007562436,0.00027845628,-0.00043833727,3.8459097e-05,0.00020054344,0.00021911266,0.00057003397,-6.934585e-05,-0.00025053445,-0.00023106144,-1.1861034e-05,0.00027065878,0.0003799242,-3.577716e-05,0.00024985636,0.0014018016,0.00017821911,0.00010666148,0.0003249068,0.00020446215,-0.000104303945,0.00062766694,-0.00046418235,0.0005485841,-0.0012690126,0.00038395938,0.0004459354,0.0009950625,-0.0009198249,5.818182e-05,0.00090067345,-0.0005567641,0.00015938272,0.00017232564,0.0005519309,0.00058274914,0.00034973663,-0.0003541318,0.00085350714,0.001080009,0.0002033151,-0.00032379775,-0.00011408308,-0.00015422044,0.0005186286,4.806075e-05,-1.5161491e-05,0.00011835221,-0.0005850623,-0.00024956572,0.00055385195,-0.0023672632,0.001000906,-0.00045904936,0.0001151257,0.000284479,-0.0019178577,0.0005842376,0.001583996,0.00015172864,0.00036586984,0.0007992282,-0.00017567254,3.90207e-05,-0.0001258834,0.00010274432,9.6309695e-06,0.00012864161,0.0005954216,-0.00022618865,-0.0001217314,-4.286904e-05,-0.00078912574,0.00049852865,0.00013211199,0.00013483332,-0.00035461882,0.0008048925,-9.277497e-05,-0.00088267244,0.00037452145,5.115724e-06,-0.00019211891,3.3762855e-05,-8.202348e-05,-0.00051702413,0.0001296486,0.0002429874,-0.00043432417,0.0009360331,0.0003690558,0.00024744682,0.00033333807,-0.00037748204,-0.0013017355,0.001271265,0.00033481303,0.0014379737,0.0005995505,5.7883502e-05,0.00033528797,-0.00018065894,-0.0012396448,-0.00015601603,-0.0002104673,0.00034640706,0.0022843448,-0.0006588254,-0.00031027716,-0.0020811753,0.00087452395,-0.00050342444,-0.00060048915,0.0001996718,-0.00080387364,-0.002218675,0.00030045887,0.0007650265,-0.00066846656,0.0007027373,0.00034475906,-0.0019574265,0.0013794343,0.00013853087,0.00038628472,-0.0001431985,0.00031362733,0.0003762143,-0.00047916643,-0.000842108,-0.00039199623,0.000111461755,-0.0007656203,-1.2185791e-05,-0.00010073735,-0.00020466422,0.0003141297,-0.00017770223,0.0004342621,0.00019212719,0.00043400098,-2.1604743e-05,0.0014334334,0.00057331694,-0.00037000352,0.0006606405,0.00016434865,0.00019931453,0.00079912436,-0.00029184128,-0.0014544094,-0.0010816508,0.00039185619,2.1134298e-05,0.00031646522,0.00087355945,0.0001126942,2.385179e-06,0.00030411285,0.00040406926,0.00041785272,0.0024719108,0.00029758457,0.000986001,0.00033461803,0.0021487684,0.00017703249,0.0009833093,5.3997952e-05,0.0003782382,-0.00039360038,-0.0009819258,-0.00018231856,0.0011921448,-3.403616e-05,-0.0006796853,-0.00078996026,-0.0006560374,0.00018532887,-0.0001468496,0.0001562511,1.3831942e-05,-0.0017423622,0.0007173603,-0.00013630454,-0.0003755497,0.0006929407,-0.00015209816,-0.00025472656,0.00016627273,0.00013277262,0.0017594342,0.00018518521,8.227824e-06,-0.0005242868,-0.0003607029,-0.0006407568,-0.0006557401,0.00014169837,0.00022470378,-0.0007109114,7.754557e-05,-0.001139853,-4.2261803e-05,7.659612e-05,0.0006286268,-0.00070117315,-8.545653e-05,0.0004931563,0.0005631332,-8.510714e-05,-3.8279235e-05,0.00026691536,0.0006728829,0.0004841845,0.0012509883,-0.0010873902,-0.0009325824,0.00038025563,-0.00027772214,-0.00036934757,-0.00042627167,4.2561318e-05,0.00013200918,-0.0010277274,2.685274e-05,1.9059005e-05,-0.00026794436,-0.00026950554,0.0005640971,-6.3042307e-06,-0.0023611954,-0.00040215196,-0.0004057376,-0.00086646073,0.00042349662,-0.00040298604,-0.00022818701,0.001960647,-0.000827531,0.0016414685,-6.123027e-05,6.763211e-06,7.727458e-05,-6.56403e-05,-0.00032004484,-0.00041854224,0.00041113925,0.00021080792,0.0008180536,-0.00046506865,0.0010782471
0.000748963,-6.015504e-05,4.2769025e-05,0.0006935338,-0.0019327783,0.0011074566,0.00062204007,0.34101215,0.00092259364,0.00020974495,0.00025984112,-6.1271558e-06,0.00014451316,0.00029743696,-0.0010686921,0.00024647033,0.0005552462,0.00031978037,0.0006799171,-7.633016e-06,0.00019586453,0.00047859072,9.970821e-05,0.001441488,0.00011577032,-2.7723416e-05,0.0014060242,0.00018098606,-0.0008579186,0.00036459428,-0.0003039266,0.000119475575,0.0009808065,-0.0006959938,-0.0003563833,-0.000279859,-0.0010317487,-0.00013240005,0.0003677057,0.000110995825,-0.00021905934,0.0006815339,-1.295431e-05,-8.084975e-05,1.1278689e-05,0.0015557872,-0.00036411168,0.00032744382,-0.001855144,-6.4372194e-05,0.00031086325,-3.815535e-05,0.0012117423,-0.00020973993,-9.604421e-05,0.0009987368,6.18574e-05,-9.753801e-05,1.3503641e-05,-0.0004538676,-0.00024592268,-0.0004388032,-2.3306373e-05,0.00040219416,-0.0023102998,-0.00022978745,0.00032539244,-0.00030110765,0.00022494406,0.0005452916,6.056297e-05,0.0005024936,0.00014065843,9.340561e-05,-0.000252333,-0.0003224194,4.9649967e-05,-8.462928e-05,-0.0009818434,4.551738e-05,-8.775843e-05,0.0009895904,0.0017103193,-0.00052031816,0.0002912537,0.00056066253,0.00042306614,0.00044046366,-5.8813537e-05,0.00015525696,0.0004798485,0.00016158493,-0.00022967692,-0.0014493832,0.00031513497,-0.0002836982,7.16614e-05,-0.0011453221,0.00056451664,-0.00087294984,0.00021112885,-0.0010658198,0.0001525354,0.00049108895,-0.0012000859,0.0009445177,0.00032066597,-0.00022384312,-0.00048360715,0.00015381264,0.00018483964,-0.00015356902,-0.00028371555,7.552484e-05,0.00013357932,-5.649696e-05,-0.00049527426,4.3251006e-05,5.0711787e-05,0.00049837993,-0.0010214974,0.00010832997,-0.00024914523,-0.00029429948,0.00032345703,-6.475175e-05,0.00037205446,0.00021969955,9.196339e-06,0.00010300924,-1.7875165e-05,0.00041701723,-3.5221834e-05,-5.5491446e-06,-0.00028038127,0.00014314041,0.0004622745,-0.00018754616,-0.0013668489,0.0003088269,0.0003418156,7.310949e-05,0.0003875891,0.0026500784,-0.00021740599,-0.00021075562,-0.00057878485,-6.734305e-05,0.00034712013,0.00023141787,-2.3696399e-05,-0.0002704328,-0.00015575695,0.00019647006,0.001167526,0.00024353096,-0.00023332398,0.00039116887,-0.00010292794,-0.00028129597,8.71552e-05,2.3286862e-05,-0.00044602703,-5.886516e-05,-0.00021363069,0.00080053025,-0.0006787384,0.00047999734,-0.0002973965,-0.0014138676,-0.0007496397,-0.0004542932,9.108337e-05,0.00012420057,0.00012123354,0.0009104434,-0.0010235531,-6.17525e-05,0.00021791474,0.00026157277,-0.0004633996,0.00046989234,9.177181e-06,0.0012062172,0.0006042357,0.0008826225,2.2742075e-05,-0.0004932354,0.00017491702,3.0892506e-06,-9.806132e-06,0.0008991188,-4.225916e-05,-8.560582e-05,-0.000126665,-5.0068273e-05,-0.0004303129,0.0003935905,-0.0013180549,0.0012485989,-0.00057352294,-0.0007124804,-0.00058949215,-5.542856e-05,-3.414241e-05,-0.0005774856,0.00025793517,-0.00036992988,0.00015610513,-0.00085966784,-0.00031083848,-0.000812856,-0.0002656652,0.00021302962,0.00011365093,-0.00012952164,-0.00034280831,0.00017730371,-0.00034035486,0.0008394665,0.00019405426,-0.0011284362,3.9247367e-05,0.00034043778,-0.0005635326,-0.0012145347,0.0002857117,4.21265e-05,0.0006428422,2.316195e-05,-9.083768e-05,-0.0014264545,-0.00019896757,0.0001663767,0.00072962255,0.00021862703,-0.00026291242,-0.00021743642,-0.00022771816,-0.00029852227,-0.00012360496,0.0017523586,0.0003047236,-5.249055e-06,-0.0005240501,0.00084201014,8.3565355e-05,6.083803e-06,-0.00032805567,-0.00031898238,0.000672335,0.0001516652,-0.00028588725,0.00017966118,-0.00013379277,-0.0006953321,0.00044759206,0.00071548804,0.0003197737,-2.0117803e-05,0.00049072254,0.00054022734,0.0003943902,-0.00040898446,-1.6865251e-05,-0.00051069545,0.00011081688,-4.0238952e-05,0.0006097465,2.1780554e-05,2.764459e-05,0.00017815366,-2.0235759e-05,2.6019705e-05,-0.0001778048,-0.00011004588,-0.0003297073,0.00026196198,0.00038673377,8.5406544e-05,-0.00011860446,9.960312e-05,-0.0002590078,0.00022034759,-6.225004e-05,0.00010578409,-0.0007695418,-0.00021227135,1.5836988e-05,-0.0002213878,-0.0002389476,0.00039606547,0.0011987002,-0.0008055262,-0.0004799112,0.0005470559,-0.0017261591,0.00054146873,0.00022269216,-0.0009649223
-0.0016275733,0.0010590904,0.00025091547,-0.0010023456,0.00377323,-0.0017943669,-0.0022368652,0.0007086134,0.3369932,-0.00033496085,-0.00042190525,0.00020737271,-0.00015009257,-0.00096131617,0.0011750974,-0.0003082311,-0.0017407228,-0.00072484725,-0.00095359737,-0.0005819517,-0.0010116549,-0.0011907542,1.3362483e-05,-0.0033032089,0.0005141332,0.00034312412,-8.741851e-05,-0.00031953334,0.0030056925,-0.003154934,3.311401e-05,-0.00040743424,-0.00018066057,0.0006228873,0.0019567255,-0.0002385331,0.0007140327,0.00054053776,-0.00021750398,0.0008005754,0.00023657539,-0.0007707355,3.4495537e-05,-0.00032541598,6.2036284e-05,-0.0031340763,0.0024348493,0.00082493137,0.0028346076,0.00037195324,-0.0009562463,0.00020937435,-0.002218658,0.0009190075,0.0012992787,-0.00027412648,-0.0005433301,-0.00025848288,0.00023183624,0.0010197785,0.0008110649,0.00062035426,0.00017082113,0.0007632216,0.003251957,0.00071954925,-0.00017246179,0.00074817723,-0.0004242989,-0.00084748096,-0.00067220663,-3.8017257e-05,-0.00058146735,0.00032682592,0.0011292371,0.00046659762,-0.0013404113,6.938074e-05,0.0016978123,-0.0008759526,0.00031487553,-0.001572951,-0.0017859846,0.001586762,-0.00015991084,-0.0019766905,-0.00012255646,-0.00026835498,0.00033698863,-0.0006149103,-0.0011034373,-0.0003882944,0.0010698901,0.0012007003,-0.00029428597,0.00069498847,-0.00085578463,0.0021519952,-0.00011193755,-0.0020555432,0.00090664276,0.0015739475,-6.760104e-05,-0.0008350504,-0.0007477199,-0.0010636933,0.0022894489,0.0005413823,0.0010497808,0.0010675753,-0.00044589373,0.00027795776,0.0006417184,-2.0258453e-06,6.63712e-05,0.000114962175,0.0019559124,-0.00037327886,-0.0006239335,-0.00085438404,0.0009106643,0.00040378422,0.0004608119,0.000323132,-0.0010920665,0.0009846574,-0.00085178163,-0.0017488181,0.00042674504,-0.00010010276,-0.00032854217,-0.0010282601,-5.9067166e-05,-0.0008806621,0.00081290014,-0.000131579,-0.0012497193,0.0020977615,0.004223979,-0.00019482241,-0.0007364845,-0.00065266853,-0.0012965945,0.000116709605,0.00071396586,0.0018124708,-0.0002946426,0.00011991857,-4.0050567e-05,-0.0005376108,-0.0018005407,-3.2800817e-05,-1.2453273e-05,0.0009592465,0.001251687,-0.0010746333,0.0013333849,-0.0035159474,0.0015705773,-0.0006450396,-0.0008000404,0.0003197857,9.18372e-05,-0.0016509588,0.00045796874,-0.00023234595,-4.4406483e-05,0.00036463345,0.00040668974,0.0002273586,0.0033697877,0.0009549739,0.00038272637,-0.0005762324,0.00038223623,-0.001222663,0.0013835841,-0.0005046594,-0.00058713055,-0.0006480166,-0.00011958649,-0.00060300966,-0.00019259575,-0.002106386,-0.0006369869,-0.0015972091,0.000474373,0.0009808445,0.00027747182,2.2221926e-05,0.0014681766,-0.001012961,-0.0003851044,0.0010833443,0.0003964338,0.00032839022,0.0016282463,-0.0010031638,0.0004969541,-0.0030112658,0.001770496,0.0008492593,0.0015168011,0.0006387804,0.00017029615,0.0002658542,-4.5894347e-05,0.00090212043,1.7782693e-05,0.0035719005,0.0019219667,0.0019715626,0.00095988443,7.855706e-05,1.1888529e-05,0.0015714688,0.00065916486,2.762456e-05,-0.00015424362,-0.0013858733,-0.0006604632,0.0033191661,-6.217251e-05,-0.0015078709,3.1765598e-05,0.0020489183,8.724195e-06,-0.00031088293,-0.0011558293,2.337689e-05,-0.0022636505,0.0031710165,9.392704e-05,-0.00046908687,-0.00024315965,-0.0004725432,0.0006204318,-0.0012418095,0.0005262519,0.0016013179,0.00044749916,-0.0030974708,-0.0016882167,-0.00019368762,0.0008476706,-0.0029536155,0.00021104931,0.00034194134,0.00020929046,0.00073255616,-0.0031770666,-0.00017695474,0.00049030705,0.00048394088,-0.00085518614,0.00040503894,-0.000169543,-0.00069921755,-0.0010183017,-1.8085095e-05,-1.433466e-05,0.0011110283,4.7079906e-05,0.0011080698,-0.001317484,0.00023552099,0.0011100254,-0.000115560564,-0.0015171892,-0.0005499042,-0.0007647271,-0.00017868936,-0.0016702691,-6.153991e-06,0.00034152356,-0.00020810486,0.0004809371,0.00065168366,-0.0005282073,-0.002431177,-0.00052003935,-0.0009934545,-0.0005822126,-0.00024459313,-0.0004630423,-0.000522928,0.00052293343,-4.7752153e-05,0.0022889166,0.00049916364,0.00051821297,-0.00055028684,-0.0019222343,0.0012428871,0.0015353826,-0.0005811339,0.0071709785,-0.0001379696,-0.00080014655,0.0017318688
-0.0010792305,-0.00020342336,-0.00019484368,-0.0029813047,0.003304759,-0.0014169037,-0.00060421816,0.00051983236,-0.0018743933,0.34166905,-0.00030454135,0.00014266159,-0.00026328862,-0.00041039515,0.0014437637,-0.00045175254,-0.00064767164,-0.00044515455,-0.000850822,-0.00016342313,-0.00041064902,-0.0008791149,-0.000117206255,-0.0020703932,7.6568824e-05,0.00035847875,-0.0011053508,-0.00026839232,0.002071059,-0.0010511231,0.0009201211,-0.00021862605,-0.000793689,0.0006546294,0.0008095954,8.932076e-05,0.0013352582,9.7663775e-05,-0.00052959775,2.3953713e-05,0.00028031177,-0.0004062846,-0.00027527794,3.096062e-05,9.993051e-05,-0.0026953788,0.00095509115,-0.00022523655,0.00202522,1.9645986e-06,-0.00059415266,9.533349e-05,-0.0019979062,0.0004027131,0.00063417456,-0.0003118395,-0.00025117083,1.0155791e-05,0.00017242656,0.0005622299,0.00031381217,0.0007262848,1.8509687e-05,-0.0001980488,0.0026636017,0.0005577063,-0.00041386124,0.00046057574,-0.00026641213,-0.00087506,-0.00013525263,-0.00066462054,-6.2836643e-06,-1.4409552e-05,0.00054833305,-0.0004308927,-0.00041472958,0.00013891458,0.0007004083,-0.0003103545,9.817567e-05,-0.001438442,-0.0017874904,0.0007635364,-0.00039082995,-0.00015872736,-0.0008301314,-0.0009362964,0.00023113018,-0.0002601302,-0.00081737357,-0.00020157546,0.0004460452,0.0009871131,-0.00026263497,0.00043714928,-0.00034827684,0.0019223918,-0.0005356818,0.00011274438,-0.00015551707,0.0019501604,-0.00030088183,-0.00078467256,0.0010632522,-0.0016359237,0.00015911531,0.00020830677,0.0007571197,8.9575726e-05,-0.00026451884,0.0002554324,0.0005607391,-6.116552e-05,2.1647393e-05,-6.1872204e-05,0.0010775076,-0.000109677916,-0.00035315828,-0.0006664812,0.001428962,-1.6626283e-05,0.0001343435,0.00036987793,-0.00075647223,0.00014632117,-0.00065557467,-0.00019244304,9.315301e-05,-0.000108669505,-8.2672705e-05,-0.0007299293,0.000112228765,-0.00039519774,0.0005950835,-0.00022589913,-0.0007405502,0.0012740458,0.0032388382,-0.00040739644,-0.0008061182,-0.00015611625,-0.00010585347,-0.0036600502,0.0002918397,0.00028030376,-4.0095183e-05,5.842086e-05,-0.00037661582,-0.00032747243,-9.1181435e-05,-2.5158659e-05,0.00031515546,0.00031565526,-0.0004736548,-0.00041339538,0.0005276024,-0.00088164036,0.00038778837,-0.000108107764,-0.0006071885,-3.6117226e-06,0.0009660245,-0.000264461,0.00014849879,-0.00084305747,0.0005274964,-0.00041721892,3.982792e-05,0.0011740733,0.0010974358,0.000610955,1.7442495e-05,-0.00010897882,4.6566885e-05,-0.0013372786,0.0016108847,0.0002540725,-0.00017544503,-0.0007360392,0.0006539002,-0.0005380369,-7.828594e-05,-0.0016762543,-0.00075779995,-0.00092941656,0.00012000829,0.00069660845,-8.4782216e-05,1.2780065e-05,8.132022e-05,-0.001245767,-2.2652453e-05,0.00030546114,0.00022323134,0.00014382013,0.00070861395,-0.0005773846,0.0013119614,-0.001844863,0.0010819722,0.00082067866,0.00067227747,-0.000104364706,1.9629866e-05,0.00026774625,-0.00033263236,0.00037904008,-0.00015272235,0.00068466953,0.0010160733,0.001149999,0.00046127962,-0.0017050562,-1.7751696e-05,0.00047149285,0.00046156667,-0.00028319482,0.00032854217,-0.0011868537,-0.000369631,0.001702968,-1.8900953e-05,-0.00037638436,0.0006247799,0.0021143812,-0.00013774986,-0.00013017673,-0.0010634841,-2.6526868e-05,-0.00042506773,0.0024690991,7.1716524e-05,-0.00019596059,-0.00076161395,-0.00022178145,0.0004974194,-0.000822716,0.00025973129,-0.00016450709,0.00012379493,-0.002179837,-0.00081163435,8.926567e-05,0.0013719614,-0.0016510648,1.7090071e-05,0.00010729104,0.0007772237,0.00029975432,-0.0018743433,-0.00017791458,0.00038375967,-0.00014886416,-0.00010729361,0.0008198836,-0.00054172665,-0.0012090222,-0.0007403689,5.7164485e-05,-0.00011578717,-3.8166134e-05,-0.00022431147,-0.0002678676,3.7264843e-05,0.00092638854,0.00045007514,1.8109517e-05,-0.0008287036,-0.00011561752,-0.00063496595,-0.00022739984,-0.0003244377,-0.000113588634,0.00023449228,7.5658914e-05,0.0007206418,0.00019375724,-0.00044195013,0.0001949005,1.9791376e-05,-0.0005323211,0.00025920256,-0.0004337208,-5.5349632e-05,-0.0002222061,0.00026812503,0.00052552106,0.00043234014,0.0006793939,0.0003295656,-0.0005605306,-0.0017529961,0.0012267422,0.0015305716,-0.00081117643,0.0047003157,-0.00076992647,-0.00037841417,0.0009132226
-0.00096499384,-0.0009258898,8.390934e-05,-0.0016110679,0.0035631557,-0.0009571013,-0.00026164396,0.00052372203,-0.0010992123,-0.00024203063,0.34134588,-7.7654135e-05,-0.00016761372,-0.00029120647,0.0012016797,-0.00035846076,-0.00044960366,-0.00047845277,-0.0011902074,-2.7374677e-05,-0.00023203812,-0.00031933235,-8.6947555e-05,-0.00097631774,-3.171039e-05,-8.395717e-06,-0.0011021603,-0.00017375656,0.00055703585,0.00020406282,0.0010478407,-0.0001706729,-0.001667514,0.0010614775,-6.903909e-05,0.0007781696,0.0015281717,7.397572e-05,-0.0006089529,-0.00023647195,0.0002916133,-0.0004906498,-0.00016559009,0.0002049872,9.4339055e-05,-0.002143713,0.000525231,-0.0006661002,0.0014254659,-6.4850174e-05,-0.00026614804,0.00013209485,-0.0017095915,0.00038319972,0.00017875437,-0.001360987,-0.00014860691,7.632092e-05,0.0001641502,0.00058125216,0.00014005424,0.000575634,-6.265883e-05,-0.000987511,0.0030249697,0.0002566023,-0.00053851784,0.00040200393,-0.00030056047,-0.0012109448,-2.3950575e-05,-0.00069343584,0.0006301437,-9.589192e-05,0.00034606314,8.671909e-05,0.0002425511,3.806981e-05,0.0010263505,8.480801e-05,-3.1006144e-05,-0.0014692519,-0.002109748,0.00064758596,-0.0005733802,-0.0011898766,-0.0009535807,-0.00096024276,-4.8420203e-05,-0.00018494185,-0.0006905211,-0.00020931564,0.00032970466,0.0014781,-0.0003345459,0.0004071578,4.059833e-05,0.0016427779,-0.0009170587,0.0018639507,-0.00044073415,0.0013699596,-0.00017399128,-0.0008745582,0.0020644234,-0.0012044095,-8.5739746e-05,0.00030669975,0.00018701924,-0.00019887787,-0.0001756043,0.0001289476,0.00053367106,-0.00011607431,-0.0001284715,-0.00011698692,0.0005452535,-4.3836615e-05,-0.0001291615,-0.0006746111,0.0016957285,-0.00021080507,0.000253698,0.0003220099,-0.00037981087,-8.3319595e-05,-0.0004623005,-0.00042483985,-4.2464617e-05,-4.7073114e-05,5.9426416e-06,-0.00061170984,9.373818e-06,0.00015456915,0.00039448572,-0.00028713653,-0.00049568794,7.803421e-06,0.0014939792,-0.0004474389,-0.00065030303,-9.355242e-05,8.0223916e-05,-0.001873559,0.0002116869,-7.599483e-05,-0.00034501223,7.21964e-05,-0.0004604005,-0.00028667343,0.00020528685,0.00049633306,0.00016031669,-0.00010395251,-0.0030364536,-0.00023350392,0.0008439749,9.456319e-05,3.0434856e-05,0.00049934787,0.00033857662,-9.415129e-06,0.0006824261,0.0010516855,0.0002950067,-0.0010996992,0.0009816651,-0.00071807276,0.00014232469,0.0027765776,0.0006334024,0.0006084921,-0.00010247372,-0.00031179332,-8.595378e-05,-0.0012743677,0.0013514591,0.0003063647,-0.00016884053,-0.00038730964,0.0007461543,-0.0005741381,-3.578208e-05,-0.0015957215,-0.0008782409,-0.0012560918,-7.047264e-05,0.0005624986,-0.00026888776,1.7165969e-05,-0.00039492524,-0.0013986574,0.00013297374,5.6919107e-05,0.000110824905,3.4702014e-05,0.00039508106,-0.0004781073,0.0024855775,-0.0012916832,0.0007385971,0.0008572505,0.001065784,-0.00021735423,2.489021e-05,0.0006858591,-0.00034716548,0.00020214464,-0.00031849067,0.0008752975,0.00063953927,0.00062637747,0.00033669203,-0.0012765207,-0.00025944583,3.2635206e-05,0.000454692,-0.0005148412,0.00036648486,-0.00011571811,-0.00030178996,0.00087255455,1.2639257e-05,-0.00050258776,0.00094802346,0.001912668,-0.0003335816,-6.452341e-05,-0.0010100773,-4.884903e-05,0.00056188565,0.0014677638,0.00028792236,-5.51097e-05,-0.0010874113,-0.00024187096,0.0005150674,-0.00022304866,0.00023004273,-0.0005417387,0.00018836843,-0.0024055275,-0.00054235966,0.0002589697,0.0010807638,-0.0011465293,-5.3568532e-05,2.216598e-05,0.0006612184,0.0006147155,-0.0008935018,-0.00026389578,0.00031719805,-0.00030525657,0.00022839884,0.00063974434,-0.0007054138,-0.0012668553,-0.0004884028,7.155823e-05,-0.0008792456,-0.00061526353,-0.00059450313,0.00052232057,0.00014949575,0.0010081821,-0.00010886702,0.00026802628,-0.00079613045,-3.5439727e-05,-0.00012915622,-0.00018357568,0.00014929709,-0.00012857576,0.00020424514,0.00014423215,0.0005621396,-0.0005394549,-0.0004944742,0.0004338693,0.00012551456,-9.414184e-05,0.0005813959,-0.00060176087,0.00011113749,-0.00017592189,-0.00097024045,0.00047191075,-0.0005671698,0.0002133846,0.00036240427,-0.00056510454,-0.0013799056,0.0012352556,0.0007695998,-0.0008160416,0.0031959822,-0.0008473286,-0.00016327028,0.0005693166
0.0001653648,-0.00010725582,0.00034730206,0.0015784461,-0.00014115548,0.00062146294,4.368554e-05,-0.00011029871,0.00077981036,0.00013598264,8.284589e-05,0.34197903,7.1438655e-05,0.00013239046,-0.00061778224,0.00020194324,0.00011054652,8.88996e-06,-0.0001456188,3.4003722e-05,6.777411e-05,0.00038948352,1.8906063e-05,0.0008085196,-8.613753e-06,-0.00024338716,0.00034207167,-7.565854e-06,-0.0011669091,0.00055976736,-0.00024237193,4.2342097e-05,-0.00024010096,9.723604e-05,-0.00047186558,0.00031902856,-0.00038428223,4.2423555e-05,0.00013240252,-2.0507667e-05,-3.0336772e-05,6.1781204e-05,0.0001542826,-0.00023414998,-2.6977043e-05,0.000743517,-0.00022926342,1.9077475e-05,-0.000554609,7.007942e-05,0.0002853393,5.188682e-05,0.0006163454,8.197826e-07,-0.00027092328,-0.0003918781,4.031271e-05,1.2159213e-05,-5.9102287e-05,-1.0755246e-05,9.464993e-06,-0.00030406396,5.0936425e-05,-0.00026728414,-0.0007172243,-1.9968316e-05,5.1583193e-05,-0.00015983077,2.3284361e-05,-5.9292895e-05,3.621529e-05,0.00022211317,0.00019974112,-2.440143e-05,-0.00018476658,0.0006343546,0.00035615647,-7.476781e-05,0.00019087267,0.00018901436,-7.4302347e-06,0.00024108692,0.00061773055,-0.00010374323,0.00012954425,-0.0005138831,0.0001622653,0.00023711724,-0.00014698079,3.8954073e-05,0.00020772469,5.0392035e-05,-9.9901394e-05,0.00015428985,7.8564735e-05,-5.008979e-05,0.000114498645,-0.00048339966,-5.5709672e-05,0.0005870759,4.9714206e-05,-0.00080355187,0.00022708414,3.2272048e-05,5.300738e-05,0.00070609525,0.00036478162,0.00010832007,-0.00076153944,-2.199803e-06,3.4754477e-05,-5.2477e-05,-7.13961e-05,-2.2506925e-05,2.438017e-05,-1.7292057e-05,-0.00033566347,3.0963085e-05,0.00011605816,0.00013021685,-0.00022020492,-4.8581e-05,5.109588e-05,-5.4253313e-05,0.00037733998,-3.9018363e-05,0.00016386509,-0.00029006496,-6.63729e-05,0.00014321717,3.4106954e-05,0.00025845238,-0.00014662535,0.0003641369,-0.00021494027,3.4957113e-05,0.0001903337,-0.00087416504,-0.0015831725,4.0474908e-05,0.00020599166,-0.000101312,-8.2984825e-06,0.0007245372,-5.741702e-06,-3.7677855e-05,-0.00020863941,1.77043e-05,6.141908e-05,5.229639e-05,-6.0701383e-05,0.0003757953,-0.00018019136,-0.00020491694,-0.0011791299,0.00010695663,0.000114742455,0.00031718172,-7.731651e-05,0.00022379437,0.00063504773,5.174095e-05,-0.00053420686,0.00083298754,1.5568898e-05,-8.619252e-06,0.000107109096,3.6843758e-05,5.5548117e-05,0.00034638398,-0.00012883698,1.0169074e-06,-4.589849e-05,-0.00019017386,-2.6733615e-05,0.0003660004,-0.0005391714,-7.0856906e-05,-1.1031723e-05,0.00040365983,-0.00023897829,0.00010734085,2.746366e-05,0.00034584303,9.807474e-05,-0.00016915872,-7.000316e-05,-0.00017198955,5.5202363e-05,-5.5777446e-07,-0.00013061275,0.0001252167,1.8981618e-05,-4.1053747e-05,-3.4807268e-05,-1.0441758e-05,-0.0001641834,0.00014338858,0.0002427704,0.0005609985,-0.00035537564,-0.00017395696,0.00023428333,4.9714996e-05,1.8288612e-05,0.0002080284,0.00011113083,-0.00010720003,-2.4591676e-05,0.00063729525,-0.00019687679,-0.0003979648,-4.569131e-05,0.0010600758,0.000302473,-0.00016581669,4.7296184e-05,-0.00011178071,2.33911e-05,0.00075942447,7.816016e-05,-0.00062729086,-4.9733535e-06,-0.00024394265,-4.722759e-06,-0.000522714,-9.576204e-05,-2.5128356e-05,0.00027864758,3.3462084e-06,0.00036390944,-0.00073870656,0.00021989254,0.00011322869,4.29164e-05,-8.5226966e-05,-7.0052476e-05,0.00036964932,-1.4286885e-05,0.000107704574,-2.0989775e-05,0.00016498887,0.00016703375,9.4262476e-05,-0.0006001233,0.0004403246,-2.969499e-05,2.0441307e-06,-0.0003030664,0.00020850469,0.0008379397,-1.655331e-05,-0.00014509853,2.7424543e-05,2.8677392e-05,-0.0003556168,4.6284807e-05,0.00017557494,0.00024851048,1.4529125e-05,-0.00048597014,-7.600526e-05,-0.00018490659,0.00079449825,-0.0001928808,-0.00028685035,-0.00031146876,4.7724487e-05,7.07607e-05,1.7452741e-05,0.00039082408,9.885529e-05,0.0001532487,1.6423206e-05,-3.326567e-05,-1.7025257e-05,-0.00030589427,-0.00040671378,6.264402e-05,-0.00026011167,-3.0812786e-05,0.0002882218,1.679821e-05,-8.8505796e-05,3.7759302e-05,2.3966943e-05,-0.00096782873,-0.00019253242,-0.00040176354,-0.00048248607,-9.276121e-05,0.00010997878,0.00048437912,-0.00017183642,-0.00061730354,0.00014580926,-0.0012540958,7.160017e-05,9.48044e-05,-0.0003251474
-0.0008522537,-0.0006019877,0.00040912293,-0.00027014673,0.0021769041,0.00017252554,-0.0006027617,0.00026139134,-0.00066372333,-0.0002358293,-0.00018445942,-0.00014494751,0.34171236,-0.00033206533,0.00010212598,-6.137547e-05,-0.00040284352,-0.0006407138,-0.0010736767,-0.00018437613,-0.00044937868,-0.00017973493,-8.7697685e-05,-0.0006210415,0.0001963561,-0.00016932799,0.0007758142,-0.00024235767,7.586472e-05,-0.0008220093,0.00068741036,-0.00018245283,-0.0009773253,0.000821655,7.578937e-05,0.0006223967,0.0007620699,0.00025186333,-0.00030138623,9.873506e-05,0.00029061697,-4.1443596e-05,-8.366648e-05,-0.00027302472,7.871981e-05,-0.0007154468,0.0011585761,0.00015095051,0.00097361335,0.00018906643,-3.4365086e-05,6.894215e-05,-0.0010164067,0.0005548245,0.00032339073,-0.0001550708,-0.00012332003,-1.3323803e-05,0.0001608681,0.00056856644,0.00022672162,0.00010934163,2.7939195e-05,-0.000655419,0.0006873496,0.0005767026,-0.0003078577,0.00025378756,-0.00018726957,-0.0012168759,-7.407437e-05,-8.103246e-05,0.00072135055,-1.7413044e-05,0.00042190898,0.000389625,-4.786756e-06,-3.1651136e-05,0.00078885956,-1.6189164e-05,8.2898e-05,-0.0010798163,-0.00075205014,0.0006978116,-0.00024957655,-0.0025062924,-0.00054470147,-0.000684198,-7.1968307e-06,-0.00023041753,-0.0005309725,-0.00011184278,0.00037371367,0.0010535792,-0.0001908194,0.00030537424,-0.00015690913,0.0009860265,-0.00040749798,0.0007878363,0.00013390814,0.0002578739,0.00019988959,-0.0009594529,0.00015312305,-0.00017713665,0.0016465498,0.0004614633,-0.0006902644,0.0003136496,-0.00020632408,0.00017129038,0.00045358608,-5.3736298e-05,-3.9459752e-05,8.333722e-05,0.0007647541,-0.00010503153,-0.00022388191,-0.0004777407,0.0008179552,-7.3322524e-05,0.00024142112,0.00015945936,-0.00015365469,0.000111469715,-0.00034582792,-0.0014145063,-1.34422835e-05,3.770025e-05,-2.3160965e-05,-0.00043017828,-0.00016801838,3.6269255e-05,0.00026653262,-0.00014473381,-0.00037335328,-1.1795602e-05,0.0008258153,-0.00015183081,-0.0005019694,-0.00044962572,3.5132136e-05,0.0002861972,0.00032461132,0.00050116086,-0.0009177492,3.6073536e-05,-0.00015063518,-0.00025478215,-0.0009110231,0.000573036,-0.0001267269,0.0004230074,-0.001805465,-0.00018915389,0.0017585767,-0.0013259511,0.0005840923,-1.6560854e-05,0.00062464725,0.00018192163,-5.482544e-05,0.0014731367,0.000240107,-0.00070294074,0.00048199962,2.376155e-06,4.6780817e-05,0.0013228098,0.0017682819,0.00053910294,-3.1828116e-05,-0.0005791625,7.8271114e-05,-0.00079401396,0.00066831586,0.0002453776,-0.00013685775,-0.000109937,0.00012214668,-0.00028671097,-1.7539085e-05,-0.0008261951,-0.0006316826,-0.0012766437,-9.727916e-06,0.00045874374,7.607226e-05,0.00011005351,-2.8141829e-05,-0.00083522126,-9.227949e-05,0.00034072605,0.00012933362,0.00014276344,0.000462899,-0.00039955342,0.0011226537,-0.00088658277,0.00066295516,0.00018137465,0.0012030549,-0.00015185359,-1.0198907e-05,0.00026391025,-9.477256e-05,0.00036880138,-0.00036213946,0.0017993783,0.001231559,0.00013147926,0.00040842916,-4.4194727e-05,0.00059426593,0.00041159848,0.00043999916,-0.00040090567,7.1974086e-05,0.00078485673,-0.00029950286,0.0010690718,-2.703473e-05,-0.0010799194,0.000546242,0.001238556,-0.00023392949,-9.486656e-05,-0.000632362,-2.8009408e-05,-0.00016914165,0.00093547127,0.00030630984,7.4096846e-05,-0.0005399152,-0.00035191703,0.000659207,-0.0007684959,0.00027245056,0.0005047208,6.57521e-05,-0.0018716843,-0.00090887473,0.00022722773,0.00019363902,-0.0012461909,1.3545592e-05,0.00012914209,0.00026126578,0.0008115939,-0.0007060802,-0.00030620256,0.00023750677,2.0297914e-05,-0.00018922333,-0.00033205058,-0.00044221283,-0.00031731455,-0.0005540486,4.0219587e-05,-0.0007297789,0.00069720513,-0.00048861996,0.0011352167,-0.00065741723,0.000406028,0.00039829436,0.0001618949,-0.0008471409,-0.00015674846,-0.00020558317,-0.00018788043,-0.0005584521,4.8312788e-05,0.00017657864,1.8792496e-05,0.00010399409,-0.00033188227,-0.00020941294,-0.00085772964,-0.00020617127,-0.00014752489,0.00018368562,-0.00064994546,-4.0711187e-05,-0.00024914887,-0.0023863795,0.00037992207,0.00038847508,-0.00025175157,0.00022546863,-0.0003035536,-0.0007442913,0.0009629544,0.00082214846,-0.0005126805,0.0028924039,-0.00060166523,-0.0002383574,-3.4505698e-05
-0.0009450319,0.00078192865,0.00038888588,-7.8459925e-05,0.0018272459,-0.00052348466,-0.0015857321,0.00032898234,-0.0019745335,-0.00018414212,-0.00028806168,0.00025676546,-3.821401e-05,0.34082562,0.00019722254,-0.00011471214,-0.00100713,-0.00047321554,-0.00043965958,-0.00048958603,-0.00082931103,-0.000706316,0.00020329993,-0.0020044215,0.00041361453,0.00020431819,0.0015024801,-0.00027069513,0.0018819262,-0.002711444,-3.4070006e-05,-0.0003645278,0.000452812,6.808623e-05,0.0014618934,-0.0003007758,-4.7776837e-05,0.0003898506,6.4264095e-05,0.0007404568,0.000114615934,-5.1523188e-05,-5.2421838e-05,-0.0006538598,1.8002065e-05,-0.0013252079,0.0020492927,0.0010649489,0.0013435428,0.00020757764,-0.00055011705,0.00015687518,-0.0010628758,0.0007577666,0.0010327413,0.0006284781,-0.00053629564,-0.00026111482,0.00011205879,0.0006421048,0.00051872776,0.00023085768,0.00020340813,0.00084574515,0.00094368256,0.0004452691,1.555034e-06,0.00040698412,-0.00021187775,-0.0005240326,-0.00051895774,0.00033009314,-0.00019149669,0.00033586926,0.0008489482,0.00014487098,-0.0011694487,-2.6921338e-05,0.0006836005,-0.00073890056,0.0002658217,-0.00087605446,-0.0003256129,0.0010565307,2.6767757e-05,-0.0022482045,7.595119e-05,-0.00013172979,0.00023620199,-0.00044789608,-0.00069250335,-0.00025276202,0.00079938496,0.00019103212,-0.0001682286,0.00042558982,-0.000784796,0.0011324162,0.00033046422,-0.002232733,0.000927995,0.0004308173,0.000119752374,-0.00052379165,-0.0016938316,-0.00011661198,0.0025622295,0.00031714683,0.00026763915,0.0011178335,-0.0002972185,0.00021516457,0.0004156645,5.635917e-05,-1.5134235e-05,5.806317e-05,0.0014875176,-0.0003146737,-0.0004388618,-0.000484929,3.834124e-05,0.0004056821,0.0002954441,0.00015577617,-0.0007430839,0.00072699215,-0.0005116927,-0.0016758464,0.00036079166,-9.4999916e-05,-0.00028403074,-0.00058727275,-8.747109e-05,-0.00074615714,0.0005739799,5.5564527e-05,-0.0008647677,0.0016398984,0.002524517,1.4488697e-05,-0.0004351812,-0.00060918764,-0.00080573926,0.003066541,0.0005109669,0.001491316,-0.00087494275,8.388368e-05,0.00020409658,-0.00033551655,-0.001832761,-0.00014076795,-0.00019341214,0.0011363133,0.0018523433,-0.0007344801,0.0014582953,-0.003256955,0.0013724089,-0.0007931258,-0.00047914425,0.0002960539,-0.00023609464,-0.00084952253,0.0001689344,0.00016203958,-0.00048286398,0.0007598691,0.00026533203,-0.0009390056,0.002677086,0.00053137634,0.00034056362,-0.0004967018,0.000422581,-0.0004938024,0.00044242365,-0.0003281485,-0.00027666756,-0.00042409333,-0.00045528656,-0.00020489603,-0.00016202663,-0.00086401025,-0.00022502053,-0.00088157353,0.0003704331,0.00053579756,0.0004329699,2.1451446e-05,0.0011645906,-0.000294267,-0.0004285303,0.0009429829,0.00030069452,0.00023792975,0.0011864584,-0.0006442363,-0.0008111138,-0.0015658174,0.0011657185,7.864101e-05,0.00107213,0.00041768453,0.0001219987,-0.0002931909,0.00010430702,0.00076149224,4.5845358e-05,0.0027687408,0.0016803761,0.00090631156,0.0006886482,0.0005462009,0.0005211029,0.0013699547,0.00038423392,0.000115185845,-0.00030964246,-0.00038545232,-0.00046459248,0.002352926,-3.487057e-05,-0.0011741498,-0.0003072281,0.0010185975,0.0002093827,-0.00018754636,-0.0005740472,9.6854776e-05,-0.0022459158,0.0016691168,1.0873258e-05,-0.00024776979,0.00028987217,-0.00032095567,0.0005030821,-0.0013990005,0.00036228265,0.0015661382,0.00026591058,-0.0014064783,-0.001403068,-0.00012721491,0.00015754782,-0.002112196,0.00024582018,0.00031615276,-1.2749788e-05,0.00054372754,-0.0023275441,-0.00020304426,0.00032607123,0.0005408239,-0.00090203335,-0.00028915296,7.364921e-05,8.736841e-05,-0.0008298479,-3.2517906e-05,0.00019958273,0.0016000844,0.0002642596,0.0007761553,-0.0013053595,-0.00017889215,0.0011932277,-0.00012152105,-0.0010011181,-0.00038746555,-0.0007461401,4.8540238e-05,-0.0014992271,5.7245532e-05,0.00015770868,-0.00022367216,9.850717e-05,0.0007363579,-0.0001380855,-0.0021225861,-0.00059606787,-0.0007240344,-0.0006572902,-0.00015401209,-0.00041246315,-0.0004452402,-0.00061035214,-0.00015028463,0.0021152666,0.00018117407,0.00033156114,-0.00023067376,-0.00077780883,0.0006279883,0.0012333486,-0.00021421097,0.004952433,9.375836e-05,-0.0006138869,0.00067843316
0.00082621217,0.00024391481,0.0007363066,0.0032383436,-0.0035582515,0.0024791765,8.9667374e-05,-0.0007061241,0.001406204,0.0005110489,0.0002944227,-0.0001445756,0.0002604677,4.045588e-05,0.33770108,0.0006222024,0.00048736786,-4.0943723e-05,0.0008784235,-0.00022879844,-0.00013236309,0.0006138588,0.0002641089,0.001751132,0.00025235862,-0.00030877025,0.0036389714,7.80078e-05,-0.0019113765,-0.00076977524,-0.0008350798,4.9844482e-05,0.0014017726,-0.00083984126,-0.00022230922,-0.00023474108,-0.0021454466,0.00013763623,0.00086084387,0.00049582776,-0.0002621695,0.0010573526,0.00021211336,-0.00059732876,-1.596087e-05,0.0036715365,0.00065105245,0.0012411086,-0.0022208437,0.0001630762,0.00062192907,-6.971423e-05,0.002267583,0.000119883625,4.513985e-06,0.0017512186,0.00021778764,-0.0002039866,-0.00032412863,-0.00034783367,0.00010194473,-0.0010335104,0.00025234546,0.00055375346,-0.0041980203,-0.00021595437,0.00054897467,-0.0003900738,0.0002903599,0.00045876502,-9.377433e-05,0.0013493552,0.0003373172,0.0003212717,-0.00012121939,0.0005233833,-0.00024847453,-0.00011585328,-0.0010886815,-0.0001384962,0.00016500635,0.001395999,0.0029707588,-0.00038414876,0.00081954006,-0.0018743795,0.001073238,0.0010006088,7.8619916e-05,8.079289e-05,0.0006592678,0.0001288243,-8.414434e-05,-0.0017249031,0.00035906024,-0.00045533467,-0.00015430564,-0.0018812385,0.0011936402,-0.0016740059,0.0009573475,-0.002705587,0.0007146266,0.00036107554,-0.0030655332,0.0024789253,0.0024259966,4.7007754e-05,-0.0016301954,0.0008850605,0.00012532383,-8.127479e-05,-0.000467474,0.00014141467,7.6363816e-05,1.8435712e-05,-0.00029068947,-6.8856236e-05,0.00013792567,0.0006365638,-0.0020864354,0.00042441871,-2.68491e-05,-0.0006695388,0.0006414136,0.00017241875,0.0005746869,-0.001446543,7.909636e-05,0.00014764153,-0.0001294044,0.0007229475,-0.00032488068,-4.415199e-05,-0.0004247378,0.0003522198,0.000502157,-0.000539603,-0.0027600194,0.00053237664,0.0007050686,-0.00044798572,-5.7910866e-06,0.0045242887,2.84602e-05,0.0006657012,-0.0010475201,-2.8332553e-05,0.0007538124,0.00021246473,-0.0014882599,4.845357e-06,-0.000616642,0.0007160696,0.0017640495,0.00019253287,0.0009972623,-0.0014425917,0.00061556336,-0.0006875561,0.00082979735,0.00030669707,-0.0015949481,0.0007298469,-0.00021467285,0.0012898163,-0.0012203007,0.0013123631,-7.392781e-05,-0.0025607727,0.0008969725,-0.00055620266,0.00025939412,-0.00039358405,0.00030377237,0.001607066,-0.0019786628,-0.00040886583,0.00014272502,0.0007289139,-0.0014531916,0.0007456651,-1.539822e-06,0.002049543,0.0008925198,0.00056824915,0.00015202923,-0.00055436225,0.0005170575,1.8973333e-06,0.00039022355,0.0015450494,-0.000344201,0.0002959479,-3.7631668e-05,3.267905e-05,-0.00013611389,0.00038400802,-0.0031609705,0.0019901013,-0.000654119,-0.001546827,-0.00019340277,0.00020702765,2.6421985e-05,-0.00092040433,0.00055153243,-0.000121523895,0.00016904947,0.00080859323,0.0004035906,-0.0014916441,-0.0001725727,0.00276802,0.00085702614,0.00042600578,-0.0002592708,0.0003126459,-0.0008736158,0.002112466,0.0001599605,-0.00054314133,0.000100419646,-0.00055197364,-0.0011201513,-0.0021019608,0.0003960615,-3.5387624e-05,0.0010995942,4.7048587e-05,-0.0011785058,-0.0022096776,-0.00021143378,0.0002956686,0.0014285919,-8.847441e-05,4.5428184e-05,-0.0006336088,-9.294257e-05,0.0014092943,-9.428638e-05,0.0021743688,-0.00026471764,-0.00011740053,-0.0020332874,0.00069882086,0.00020168809,8.497013e-05,-0.0010043522,6.70969e-05,0.0012548671,-5.9986127e-05,-0.0003315729,0.00066771806,-0.0006220626,-0.0018283334,0.0007935509,0.0020123986,0.00020182114,-0.0001526468,0.00022784492,0.0019272973,0.00046219377,0.0007573829,-0.0011900068,-0.0014672083,0.0005866736,-0.00020008661,0.00036246915,-8.899142e-05,0.00014995922,0.00022867604,-0.00083621166,0.00021174512,-0.00014394305,-0.00022525562,-0.0009837046,0.00035084,0.00068304705,-0.0016375158,-0.0006348332,0.00011767342,-0.00081255805,0.00025559144,-0.00023046203,-4.546691e-05,-0.0021575014,-0.00051128276,0.0009957972,-0.0010499974,-0.0002589441,0.00067181524,0.0019344285,-0.0011237134,-0.00057816465,0.0010370775,-0.002685316,0.001107039,9.4278075e-05,-0.001485778
0.00014860966,-0.0004521819,-0.00040564372,-0.0023776582,9.3441035e-05,-0.0003613742,0.00054967817,2.9186245e-05,-0.00022366959,-0.00016752045,-9.351809e-05,0.00017257828,-9.102165e-05,-2.3204502e-05,0.0004332756,0.34100243,0.00032869275,0.00013574344,0.0002585348,7.958642e-05,8.278961e-05,-0.0003207173,-0.00010645064,-0.00074235565,-0.000102022896,0.0004125714,-0.0004020244,-2.29225e-05,0.0008064697,1.6085032e-05,0.0006235052,-1.6089129e-05,0.0003061123,-0.00018422748,0.00019857295,-0.00023242668,0.00043906245,-0.00016164343,-0.00018379983,-0.00015228834,-1.0243567e-05,0.0002084468,-0.00030993533,0.0006767813,-1.8112594e-05,-0.00027944468,-0.00015893305,-0.00025913338,6.728057e-05,-0.00015651727,-0.00013883134,-1.9977055e-05,-0.00032113612,-0.000114799244,0.0001452967,0.0006537873,4.9815535e-05,1.719268e-05,-5.8278776e-05,-0.00016215468,-7.612532e-05,0.00021247122,-5.8763777e-05,6.6289904e-05,6.3922824e-05,-0.00028096783,-1.8464209e-05,3.0602678e-07,2.7631397e-05,-9.339212e-06,8.375834e-05,-0.00033898326,4.713876e-05,-4.579965e-05,8.512049e-06,-0.0010532527,-0.00015690847,2.0800231e-05,-0.0006201529,-1.5116104e-05,-4.0100524e-05,-1.3483224e-05,-0.00020205138,-0.00020895919,-5.3912252e-05,0.0006298865,-0.00033980134,-0.00043182302,2.953967e-05,5.0343126e-05,-0.00011001705,2.7352868e-05,-7.153878e-05,-0.00044171183,-1.9973057e-05,1.960988e-05,9.771462e-06,0.00038687853,3.259276e-05,-0.00037047634,-0.0002693259,0.0008018537,-0.00020583777,-2.9329647e-05,0.000155825,-0.0006998836,-0.0011143857,-0.00010861953,0.0004321709,-0.00012476055,4.1671007e-07,-4.3871507e-05,3.0810683e-05,-2.4204646e-05,2.957277e-05,1.1911574e-05,6.213332e-05,3.5024754e-05,-6.0417013e-05,-2.8153065e-05,0.00019334712,-7.4924756e-05,-8.976795e-05,-2.2640215e-06,-0.00026716496,-0.00024390721,-0.00015734695,0.00074771186,2.8329525e-05,-0.0001758914,3.3205335e-05,-0.00019581294,0.00016511955,-0.00026442678,0.00014902742,-2.6210142e-05,-3.7575108e-05,0.000670087,0.0014268985,1.1739488e-05,-0.00024328702,0.00022884073,0.00039932632,-0.0019348577,-0.00018912173,-0.00042165414,0.00031463557,1.1927378e-05,-9.679193e-05,2.0479394e-05,0.00052176864,-0.0004712767,0.00026720212,0.00014317535,0.000670068,0.00015864342,-0.00025605102,0.00043465348,-0.00020872054,-0.00014234595,-0.0005538174,-0.00012248135,0.00069838966,2.4234112e-05,-9.3781855e-05,1.5164405e-06,-0.00011500326,-0.000105503714,-0.00013602931,0.00019724204,-0.00042779872,-0.00015591158,2.2061824e-05,0.00026046668,-2.8134476e-05,-0.00024857893,0.00058734044,0.00031651603,0.00018960268,-0.00043636633,0.00031959917,-1.641328e-05,-5.0348253e-06,5.0770206e-05,-2.041218e-05,0.0004756529,-8.496509e-05,-0.00010615634,-8.049232e-05,-8.01622e-05,-0.00030243187,-0.0001343336,6.409705e-05,-5.983301e-05,1.9150086e-06,-3.0221001e-05,-8.3641346e-05,-3.280607e-05,-0.00015568594,-2.6782467e-05,8.423268e-05,2.0239948e-05,-0.0006118974,-0.00027184258,6.964342e-08,-0.00039680733,-0.00013997484,-1.24746575e-05,-3.6047313e-05,-0.001754257,-4.045778e-05,-5.0784573e-05,2.7023709e-05,-0.0015078593,-4.4748078e-05,-8.144073e-05,-0.00013157332,3.8082442e-05,0.0002832875,-0.0004978037,4.6005098e-05,0.00020371888,1.2320594e-05,0.00053541956,4.2011277e-05,0.00039147332,0.00013978411,7.768955e-06,-0.00019662121,5.545011e-05,4.4001004e-05,0.00036830077,-0.00013489199,-7.191135e-05,-5.038941e-05,0.00014704428,9.684327e-05,-0.00053717586,-0.00012548779,-0.00054412853,-6.661793e-05,0.00034320555,-3.1791882e-05,-4.60358e-05,0.00067788165,-4.3936714e-05,-1.1513039e-06,-4.6120258e-05,0.0004804443,-0.0003628229,-0.00034133784,7.1011884e-05,-1.3950617e-05,-0.00014315717,0.00010515216,0.00034252938,-5.358134e-05,-0.00021602435,-0.00019295825,5.6588495e-05,0.0004749935,-7.437089e-05,0.00021115961,-0.0012060825,0.0004814671,0.00046848858,0.00026275453,-6.719567e-05,0.00019926974,8.822054e-05,-0.00045593843,-9.4304676e-05,0.00020243353,-4.115138e-05,-5.6320205e-05,5.6601588e-05,0.00035830121,0.00039237447,4.8506925e-05,0.0011133739,9.819966e-05,-0.00012815486,0.000105737345,5.8699734e-05,3.961312e-05,3.5985966e-05,0.0004452873,0.00054987374,-8.890712e-05,0.000579985,4.033309e-06,-7.661122e-05,-0.00029426618,3.8909006e-05,0.0007404213,-0.00012377642,0.0005529883,-0.00024691084,0.000158166,-0.00016404591
-0.0010622306,0.0017200854,0.00031117784,0.0015590737,0.0018774979,-0.0013219103,-0.0020304888,0.00041380932,-0.0017992435,-6.9326525e-05,-0.00023942116,8.158103e-05,0.00011713644,-0.00054723484,0.00065063906,-4.6748246e-05,0.3398429,-0.00038376183,-0.0005875686,-0.0003505434,-0.00058920507,-0.00047826176,0.0001331582,-0.001955498,0.00032157908,-0.00011318117,-0.00072539813,-0.00017216543,0.0017132876,-0.0018694918,-0.0009793451,-0.00019128782,-0.0001702781,0.00039762195,0.0011732122,-0.00020433693,9.905954e-05,0.00049936573,-9.597943e-07,0.0005374297,9.5183685e-05,-0.0009733755,0.00035422805,-0.00046006148,2.1245602e-05,-0.0025091756,0.0012000619,0.0005919165,0.0018437203,0.0004042311,-0.0006016252,0.00022394092,-0.0011441776,0.00046718007,0.0005769826,-0.0011252508,-0.00049001776,-0.00014907235,0.00018730065,0.0006460073,0.00039811092,0.00029857724,0.0002103508,0.000884188,0.0027502098,0.00058448955,-1.5069353e-05,0.00045065195,-0.00030111644,-2.4891588e-05,-0.000505188,0.00013995805,-0.00096476683,0.00023602405,0.0006078764,0.0012242016,-0.00071909477,6.2013656e-05,0.0020017999,-0.00052516436,0.00019530562,-0.00080418296,-0.0010679128,0.0010657982,-5.2792715e-05,-0.0006383021,0.0003301832,0.0004911785,0.00025427694,-0.00043769536,-0.0004833761,-0.00023817093,0.0006660907,0.0011654779,-0.0002475412,0.00045819924,-0.0005156507,0.00096237916,-0.00012181678,-0.00097367144,0.00069699174,0.0005225508,1.5181821e-05,-0.00010880174,-0.0003192988,-0.00026778964,0.0016035785,0.00042726516,0.00076047645,0.0006236931,-0.00024758288,0.00018474816,0.00025185026,3.12423e-05,6.380185e-05,9.48027e-05,0.0010259523,-0.0002467079,-0.00032557617,-0.00043239762,0.00035176965,0.0003276877,0.0003693054,0.00037392016,-0.0005230052,0.000931512,-0.00034068647,-0.001217199,0.0002797429,-4.1341205e-05,-0.0001998988,-0.00043420182,-8.440074e-05,-0.0003654733,0.0003457841,-2.1646878e-05,-0.0007488877,0.0008664038,0.0016345477,-7.7728335e-05,-0.00020492791,-0.00045598735,-0.0014563163,0.0029790087,0.0004185283,0.0013770179,7.0215494e-05,0.00012647895,-2.2315386e-05,-0.00033834885,-0.0013217157,0.0002188787,-0.0001960869,0.00016367462,0.00087070867,-0.00087307516,0.0003255232,-0.0022706762,0.0009902049,-0.0002120541,-0.00043445633,0.00022557373,-0.00041184248,-0.0017794385,0.00043485936,4.4515353e-05,8.1403225e-05,0.00014715763,0.0004910413,-0.00056049705,0.0018718881,0.0006271762,0.00022268936,-0.00036768214,0.00021664097,-0.0004870957,0.00035062406,-0.00072639954,-0.0005308074,-7.32681e-05,-0.00027192204,-0.00036510744,-0.000110802794,-0.0014174285,-0.00026384596,-0.0010976839,0.00034722104,0.00057452975,0.0002128937,-2.5838386e-05,0.0014326273,-0.00042938217,-0.00026841913,0.00060336466,0.00028459087,0.0002561457,0.0010718348,-0.0005945231,0.00033179935,-0.0023537467,0.00086538185,0.0007065271,0.0012829854,0.0007811407,0.000110345565,0.0006681686,0.000114822746,0.00053104135,0.00020680901,0.0032874157,0.00071536656,0.0017345115,0.0006170416,0.0011924265,-0.00024231905,0.0009299052,0.00039316024,3.2040436e-05,-0.00014646331,-0.0013319238,-0.00036009037,0.0018272527,-0.00010409357,-0.0010517442,-0.00010709853,0.0008279051,-0.000118279066,-0.00014142037,-0.00043911676,-2.192789e-05,-0.001387433,0.0018988517,0.00013729469,-0.00045223706,-6.1084385e-05,-0.00036956748,-6.0115057e-05,0.00014420977,0.0002482622,0.0014350839,0.0002970007,-0.0019339904,-0.0006429255,-0.00017807136,4.622907e-05,-0.0016539803,9.388304e-05,0.00025686953,-0.00037325604,0.0005304407,-0.0020325612,-8.4973326e-05,0.0002481789,0.00039352325,-0.0005512833,0.00045102296,3.5480378e-05,-0.0003546166,-0.00031722095,-3.3570974e-05,-0.00021890271,0.0001589445,6.328588e-06,0.0017033898,-0.0009801823,-0.00033113259,0.0001982167,-6.0233397e-05,-0.0009413832,-0.00037063833,9.237162e-05,5.2107032e-05,-0.001045473,-8.60383e-05,0.00017013731,-0.00019938817,6.350155e-05,0.00010619232,-0.0004104367,-0.00238301,-0.00028626007,-0.00048606365,-0.00050506205,5.5262673e-05,-0.00033913174,-0.00029871977,0.0014057051,-0.00073458615,0.0014994912,2.067932e-05,0.0002624067,-0.00022709576,-0.0010174955,0.0006121367,-7.125469e-05,-0.00019547758,0.0033961493,0.00026205982,-0.0006312274,0.0018651056
-0.00061880745,-7.851084e-05,0.0005845146,0.0006364117,0.0014672329,0.000253498,-0.000892154,7.770594e-05,-0.0006347088,-8.365823e-05,-0.00012857371,-1.4110927e-05,-3.7368118e-05,-0.00034466328,-0.00034982493,8.176743e-05,-0.000457178,0.3413078,-0.00060385134,-0.00029748524,-0.00045324766,-0.00020711838,5.7203433e-05,-0.00057119015,0.000216702,-0.0001399875,0.0012242887,-0.00015552677,0.00012936037,-0.0012205372,0.00013850628,-0.00011639714,-0.0001831479,0.00033322006,0.00039227758,0.00026146648,-5.8558166e-05,0.00026510734,-2.7450144e-05,0.0003308239,8.5519394e-05,-1.3752755e-05,5.0566076e-05,-0.00053943286,2.7558233e-05,-0.00040816117,0.0012878579,0.0005712297,0.00050112687,0.00021243317,-1.1309721e-05,4.884627e-05,-0.0003105853,0.00051350053,0.00043919505,6.415233e-05,-0.00014395431,-0.00013465303,0.00013122252,0.00045015864,0.00026580418,-9.7595286e-05,0.00016161111,-3.626789e-05,0.00016646319,0.00018159382,-2.1531025e-05,0.0001709206,-0.00011401428,-0.00072087045,-0.00020270131,0.00028149824,0.00031053412,0.00019561585,0.00040855855,0.00054802466,-0.0002977415,-4.1494935e-05,0.00054027146,-0.00026466628,-1.2304325e-05,-0.00054395944,-0.00020178795,0.0006016168,9.268392e-05,-0.0023974613,-1.9998626e-05,-0.00019643296,1.5510905e-05,-0.00024692065,-0.00027570297,-0.0001253422,0.00040459534,0.0004997331,-0.00012809724,0.00021747303,-0.00031091002,0.000592836,9.185096e-06,-0.00028943366,0.0004757784,-0.00027240367,0.00027146368,-0.00064296246,-0.00085321715,0.00034000684,0.002022794,0.00035477398,-0.00058748893,0.000553539,-0.00017958198,5.8489903e-05,0.00016790062,5.863907e-06,-1.4711051e-05,5.8206333e-05,0.00071244256,-0.00015191411,-0.00014850644,-0.00022150538,4.8163594e-05,0.00011931132,0.00022702008,2.7038743e-05,-0.000103040315,0.0002855316,-0.00018921544,-0.0014424374,9.557637e-05,2.340533e-05,-0.000103185776,-0.0002464936,-0.00018389973,-0.00013729378,0.00018581875,4.3343316e-05,-0.0003261317,0.00021101009,0.0006439949,2.2235108e-05,-0.00013408622,-0.0004640552,-0.00035348066,0.0012423993,0.0002950818,0.0008254065,-0.0006620187,6.7716835e-05,0.00012625121,-0.00019131393,-0.0012019196,0.0003404917,-0.00025602884,0.0005468567,-0.000620552,-0.0002816178,0.0015515969,-0.0017938659,0.0007463904,-0.00021302128,0.00040914014,0.00022919377,-0.00043838724,0.0006714833,0.00020425796,-0.00014324773,-2.5613708e-05,0.00039570476,0.00016841148,0.00040730182,0.0019123552,0.00040241866,8.8162626e-05,-0.00052860734,0.00019995245,-0.00020125617,0.0001289777,-9.896105e-05,-0.00014581137,3.5456032e-05,-0.00031453633,-9.504984e-05,-5.5197896e-05,-0.00042467468,-0.00021839666,-0.0009790875,0.00016528774,0.00027025703,0.00026230453,4.202096e-05,0.00039375035,-0.00029390585,-0.00019840566,0.00042893135,0.00015539376,0.00017271249,0.0004959201,-0.00032307452,0.00013986036,-0.0005556986,0.00054949074,-9.595936e-05,0.0009882037,0.00012773657,6.415788e-05,1.1972239e-05,0.00011293472,0.000309235,-0.00018018088,0.0020714093,0.0011347367,0.00013443026,0.00042500085,0.0010188898,0.00073859043,0.00064677006,0.00026995802,-0.00018327644,-0.00019448443,0.0006200432,-0.00023998976,0.0011583536,-4.2677424e-05,-0.0010699762,3.5438003e-05,0.0005489283,-6.820277e-05,-4.5903753e-06,-0.00020768406,-1.6575668e-05,-0.0009135166,0.00057503744,0.0002138118,3.4575085e-05,2.8180344e-05,-0.00035907986,0.00045609573,-0.0006518836,0.00024125443,0.0010313832,5.235748e-05,-0.00092235906,-0.0008821792,7.992063e-05,-0.0004051115,-0.0011493139,0.00010907486,0.00013617171,-8.798982e-05,0.00063396286,-0.0006341352,-0.0002029201,0.00011764602,0.00026591428,-0.00042212702,-0.00050701055,-5.47428e-05,8.937355e-05,-0.0004916051,-3.940968e-05,-0.0004195667,0.00096175855,-0.00015062223,0.0011462402,-0.000927054,-0.00012497716,0.0005300858,3.198765e-05,-0.0006723551,-0.00022168065,-0.00017381147,-0.00010583426,-0.00069863535,8.0733385e-05,0.000106989624,-8.29675e-05,-0.00016120146,-9.186792e-06,-9.893671e-05,-0.001337272,-0.00035593493,-0.00023189493,-0.00021308713,-0.00039053836,-0.00017729632,-0.0002550627,-0.0018697835,4.3982618e-05,0.00086163665,-0.00033619834,0.00015535553,-0.000105256666,-0.00032418166,0.0005104174,0.00053337874,-0.00012684213,0.0023026671,-7.932412e-05,-0.00028900552,1.7186278e-05
-0.0011589361,-0.0014095725,1.8345538e-05,-0.0022158995,0.00459552,-0.0008455474,-0.00031266865,0.00052586064,-0.0008810993,-0.00033325327,-0.00029581212,-8.83004e-05,-0.0002480396,-0.00027817886,0.0010979769,-0.0003382754,-0.00035301657,-0.0005885086,0.3387042,6.1629704e-05,-0.00023666293,-0.0002538555,-0.00019734692,-0.0006594765,-6.3340135e-06,-0.00020972251,-0.0009056054,-0.00017056461,0.0003396446,0.00029992202,0.0014821335,-0.00019082695,-0.002098776,0.0013505556,-0.00040104994,0.001079775,0.0018461822,2.1270032e-05,-0.00077445543,-0.00034060614,0.00038977672,-0.0003067716,-0.00026726804,6.19772e-05,0.00015362716,-0.0027808978,0.00079863134,-0.00071017334,0.0013794756,-3.940401e-05,-8.390652e-05,0.00013474778,-0.0019682182,0.0005017457,0.000187704,-0.0013703291,-0.00012026766,8.605514e-05,0.00022160112,0.0006657022,9.6286094e-05,0.0004997923,-6.265379e-05,-0.0014066286,0.0028627517,0.00055287615,-0.0007142777,0.00040471152,-0.00032366204,-0.0016835408,2.6234156e-05,-0.0007466582,0.0011977421,-0.00020829274,0.00028030068,6.703781e-05,0.00046293504,1.7411086e-05,0.0010031449,0.00021962858,-9.980648e-05,-0.0017708632,-0.002100905,0.0007386471,-0.0006910397,-0.0019168926,-0.0012001821,-0.0013963748,-4.1893604e-06,-0.0002192461,-0.00076970964,-0.00020195897,0.0003095015,0.001591016,-0.00032185455,0.00052793074,0.000118973796,0.001915973,-0.0011493049,0.002495544,-0.00055556145,0.0013401663,-8.938837e-05,-0.0012355885,0.0023905216,-0.0012008738,0.0003929103,0.00048075698,-0.00036426337,-0.00024323745,-0.00019007167,0.0001523067,0.00057135255,-0.00014854292,-7.378101e-05,-3.882149e-05,0.00067547354,-5.3586253e-05,-0.0002603149,-0.0007902274,0.0019438495,-0.00039499305,0.00019812306,0.0002830083,-0.00026950415,-0.0002106344,-0.000535665,-0.0006587225,-0.00014138641,9.223071e-05,3.617002e-05,-0.00079212507,-5.9462218e-05,0.00032289064,0.00041341136,-0.00029556817,-0.0004549495,-0.0003356637,0.0015799805,-0.0005687956,-0.00087330997,-0.00015981773,0.00040802316,-0.0015485105,0.00016612303,-0.0002350931,-0.0009044617,5.0151204e-05,-0.00048096306,-0.00030375764,6.875195e-05,0.0007511227,8.5337095e-05,-4.559104e-06,-0.004094341,-0.00012129042,0.0012739167,-5.4757154e-05,6.496226e-05,0.0005488975,0.00070774957,8.553535e-05,0.0007535918,0.0022654622,0.00022710182,-0.0014963665,0.001264385,-0.00075189496,1.8434703e-05,0.003288207,0.0010894951,0.00088935293,-0.00017203797,-0.0005272243,-0.000115664494,-0.0015660763,0.001473644,0.00064692216,-0.00016140183,-0.0003532462,0.00084544445,-0.0006488458,3.854799e-06,-0.0016569153,-0.0010838157,-0.0016272212,-0.00012148642,0.00064391235,-0.0002473748,5.1829484e-05,-0.00069916993,-0.0017196283,0.00021690672,5.370754e-05,0.00014547726,8.438993e-05,0.00027973883,-0.00048396815,0.0034175937,-0.0012337271,0.00080203573,0.0008338201,0.0015380372,-0.00048614375,0.00010340939,0.0007294519,-0.00039311528,0.0002143549,-0.0005304162,0.00092964113,0.0010072141,0.0003351575,0.00039417713,-0.0014021728,1.7840937e-05,4.31615e-05,0.0006261809,-0.0006410609,0.00054474233,0.00042136753,-0.00034733588,0.00079607347,-0.00011872161,-0.00084589416,0.0012673375,0.002276079,-0.0005038684,-8.1993225e-05,-0.0010832702,-5.5028053e-05,0.0008523267,0.0014686066,0.000518071,9.962172e-05,-0.0013541183,-0.00029883793,0.0006888628,-0.0004696924,0.0002813306,-0.0006673268,8.0079306e-05,-0.00282273,-0.00073803484,0.0004642741,0.00105074,-0.0014317177,-7.991254e-05,4.554391e-05,0.00085462874,0.00087286235,-0.0007928683,-0.00030177605,0.00036226894,-0.00038321698,0.00028580063,0.00044610447,-0.00092386245,-0.0015496111,-0.0006705361,0.00013333833,-0.0011485019,-0.0004370986,-0.00091355894,0.0008011777,9.75018e-05,0.001262091,-2.8398777e-05,0.00031049235,-0.00089909777,-4.1272757e-05,-0.00020339503,-0.0003132046,0.0001830829,-0.0001448742,0.00019139952,0.00018423969,0.0005181432,-0.0008036388,-0.00055524113,0.00046168212,0.00010570297,-2.572731e-05,0.00077149435,-0.0009603239,0.00015756355,-0.00020731804,-0.002443179,0.00073280465,-0.00071940053,1.3173791e-05,0.00040861644,-0.0006011599,-0.0014376009,0.0015398145,0.00096411153,-0.0010307785,0.003919193,-0.0011571427,-0.0001442771,0.00025688516
-0.0003311719,-0.0006206076,-5.4158063e-05,-0.0018462496,0.0013585644,-0.00018093627,6.8440706e-05,0.00016005823,-0.0006757135,-0.00022222463,-0.00014494394,4.7162168e-05,-0.00018366217,-0.00017568067,0.00038295062,-0.00018650018,8.705299e-06,-0.00027134287,-0.000391135,0.3421735,-0.00014566527,-0.00036740923,-0.00019899859,-0.00058326474,-3.599699e-05,0.0001910147,8.303514e-05,-0.00014019893,0.0006561802,-0.00041875217,0.00082480675,-0.00013401112,-0.00025817106,0.0002786651,0.00025325612,0.00010384334,0.0006007303,1.2185915e-05,-0.00017251598,4.3916785e-05,0.00019759842,0.00015608704,-0.00021713664,0.00014237559,6.839771e-05,-0.00048884883,0.00058043643,-6.840449e-05,0.0006787236,-2.904811e-05,-0.00016717637,-2.5313964e-05,-0.000837134,0.0001818587,0.00029780774,0.00044619915,-3.5952737e-05,-4.632286e-06,-7.8919265e-06,0.0001778004,0.00015781682,0.00026298664,-8.4418476e-05,-0.00036022504,0.00031692802,0.00018578529,-0.00023980372,0.00016990241,-6.0382634e-05,-0.00064149033,-1.5925061e-05,-0.00027077532,0.00045342243,-9.289788e-07,0.0002453744,-0.0005585837,-0.00017552119,-1.9520363e-05,-0.0001812253,-3.3997705e-05,1.2209449e-05,-0.00064418715,-0.00056564895,0.00024078052,-0.00020759887,-0.0006747145,-0.000519647,-0.0007001138,7.5227406e-05,-8.728902e-05,-0.00041073275,-8.8675624e-05,0.00017318355,0.00014241159,-0.00010063211,0.00012650675,-0.00012860572,0.00081190106,-0.000153799,-0.00015663332,-9.199651e-05,0.0007578588,-5.3821914e-05,-0.00058216107,0.00018797987,-0.00066713576,0.00018516669,5.0440864e-05,2.460065e-05,5.198749e-05,-0.00011102061,1.9267703e-05,0.00028399346,-6.1292194e-05,5.2663723e-05,5.1101757e-05,0.00053342606,-3.8779064e-05,-9.355966e-05,-0.00034101214,0.00061535847,-4.3956363e-05,0.000102023405,6.95536e-05,-0.00028065767,-0.00011559498,-0.00032265548,-0.00018299649,-4.9267106e-07,-4.949546e-05,-6.269035e-05,-0.00035444507,2.8812328e-05,-0.00020553549,0.00026794747,-0.00014067846,-0.00025973425,0.00061008084,0.0014045084,-8.448993e-05,-0.0005179943,-6.0895843e-05,0.00038171178,-0.0026600282,8.988472e-05,1.3783279e-06,-0.00027478568,-3.0256439e-05,-0.00014312845,-0.00014079484,-0.0001226646,-4.994551e-05,0.00015861494,0.00037247638,-0.0005330055,-4.1855703e-05,0.00074571645,-0.000497766,0.00015344706,-0.00019817583,-0.00011445153,-1.0326455e-05,0.0005496292,0.00066707126,-6.180116e-05,-0.00043285306,0.00017274191,-8.823475e-05,-0.00010425715,0.0007571339,0.00076813233,0.00018888351,4.007736e-05,-0.0001358383,1.6363105e-05,-0.00061707455,0.00077391864,0.0003513303,2.4395707e-05,-0.0003968669,0.00031713987,-0.00020157013,-1.604929e-05,-0.0004606445,-0.00035312478,-0.00031542056,-1.24640865e-05,0.00024083599,3.0081665e-05,3.2608398e-08,-0.0002786616,-0.00050178997,-1.6246413e-05,0.0001263123,2.3970642e-06,5.028054e-05,0.00023715722,-0.00023948343,0.00050519075,-0.00043603618,0.0005255962,0.0001379182,0.00017599043,-0.00028088456,8.4543964e-05,-0.00017837845,-0.00021757979,0.00017507705,-0.00025139976,-0.0003000497,0.0007186548,4.0396175e-05,0.00017124029,-0.0013881257,0.00037444543,0.00023694594,0.00017614805,-0.00012193632,0.00020075792,5.9196107e-05,-0.00014403694,0.00079063355,4.446105e-05,-0.00019871867,0.00030300106,0.0010097058,5.222131e-06,-1.7965775e-05,-0.00048480445,1.918798e-05,-0.00017302053,0.00085423706,2.763784e-05,-1.7898688e-05,-0.00029298864,-4.4064316e-05,0.0004329707,-0.00084553123,0.00016260629,-0.00020711252,3.6614714e-05,-0.0007630443,-0.00046071148,8.340665e-05,0.00053130294,-0.00067371136,2.0010342e-05,3.722681e-06,0.0005128772,0.0001262023,-0.0007581476,-0.00015772352,0.00017920317,-7.720816e-05,-3.281771e-05,5.22732e-05,-0.0002789871,-0.00040366122,-0.00050148007,5.7297155e-05,6.2351555e-06,0.0003979906,-0.000116092735,-0.0003929462,3.1574677e-05,0.0005609125,0.0004620927,6.175369e-05,-0.0003216642,-2.9458697e-06,-0.00049193,-8.299e-05,-0.00015132465,-2.3515404e-05,6.759385e-05,5.361248e-05,0.0002816205,0.00016481227,1.8440482e-05,0.00038510686,-5.4796947e-05,-0.00022859106,0.00016337649,-0.0003400098,1.9631088e-05,-8.90306e-05,-0.00085219997,0.00057318923,0.00013625939,0.0002993523,0.00017464223,-0.0002683841,-0.0006537206,0.0005524179,0.0010830942,-0.00033345458,0.0021592244,-0.0005503679,-7.9375954e-05,-0.0001989782
-0.0016019177,0.00020002417,0.00022633557,-0.00075368444,0.0039349785,-0.001120965,-0.0017203315,0.0005830359,-0.0024737688,-0.00050223165,-0.00043100843,8.241634e-05,-0.00023987699,-0.00081768824,0.0009769868,-0.00030462517,-0.0013351205,-0.0008734509,-0.0012755463,-0.00037507553,0.34052578,-0.00092289934,-1.2777082e-05,-0.002729325,0.00031133753,0.00013939738,0.00014624918,-0.00040684122,0.001968135,-0.0023039528,0.00052668137,-0.00040982658,-0.00092498586,0.0009544129,0.001294811,0.00029972446,0.0011445591,0.0004927452,-0.00039817873,0.000465958,0.00034697907,-0.00058275927,-6.723595e-05,-0.0005005294,0.00013004967,-0.0028077571,0.0022611609,0.00046499303,0.0023600068,0.00040263525,-0.00066468015,0.00017772075,-0.0020746912,0.0008937526,0.0009889731,-0.0005889844,-0.0003480225,-0.00014138606,0.00024632012,0.0009980805,0.0006013054,0.00053930155,0.00013500504,-3.178995e-06,0.0029376473,0.0006374473,-0.0003398771,0.0006442035,-0.00035962637,-0.0013093286,-0.00040204136,-0.00023262185,0.00011876716,0.00017522034,0.0009514424,0.0005194036,-0.00077611016,-3.3194228e-06,0.0016957279,-0.0005575362,0.00021232285,-0.0018017562,-0.001915306,0.0014302542,-0.00027424283,-0.0027130754,-0.00055620243,-0.0007452474,0.00014110138,-0.00050164794,-0.0010865363,-0.00032347062,0.00084890454,0.0015576115,-0.00034949725,0.00057770335,-0.00056161947,0.0021140967,-0.00042900865,-0.00021143322,0.0004891401,0.0013550302,-3.6143422e-06,-0.0011436505,1.920511e-05,-0.0009815118,0.0021121579,0.00058693235,0.00034945455,0.00075016014,-0.000359364,0.0002074015,0.00068883464,-6.993602e-05,-5.2442712e-05,1.04810815e-05,0.0016841968,-0.00029409782,-0.0004725337,-0.00088635046,0.0012407377,0.0001352554,0.0006068554,0.0003318164,-0.00082067505,0.0006429464,-0.0008022637,-0.0018453622,0.00020238406,-0.00011638968,-0.00018065715,-0.000937309,-0.000121362515,-0.0004977004,0.00074619433,-0.0001617805,-0.0009765436,0.0013058423,0.0030686734,-0.0003228638,-0.00077259407,-0.00063723244,-0.0008470808,0.0011571378,0.00056530966,0.001370223,-0.000644358,0.00012056217,-0.00019865009,-0.0004948327,-0.0015064088,0.00030745252,-3.2458865e-05,0.00078522786,-0.0006795017,-0.00068261905,0.0018340398,-0.0028822687,0.0012406586,-0.00033188358,-0.00013316421,0.0002504935,0.00011836886,-1.1414197e-05,0.00043910206,-0.0006602812,0.0003937966,7.075941e-05,0.0004093349,0.0012690505,0.0031730882,0.0009924099,0.00014913216,-0.0007132176,0.00027538493,-0.0013851939,0.001412285,-8.498837e-05,-0.000399926,-0.0005628126,0.00011882833,-0.0005637719,-0.00014961892,-0.0020334357,-0.00093835645,-0.001826249,0.00022470189,0.0010355489,0.00014880524,-9.176834e-06,0.0008204548,-0.0012951615,-0.0002556691,0.00077281496,0.0003668865,0.0002698712,0.0012365822,-0.00091630145,0.0009960376,-0.0024736228,0.0015425081,0.0007382159,0.0017475709,0.00024042034,7.1587325e-05,0.0004072054,-0.00015542415,0.000783585,-0.00023782701,0.0031437837,0.0018486759,0.0014170974,0.00084783515,-6.978774e-05,0.0003021708,0.0011474045,0.00068813626,-0.00021002295,3.3453438e-05,-0.00043469074,-0.0005637014,0.0027549504,-1.29530035e-05,-0.0015027395,0.00048071574,0.0022647611,-0.00017059331,-0.00014661878,-0.001172448,3.9471503e-05,-0.0015789898,0.0027736838,0.00026522952,-0.00028567546,-0.00058540463,-0.00061882875,0.00080446847,-0.0011622068,0.00048093346,0.0012222857,0.00027503708,-0.003128385,-0.0015457529,9.5635376e-05,0.0006001156,-0.00263942,0.00013620856,0.00024003061,0.00042416612,0.0009519778,-0.0024648774,-0.00038558344,0.0004935612,0.00020675035,-0.0005686791,0.00022109403,-0.00049100525,-0.00069538545,-0.0009674888,-2.7286924e-05,-0.0005185082,0.00083860353,-0.00032147046,0.0013213034,-0.0010910206,0.0005326841,0.00087000953,7.09608e-05,-0.0015047662,-0.00029472986,-0.00058899564,-0.00024752915,-0.0011538108,-3.1874653e-05,0.00022489409,-8.473159e-05,0.00047346982,0.00014987614,-0.00044880112,-0.0017280303,-0.0003895033,-0.0006759593,-0.00014109605,-0.00057946,-0.00024054117,-0.0004761957,-0.0010211939,0.0001603451,0.0014808013,0.00018504365,0.0005237528,-0.0005745933,-0.0018027109,0.0015018121,0.0014624605,-0.00076952844,0.006149383,-0.00061576103,-0.00061873806,0.0011836247
-0.0006109744,0.000524403,0.00016824313,-0.0005167008,0.0015374043,-0.00091785815,-0.0009386334,0.00028926472,-0.0012560777,-0.0002599777,-0.00017531136,0.00015442754,-7.466259e-06,-0.00028358758,0.00073191733,-0.00018081612,-0.0006312217,-0.00018051467,-0.00027306436,-0.00013859409,-0.0003343211,0.34104088,-6.307685e-05,-0.0017767512,0.00020448474,0.00027261197,-0.0005323869,-0.00019685838,0.0014176766,-0.0013071107,5.1717998e-05,-0.00014124799,-0.00012149934,0.00022833716,0.00085627433,-0.00018538245,0.0004533858,0.00015907975,-0.00016188851,0.0002191039,0.00012101513,-0.00043351896,-1.4527426e-05,-0.00026102978,-4.387485e-05,-0.0011341058,0.00076149695,0.00020581514,0.0014905438,7.6581375e-05,-0.00044097568,7.3283925e-05,-0.00086508924,0.00027807557,0.00047490632,-0.0001630375,-0.00016773494,-2.9042507e-05,3.926598e-06,0.0003332927,0.0003145032,0.00034205912,1.4057584e-05,0.00032304024,0.0013587788,-4.5896486e-05,-3.5727237e-05,0.0002448639,-0.00012303224,-0.000238771,-0.000165507,-0.00023186722,-0.0004315509,0.00012992916,0.00040901016,0.00010217217,-0.0004969366,9.405564e-06,0.00054829736,-0.00028019733,8.099003e-05,-0.0006359131,-0.0010907927,0.0005430345,-6.91163e-05,-0.0006916667,-0.00015023211,-0.00018038579,6.577562e-05,-0.00019762403,-0.00042587472,-0.00013388466,0.00034292418,0.0006332137,-0.00023639762,0.00022253976,-0.00029610927,0.0009820759,-9.869584e-05,-0.0004915226,0.0002028749,0.0008758508,-0.00013230447,-0.0002955344,-0.00029488388,-0.00066260266,0.00036986466,0.00018707193,0.0005811664,0.00022092972,-0.00019920681,4.849083e-05,0.00019482846,-6.244173e-06,-4.863938e-05,-4.5182996e-06,0.00070692966,-9.286526e-05,-0.00014736372,-0.0003164759,0.00042501098,9.457552e-05,0.00014917212,0.00032115733,-0.0004593872,0.00026622636,-0.0003864433,-0.0004580608,0.00010305996,-0.00020931897,-3.407997e-05,-0.0003884018,2.5218367e-05,-0.00037257106,0.00029744784,-6.895913e-05,-0.00043932052,0.00089490466,0.0017327113,-4.905728e-05,-0.00027360572,-0.00021694112,-0.0005494524,-0.0011533201,0.00026095743,0.00064786174,0.00039445065,6.899841e-05,-0.000111914145,-0.00018959517,-0.00051932945,-0.00010175873,0.00010703078,0.00027905856,0.00040078443,-0.0003088117,0.00045320002,-0.0013218003,0.00048677946,-0.00025525579,-0.00051354646,4.650576e-05,0.00024953697,-0.0008291048,0.00020922287,-0.00018627488,6.390498e-05,1.989568e-05,0.00023530089,0.00038718106,0.0013150487,0.00035820893,6.855363e-05,-8.674619e-05,6.524028e-05,-0.00054060965,0.0007772599,-0.00011366082,-0.00015862558,-0.00032886994,0.00012541977,-0.00024043076,-2.8162221e-05,-0.000917634,-0.00031977074,-0.0005511165,0.00012430019,0.00029716708,6.9335736e-05,5.4130283e-05,0.0005079314,-0.00043976607,-0.00013039172,0.0002746127,0.00019603044,0.00013022362,0.0005536727,-0.00037755078,2.173584e-05,-0.0012493094,0.000666031,0.00041453415,0.0003961654,0.00019251273,8.3293446e-05,0.00011104748,-7.4549636e-05,0.0003596678,0.0001090396,0.0011410387,0.0006618395,0.0008563043,0.000308262,3.86032e-05,0.00031149248,0.0004576969,0.00022629322,1.6673512e-05,0.00016697757,-0.000825173,-0.00015323183,0.0014782491,-1.7953045e-05,-0.00034797037,6.108443e-05,0.0009814319,-4.784316e-05,-5.935693e-05,-0.00047276184,-2.2850021e-05,-0.00090871344,0.0014542333,6.5927097e-06,-0.00024180973,-0.00019786652,-0.00019416542,0.00022607132,-0.00030044588,0.00017944972,0.0007514117,0.00012602795,-0.0009987633,-0.0005692857,-9.649445e-05,0.00044722942,-0.0011374108,9.019489e-06,4.767693e-05,0.00020534615,0.00017418507,-0.0012611811,-0.00015449479,0.00017029875,5.1991756e-05,-0.00019111535,0.0003724213,-0.00012685204,-0.00026514422,-0.00042060367,-8.665883e-06,-7.471125e-06,0.00022479828,4.7102185e-06,0.00019258336,-0.00033739212,0.0001644447,0.00038797257,-1.627483e-05,-0.00051987043,-7.300013e-05,-0.00031459797,-7.4067924e-05,-0.00051014166,4.4378434e-05,7.575366e-05,-3.154016e-05,0.00025886873,0.0002995275,-0.00021192082,-0.00072376366,-4.5039706e-05,-0.00034056947,-0.00013954243,-2.5144695e-05,-9.4604e-05,-0.0001533155,0.00074686896,0.00010430319,0.0008408006,0.0003640134,0.00011569602,-0.00027191034,-0.000954175,0.0005248383,0.0007859677,-0.00028747722,0.0025321415,-0.00021670602,-0.00030118087,0.0007836011
-0.00018828262,-0.000662532,-0.00018175015,-0.0015547676,0.0010672268,-0.00045950073,0.00033532255,0.00017150285,-0.00029131677,-0.00012777593,-1.9649779e-06,2.9429161e-06,-0.00014173087,2.258625e-05,0.0005753597,-0.000231049,0.00012482837,-4.7316847e-05,-0.0002554512,-0.00012660446,-8.9681425e-06,-0.00021373705,0.3419612,-0.00042760052,-4.9066904e-05,0.00018240509,-0.00022498851,-7.655111e-05,0.0004174305,0.00020664155,0.0007069673,-7.8558165e-05,-0.00040267946,0.0002225551,-9.3982935e-06,0.000111612615,0.00074299047,-7.795243e-05,-0.000345816,-0.00020294468,9.921478e-05,3.678197e-05,-0.00023366073,0.0002574194,7.434425e-05,-0.00077291677,-2.1666772e-05,-0.00034902964,0.00043960227,-0.00020313935,-0.000115696486,-1.4526899e-05,-0.00067176257,8.591943e-05,8.48803e-05,-4.800911e-05,-5.8083042e-05,7.014901e-05,0.00011630504,7.921739e-05,-4.0396848e-05,0.00028801596,-9.4934214e-05,-0.0003488208,0.00070277153,-7.921205e-05,-0.00026136157,0.00014850745,-6.1517596e-05,-0.00038342897,6.601787e-05,-0.00039036275,0.00035751107,-6.953355e-05,7.564186e-05,-0.00054419227,5.4629323e-05,5.7685975e-05,-9.471002e-05,2.2913606e-05,-2.532015e-05,-0.0005018481,-0.00060947903,7.4181255e-05,-0.00034631474,3.360453e-05,-0.00050724496,-0.0006074395,5.0621966e-05,1.9814652e-06,-0.00025526623,-6.9575326e-06,2.286517e-05,9.101223e-05,-6.123242e-05,0.0001494789,0.00010305729,0.0006031344,-0.00027137686,0.0007266823,-0.0003347731,0.00070117635,-0.0001980564,-0.00039566756,0.000755549,-0.0007270753,-0.00049437647,-1.3475528e-05,0.00031319758,-0.00020354184,-2.466812e-05,5.639039e-05,0.0002117855,-4.4688815e-05,-4.5970453e-05,-0.00014186752,0.00018453492,1.8502655e-05,-3.0573778e-05,-0.0002357854,0.00059666403,-0.00011268557,4.0683848e-05,0.000114013164,-0.00021879179,-0.00020192207,-0.00023481832,0.00029530685,-6.903978e-05,-4.3282493e-05,3.0884814e-05,-0.00027611232,8.730794e-05,-4.035887e-05,0.00020958619,-0.00017654632,-0.00015122298,0.0002782252,0.0010588064,-0.00023421309,-0.00039192612,0.00014543164,0.00033654796,-0.0002652022,-3.1272775e-05,-0.00031540054,-0.0002435184,4.337421e-05,-0.000156803,-6.0749284e-05,0.00034739144,-7.460381e-05,0.00014518756,6.565093e-05,-0.0005187169,-2.1431662e-05,1.51770755e-05,0.0003762599,-0.00013008957,7.678721e-05,-8.00941e-05,-7.66619e-05,0.0005964926,0.00048572748,-5.2401185e-05,-0.00050659897,0.00025605533,-0.00028222412,-6.0905302e-05,0.0008485687,-0.00024850064,0.00012712266,-5.8105572e-05,4.1024716e-05,-5.141377e-05,-0.0006853792,0.0006076978,0.0003521666,6.3283245e-05,-0.00034654076,0.0004404123,-0.00019536221,-2.319628e-05,-0.0004467745,-0.00032064324,-6.329411e-05,-7.9115176e-05,4.982435e-05,-0.00021675882,-9.927358e-06,-0.00032417677,-0.00047140097,7.595174e-05,-3.9394872e-05,1.0082704e-05,-2.1258633e-05,6.561117e-05,-0.00011935311,0.00072420924,-0.00029496485,0.00021993887,0.00021648899,5.29037e-05,-0.00031540194,3.3739434e-05,-1.4960457e-05,-0.00023704916,6.6108616e-05,-9.9203506e-05,-0.0005540038,0.00016253057,4.697257e-05,8.6042994e-05,-0.0012161115,-0.00022291335,-0.00014920601,2.7681801e-05,-0.00012591181,0.00017683549,-7.313463e-05,-7.3329145e-05,0.00014586162,3.9331653e-06,0.00012624795,0.00040468312,0.00077657204,-5.071963e-05,2.6528583e-06,-0.00041002163,3.8772454e-05,0.00023314226,0.000536563,3.3806446e-05,6.370563e-05,-0.00041095866,-3.647303e-05,0.00020751695,-0.00035917392,5.9424663e-05,-0.00057315145,5.5514116e-05,-0.0004667589,-0.00015430614,7.662658e-05,0.00066630985,-0.00030041262,-1.6469314e-05,-3.0589465e-05,0.0004790341,-2.3824578e-07,-0.0005376717,-1.840077e-05,0.00012378869,-0.00023374445,0.00015193716,0.00029384406,-0.0002828251,-0.00046041448,-0.00022156235,2.6252974e-05,2.8026863e-05,-0.00018054509,-0.00013870455,-0.0005405463,0.00037113312,0.0005584767,9.570212e-05,9.084753e-05,-0.00013071917,0.00010622009,-0.00027026347,-0.00016314333,0.00023356479,-5.8638216e-05,4.1149455e-05,0.00011002297,0.0003290859,3.969179e-06,-0.00016027897,0.0007863156,0.00011390024,-8.904182e-05,0.00030427735,-0.00020497236,9.685213e-05,-9.590438e-06,-0.00017520269,0.00033567235,-0.00027625385,0.00032064712,0.0001348997,-0.00021838471,-0.0004726822,0.00041473354,0.00056524435,-0.00037383958,0.0012617274,-0.00046689212,9.624917e-06,-2.306006e-05
-0.0014608719,0.001305289,0.00020631128,-0.0003213181,0.0029627364,-0.0018095807,-0.002270691,0.0005796237,-0.0028351585,-0.00045027753,-0.00047011813,0.0003240582,-0.00012985744,-0.0008969143,0.0010655937,-0.00026592566,-0.0016511113,-0.0006284263,-0.00062466966,-0.0005199497,-0.0008828327,-0.0011697048,9.3839895e-05,0.33618775,0.0005623371,0.00035323453,-0.0003693903,-0.0003246096,0.00293692,-0.0030019954,-0.00028958634,-0.00033843858,-0.00019410683,0.0005314198,0.0019281756,-0.0002906005,0.0005984975,0.00052804564,-0.00012605882,0.0006322338,0.00020328481,-0.0009317098,0.00011421949,-0.00046401273,1.6470596e-05,-0.0025269804,0.0021021906,0.0008175727,0.0028200836,0.00043870197,-0.00091657124,0.00020349016,-0.0017843003,0.00077711936,0.001096309,-0.00063342537,-0.00042561733,-0.00020704359,0.00014388024,0.00092617195,0.0007183304,0.00058143213,0.00017376238,0.0008521244,0.003469542,0.00042758018,-0.00010422434,0.0006192882,-0.00039267552,-0.0005036596,-0.00059599936,-7.267711e-05,-0.0008950054,0.00035220286,0.0010519732,0.0006979826,-0.0012412887,9.765687e-05,0.0017873278,-0.0008280747,0.0002840705,-0.0013508615,-0.0020270937,0.0014100716,-0.00010031916,-0.0019469808,3.4270517e-05,-3.0286103e-05,0.00017378035,-0.00058651145,-0.0009538572,-0.00035751984,0.0009912299,0.0012413858,-0.00038079947,0.0005972653,-0.00076346804,0.001947628,-4.4921297e-05,-0.0013655135,0.0008272435,0.0014731016,-7.469639e-05,-0.0005391764,-0.0006293914,-0.00091759645,0.0016864205,0.00053483783,0.0011536645,0.0010234143,-0.0004285988,0.00035146845,0.0005017704,1.1314546e-07,5.5575052e-05,0.00013211754,0.0016669595,-0.0003846337,-0.00037272286,-0.00075459783,0.00059912255,0.00037761367,0.00051606074,0.00044112682,-0.0010088233,0.000923155,-0.0007633492,-0.0015724599,0.00040767933,-0.0003082612,-0.0002602063,-0.00079627923,-5.0268558e-05,-0.00082040025,0.0007303213,-9.395205e-06,-0.0011241349,0.001903474,0.0034192214,-7.3486466e-05,-0.00050140783,-0.00061894086,-0.001550142,-0.00019004106,0.00069776026,0.0017607815,0.00031206696,0.00014963213,-5.7296962e-05,-0.000532665,-0.0016310131,-6.902499e-05,5.9652186e-05,0.0007372064,0.0013117932,-0.0009798527,0.0010058316,-0.003323756,0.0013476826,-0.0005663581,-0.0008547115,0.0002268413,-3.6902402e-06,-0.0017831458,0.0004606835,1.4530362e-05,-1.9424211e-05,0.00034045032,0.0006374391,0.00026025472,0.0032004425,0.0008403601,0.00036232,-0.00047221206,0.00036996647,-0.0010189748,0.0012139813,-0.00060237857,-0.00050881837,-0.00056039385,-0.00017091287,-0.0005504242,-0.00020750622,-0.0018399601,-0.0005697076,-0.0014360473,0.00039241192,0.00096754706,0.0003080196,-2.1885931e-05,0.0015144573,-0.0008376795,-0.00044148986,0.000998993,0.0003957103,0.00026635436,0.0015175414,-0.00095539825,-2.5389547e-05,-0.0028513216,0.001509329,0.0007783084,0.0013486949,0.00072735955,0.0001262764,0.00031809745,9.686402e-06,0.0010653334,0.00011737497,0.0035127522,0.0015226053,0.0019562675,0.0008070904,0.00053932006,9.967896e-05,0.0014692672,0.00061273365,-5.4020857e-06,-0.00014279516,-0.0016699332,-0.0005502755,0.0032477113,-5.589086e-05,-0.0012590479,-7.793105e-05,0.0017837691,-4.6992936e-06,-0.0002256073,-0.00091456465,6.5303975e-05,-0.0024109124,0.0030115861,0.0001469103,-0.0004888593,-0.0001370862,-0.00047479276,0.0005059095,-0.00073654857,0.00035915492,0.0019216804,0.0003856002,-0.002534307,-0.0014201698,-0.00021017485,0.00045807887,-0.00271127,0.00017261835,0.00028769,3.213509e-05,0.0006515187,-0.002820971,-0.00021540083,0.00041127036,0.0004899118,-0.00078666426,0.0005795974,-8.6849475e-05,-0.00039049145,-0.0008568405,-4.17709e-05,-0.00014173852,0.0007317678,0.00012563243,0.001190288,-0.0012395354,9.113817e-06,0.0008904279,-0.00018535105,-0.0013425796,-0.000494193,-0.0005730468,-0.0001876393,-0.0014833484,2.7547185e-05,0.0002403437,-0.00021169214,0.0004125663,0.00059664116,-0.0004296957,-0.0023527946,-0.00045801353,-0.00086647837,-0.00059811125,1.7344928e-07,-0.00047016185,-0.0004760783,0.0013047543,-0.00020281546,0.002114756,0.00048109857,0.0004155905,-0.000474881,-0.0018529551,0.0011038936,0.0011545923,-0.00049978023,0.0058744512,1.7396209e-05,-0.0007499981,0.0018911385
0.000106816355,-0.0011247734,-0.00014685103,-0.0018204908,0.0005017816,3.4536524e-06,0.00093698665,4.462289e-05,0.00043393255,-5.0201077e-05,4.788575e-05,-9.9626195e-05,-5.3963427e-05,0.00020919579,0.00038376945,-0.00015499677,0.00055645977,6.579184e-05,-0.00024226902,0.00014235923,0.00026796636,0.00011829215,-0.00011264356,0.00029866706,0.34185126,-4.7967642e-05,-0.0007199327,-1.5119919e-05,-0.00040793666,0.0011243381,0.00086481567,7.290562e-05,-0.00070050405,0.00024461516,-0.0006616138,0.00037808882,0.00074096525,-0.0002514481,-0.00032823687,-0.00050064403,3.6309506e-05,0.00017527427,-0.00024493557,0.0005377767,6.8843154e-05,-9.048893e-05,-0.00065515796,-0.00070656656,-0.00034089654,-0.00026202883,0.00016671332,-1.5817961e-05,-0.0002682918,-0.00013167528,-0.00029680718,-0.00013473605,0.00022456123,0.00011924264,9.368708e-05,-0.0001418347,-0.00019106256,0.00014188353,-8.502227e-05,-0.0008261374,0.00016083375,-0.00023124553,-0.00021437125,-4.2246156e-05,4.281725e-05,-0.00039932414,0.00025735953,-0.00044484448,0.0006558162,-0.00017498832,-0.00025649596,-0.00063290837,0.00052252365,2.6083202e-05,-0.0004901177,0.00038019152,-0.00011532866,-0.00014526854,-0.00069898984,-0.00037902797,-0.00027973272,0.00036842094,-0.0005579506,-0.00064138777,-0.00019497266,0.00015674203,-1.0204367e-05,7.3163406e-05,-0.00024975507,-6.770499e-05,1.3146691e-06,-5.7646495e-05,0.0003431801,0.00025804792,-0.00042122818,0.0014197425,-0.00065722165,0.0005262658,-0.00014449301,-0.0001588085,0.0012356897,-0.00056134467,-0.0012356566,-6.222928e-05,-4.2520023e-05,-0.00049531873,5.860361e-05,-4.6672896e-05,2.3040328e-05,-5.3184995e-05,-1.8129735e-05,-0.00012880351,-0.0003684076,0.000120656616,5.2400213e-05,-2.5593676e-05,0.0005983491,-0.00030867817,-0.000111631416,-2.8518481e-05,0.00011146379,-0.00050682446,-6.5676795e-06,0.00074562547,-0.0001936677,-2.6302032e-05,0.000100982186,-7.475789e-05,9.098087e-05,0.00028527397,-2.3825298e-05,-0.00017126059,0.00018998445,-0.00048128123,1.8600269e-05,-0.00020386196,-0.00021923964,0.00029294565,0.00071086636,-0.0014844931,-0.00013856478,-0.00090134685,7.9682377e-07,-5.1761767e-06,-0.0002301895,7.962396e-05,0.00092641235,3.8538496e-05,0.00014492912,-0.00025035554,-0.0014904974,0.00033832478,-0.00019423546,0.0014494053,-0.00056727655,0.00041113445,0.00022880525,-0.00013981145,0.00065415027,0.0012437338,-0.00016144737,-0.0005378294,0.00045618956,-0.00048268092,-0.00018272539,0.0013554565,-0.00083269627,-4.7641683e-05,-0.00018388071,0.00013804162,-0.00018414142,-0.00036537397,0.0004786413,0.00049204775,0.0002058864,-0.00014370194,0.0005681195,-7.5328164e-05,5.79371e-05,-2.854664e-05,-0.00024263034,0.00011954561,-0.0002459362,-0.00012805594,-0.00028912898,2.654504e-05,-0.0008371069,-0.00042039028,0.0001909887,-0.00040962198,-0.00012805586,-0.0001634714,-0.00045970484,0.00013494595,0.001017093,0.00040966275,-0.00021962839,9.831389e-05,-0.00026326362,-0.00052099227,-8.1561215e-05,5.6048033e-05,-0.00023301507,-0.0002766861,-0.00017937037,-0.0015284979,-0.0003048692,-0.00046479193,-0.00016867036,-0.0013798911,-0.00023746502,-0.0005103208,-6.614522e-05,-0.00024767092,0.00026525883,0.00034403347,7.726492e-05,-0.0006843214,-1.6771424e-05,0.00045209847,0.0005303669,0.0004900248,-0.00011740721,8.144402e-05,-0.00017118025,-2.2266868e-05,0.0010215528,-0.00019760586,-2.5001566e-05,0.0001266331,-0.0004824833,9.4131996e-05,0.00010926604,1.8335168e-05,-8.822155e-05,-0.0010997176,-9.342491e-05,-1.4278708e-05,0.00030752094,9.8610755e-05,0.00052239595,0.0003603695,-8.5887834e-05,-0.000121756544,0.000450181,-0.000100804784,0.0006270738,-1.2891387e-05,-3.0769384e-05,-0.0003926526,0.0004629797,0.00025276493,-0.0003120441,-0.00046189496,4.5930017e-05,8.686793e-05,-0.00018343177,-0.0006166759,-0.00027833774,-0.00075691007,0.0007497939,0.00068283593,-0.00026964743,0.00015106765,0.00021221029,0.00022191294,-1.7102397e-05,-0.00017017587,0.0006865175,-2.0587118e-05,3.132795e-05,0.00015930778,0.00030345062,-0.00034204067,-0.00011508075,0.0015272662,0.0002788701,0.0002123474,0.0005459642,-0.00021947028,0.00023447508,0.00011613978,-0.00059829623,0.00050649705,-0.0010809106,0.00018967512,-5.98709e-06,-0.0001232199,-0.0001362951,0.00024166542,0.00027923335,-0.00029159588,-0.000603118,-0.00049329543,0.00023935194,-0.0005046546
-0.00030922648,0.00066881295,0.0005742586,0.0028001312,0.00024198461,6.0781e-05,-0.0009426234,4.1253617e-05,-3.220223e-05,5.3791875e-05,-1.1201844e-05,-3.4917826e-05,0.000115480165,-0.00014518216,-0.00034521057,0.00017122677,-0.0005359754,-0.00024587667,-0.00027146234,-0.00016569473,-0.00017066766,0.0001101083,7.5716875e-05,-0.00013916902,0.00012244924,0.34174985,0.00025120872,3.6262867e-05,-0.000346559,-0.00048395875,-0.0006477492,-2.3791508e-05,-0.00045952006,0.0003497279,8.7461885e-06,0.00022749539,-0.0002689845,0.00025773907,0.00010394879,0.000116041454,4.129248e-05,-0.00034363123,0.00029608133,-0.0004281637,-7.060221e-05,2.3490993e-06,0.00041611935,0.00028444518,0.0003030694,0.00017347481,7.445168e-05,7.838256e-05,0.00018505413,0.00020972888,-7.7712335e-05,-0.0009084662,1.3960444e-06,-4.7029862e-05,4.175959e-06,0.00027565518,0.00014695433,-0.00017802858,9.7568234e-05,-5.4837095e-05,0.0005691932,0.00014853965,7.235583e-05,2.21954e-05,-0.00011212721,-0.000102855935,-0.0001592403,0.0002864535,-0.0001613883,0.00011219718,0.00010789012,0.0011110565,7.675959e-05,-8.882102e-06,0.0009561031,-2.4905079e-05,2.2192657e-05,-8.556055e-05,-0.00034404435,0.00036076218,0.000113228045,-0.0013490462,0.00025637957,0.00041606274,-3.9118502e-05,-0.00011943634,2.189211e-06,-6.989247e-05,0.00016197866,0.00058439776,-8.504607e-05,0.000119288175,-2.8334101e-05,-7.372975e-05,-6.5092536e-05,0.0005867598,0.0002757669,-0.00053701806,0.00026085897,-6.184033e-05,-0.00022663982,0.00058607035,0.0010309198,0.00034342444,-0.0003077284,0.00021424286,-3.86587e-05,9.911937e-06,-3.2564335e-06,8.108722e-06,-5.2884392e-05,7.371857e-05,3.7763704e-05,-7.240237e-05,4.7409576e-05,-5.2380175e-05,-0.00014520859,7.398495e-05,0.00015881949,9.2347625e-05,0.00015225493,0.00030308866,5.5415265e-05,-0.0010682938,3.5489982e-05,2.8880806e-06,-4.5008313e-05,0.00013559868,-0.00015103412,0.0001868613,-8.482877e-05,4.941751e-05,-7.732901e-05,-0.00050693785,-0.0008668182,5.475731e-05,0.00023395619,-0.00026733184,-0.000651616,0.003303568,0.00020452235,0.0006046148,-7.006251e-05,3.1878433e-05,0.00011582342,-9.008449e-05,-0.00077720947,0.00044285084,-0.00027707915,-0.000119636046,-0.0006010425,-0.00019634888,0.0004211306,-0.0009111505,0.0003567149,0.00010004952,0.0004854683,0.00012685118,-0.00082934444,0.00022793385,0.00018987955,4.3151587e-05,0.00014486087,0.00015373187,0.0003742074,0.00016175566,0.0009035357,0.00023461366,7.612938e-05,-0.00032963805,4.7847723e-05,0.00014454825,-0.00035390764,-0.00041102737,-0.00021085837,0.00035907974,-0.00033123023,-6.93002e-05,-1.501066e-05,-0.00026209935,-5.827158e-05,-0.0006442285,5.174122e-05,9.185029e-06,6.2697276e-05,8.406992e-06,0.000555467,-2.7718537e-05,-5.462694e-05,0.00018845429,2.4354387e-05,8.439694e-05,0.00022259186,-0.00014898204,0.00013064864,-0.0003942977,6.68232e-05,4.3535496e-05,0.000859074,0.00035512573,-2.3121536e-05,0.00043078896,0.00011166865,8.452834e-05,6.2913e-05,0.0020131632,0.00028462886,0.00027649367,0.00011651911,0.0018942512,-3.4456498e-05,0.00017253702,0.00015507119,-0.00011424813,-0.00015963717,0.0002832836,-4.5000386e-05,0.0004943647,-8.965353e-06,-0.00068400096,-6.441228e-05,-0.00014950069,-0.00014655675,-4.2298e-05,8.957382e-05,-3.9938546e-05,-0.00045489887,-2.983303e-05,0.00026366545,-1.0855797e-05,3.3781245e-05,-0.00026285343,6.3965504e-06,0.00037811298,5.108995e-05,0.0009950892,0.00013129448,-0.00044970986,-0.00020255981,1.621037e-05,-0.00072230387,-0.00036790426,2.0043686e-05,5.3378964e-05,-0.00046355327,0.00048788567,0.00036778138,-5.5268774e-05,-5.1254523e-05,0.00016283143,-0.0001411208,-0.00020399914,3.7840437e-05,0.00027962757,0.00012839907,-6.4381114e-05,-0.0005961857,6.535814e-05,-0.0001822145,0.0014322829,-0.0006503805,-0.0003994964,-0.00014439106,1.3916185e-05,-0.00029843574,-0.00010710674,0.00042664574,3.0678934e-06,-0.00044024544,5.4718003e-05,1.805199e-05,-6.241462e-05,-0.0002865887,-0.00034576462,-5.6033972e-05,-0.0015600912,-0.000116439434,9.575123e-05,-0.00015787329,1.2340513e-05,-6.2373365e-05,-8.530977e-05,-1.5649617e-05,-0.0005325256,0.00043044123,-0.000491664,4.522386e-05,2.6634762e-05,2.7304206e-05,6.894534e-05,-0.0005914397,8.778543e-05,-0.00033858125,0.00016644511,-0.00018583654,0.00047509288
-0.00031035475,-1.4840647e-05,-0.0005287717,-0.0009648039,0.0021946447,-0.0018288448,8.18484e-05,0.0004235542,-0.0002027291,-0.00019902128,-5.1312265e-05,4.7076282e-05,-1.8736053e-05,0.00019882435,0.0017262074,-0.0003156865,-0.000227165,0.00026213654,-0.00047429383,0.0004275254,0.0004290898,-6.803468e-05,-0.0002897154,-0.00056760194,-0.00025482988,-7.402269e-05,0.3354877,5.4138593e-05,0.00034021706,0.0019546812,0.00017021192,0.00015635621,-0.00141678,0.0006567884,-0.0005101631,0.0002630983,0.001278246,-0.00015841142,-0.00052074634,-0.00062443217,9.05838e-05,-0.0010865636,7.109345e-05,0.00072348246,4.1858137e-05,-0.002361979,-0.0013977704,-0.0013524325,0.0014095204,-0.00010746897,-0.00027161252,1.9927927e-05,-0.0010227524,-0.00043125558,-0.0005209972,-0.0025402952,5.963241e-06,0.00025215137,6.359529e-05,4.315321e-05,-0.00019238089,0.00063008367,-0.00013452901,-0.0005466835,0.0034469436,1.3373789e-05,-0.0002913028,0.00016204259,-0.00017765994,0.00011473015,0.00015129775,-0.0010229634,-0.0006161252,-0.00026979632,-0.00031989565,0.00028992584,0.0006896125,0.00010219994,0.0010187291,0.00035262862,-0.00024011251,-0.00057816354,-0.0021540767,-5.5951667e-05,-0.00044975945,0.0024050355,-0.00056146854,-0.00018918063,-0.00010632793,7.123024e-05,-8.805869e-05,4.771946e-06,-0.00021165107,0.0015089506,-0.00017619615,0.00014211689,0.00042840446,0.0009024946,-0.0010880264,0.0023678115,-0.0009291277,0.001600181,-0.00053189177,0.00024197808,0.0032342337,-0.0014475238,-0.0027629845,-4.935359e-05,0.0010821641,-0.0010367178,1.40776365e-05,3.828127e-05,0.00012271537,-0.000101776925,-4.525856e-05,-5.1672916e-05,-0.0005047821,0.00018982709,0.00016179378,-0.00022874917,0.0013443924,-0.00034523985,-0.00011361957,0.00052713207,-0.00013552696,-0.00021964544,-0.00011265521,0.0016458214,-0.00015307713,-9.348263e-05,0.00018282147,-6.710939e-05,0.00025151123,0.0005108057,-2.5712125e-05,-0.00019025218,-7.810528e-05,-0.00066085765,0.00018530322,-0.00034892332,-7.3932235e-05,0.0005583629,-0.00014087545,-0.004817187,-0.000130164,-0.0008517849,0.0015181853,-2.029484e-05,-0.0007100397,-3.8850394e-05,0.0018892806,0.00022975946,0.00041471972,-0.0012197453,-0.003071289,4.5878314e-05,-0.001554834,0.0025827226,-0.0009797877,0.0011810765,-0.0003430496,-0.00029593977,0.0009340289,-0.00049180567,0.00016107532,-0.0007972545,0.0011602268,-0.0012848843,0.00015164024,0.0027837509,-0.0017730076,0.0002197013,-0.00019085444,0.00043516507,-0.00040871988,-0.00069701823,0.0010400158,9.695705e-06,-0.0001000866,-0.00013464232,0.0010570458,-0.0004603786,6.594802e-05,-0.0012431145,-0.00049437315,-0.00019649394,-0.00023350173,0.00011543852,-0.0004560018,-6.7995406e-06,-0.00052352366,-0.00096674816,0.0003703093,-0.0005571112,-4.4528882e-05,-0.00011768203,-0.0002619135,1.2573926e-05,0.0026794332,-0.0010731115,-5.3216114e-05,0.0011884877,5.7690173e-05,4.3287375e-05,-1.7088798e-05,0.0011416277,-0.00035904208,-0.00024415285,-1.0566297e-05,-0.0008880365,-0.0012187839,0.0009246885,-0.00014947011,-0.001246311,-0.00092895795,-0.0008323546,5.756275e-05,-0.00035928222,0.0007138314,-0.0015982988,8.067589e-05,-0.0005854377,-1.6430819e-05,0.0008377842,0.0008008188,0.00082120724,-0.00042174046,1.2381127e-05,-0.00048047586,-7.1138296e-05,0.0017423686,0.00081319036,0.00019965283,-0.00019641711,-0.0010671839,9.515914e-05,-0.0004535025,0.0015158763,-0.00010395816,-0.0013650006,9.145933e-05,-0.0012143871,0.0008332611,6.9979205e-06,0.0010978952,0.00042219425,-0.00028040019,-0.00015433691,0.0003577459,-0.00017310845,0.0004850287,0.0001592419,0.00017786465,-0.00059340463,0.0008045143,0.0015849855,-0.0005033716,-0.0016540866,0.00033777673,0.0001376431,-0.00061076734,-0.0024843721,-0.00041705574,-0.00029050396,0.0012424003,0.0008153808,-0.0012699122,2.7797634e-05,9.964907e-05,0.00016380608,0.00055303896,1.5777034e-05,0.0012387134,-0.00015347842,2.9706087e-05,0.00017351835,0.00057706377,-0.00074087124,-0.0006175428,0.0015191927,0.0007029053,0.00037160207,0.00071790005,3.929966e-05,0.0002657394,0.0002099358,0.0024825735,3.6881927e-05,-0.0017727708,0.00050533365,1.2858666e-05,-0.0003700265,-0.001067624,0.0004521185,-0.00068990723,-0.0005467857,-0.00085031043,-0.0004923917,0.00012846985,0.0013507158
-0.00098733,-0.00040629867,0.00021365414,-0.0008613757,0.0027927055,-0.00064744445,-0.00074163696,0.000387204,-0.0013080757,-0.00031128447,-0.00021530424,-8.114567e-05,-0.00015666222,-0.00041687174,0.00064876763,-0.00017354386,-0.0006657657,-0.000546209,-0.0009844711,-0.00015602734,-0.00044900496,-0.00045737068,-9.816973e-05,-0.0014504747,0.00012718984,2.5714696e-06,-0.0002739244,0.34161484,0.00078897807,-0.00077964045,0.0006184438,-0.00017013028,-0.000945286,0.00078151445,0.00048117465,0.00044812294,0.0008926891,0.00022842764,-0.00034141156,9.67672e-05,0.00022049043,-0.00038561577,-3.763956e-05,-0.00031166078,3.6963647e-05,-0.0015521944,0.0010674756,-1.4315385e-05,0.00133272,0.0001168276,-0.00028887196,0.000114994335,-0.001374805,0.0005384311,0.0004515499,-0.0007202258,-0.00017538488,-7.42402e-05,0.00020337784,0.00059797964,0.0002929159,0.00034065143,-1.3328712e-05,-0.0003920044,0.0022604652,0.00051161787,-0.0002898294,0.0003515444,-0.00022429718,-0.0009809447,-0.00020145015,-0.00025886943,0.00038584488,7.3833595e-05,0.0004781583,0.0003043313,-0.00021775864,2.0939777e-05,0.00091075123,-0.00016708057,5.7885085e-05,-0.0012719631,-0.0015198353,0.00079788355,-0.0002708417,-0.0017193377,-0.00044724735,-0.00064350385,7.9414494e-05,-0.00026759255,-0.00062107237,-0.00014634833,0.000433281,0.00097271724,-0.0002406955,0.00043408206,-0.0002174271,0.0013878276,-0.00048364562,0.0005565857,9.861468e-05,0.00086075166,-3.5966932e-05,-0.0007938779,0.0006439928,-0.00070022827,0.0010064283,0.0004298512,0.0001413046,0.0002799177,-0.00021544372,8.911511e-05,0.00040939395,-5.5861397e-05,-2.3437298e-05,7.506722e-06,0.0008694942,-0.0001452193,-0.00023977931,-0.00054949726,0.0009845954,-2.8678556e-05,0.00018173404,0.00027249497,-0.00038549566,0.00024950324,-0.00047421653,-0.0009890744,1.9769483e-05,-4.0842973e-05,-8.1530736e-05,-0.00057463,-7.5792246e-05,-9.717959e-05,0.0003931917,-0.0001897553,-0.0005531992,0.0004095067,0.0017048517,-0.00025568283,-0.00052102015,-0.00033283234,-0.0002791404,0.00028982275,0.00034706033,0.00055296515,-0.00041371345,7.176684e-05,-0.0001669499,-0.0002784765,-0.00060215156,0.00034386042,7.1967836e-05,0.00030532683,-0.0017204094,-0.00030102947,0.0009686065,-0.0010959869,0.0005357696,5.276528e-05,0.00018438534,0.00014502916,0.0002227193,0.0005987679,0.0002673144,-0.00050231145,0.00054751674,-0.00016452369,0.00017739918,0.0015909227,0.001714738,0.0006149626,-2.2340497e-05,-0.00044767302,8.898025e-05,-0.0009322101,0.00095885247,5.8432524e-05,-0.00021655606,-0.00026499,0.00020567031,-0.00037197262,-6.148518e-05,-0.0012584894,-0.00062586856,-0.001237662,8.678069e-05,0.0005325455,3.889396e-05,1.8852737e-05,0.00012816241,-0.0009932132,-8.10972e-05,0.0003407648,0.00015911023,0.0001768321,0.0005497878,-0.0004933849,0.0014926553,-0.0013964904,0.00085998065,0.0005507966,0.0012024984,5.485862e-06,3.8305832e-05,0.00040827514,-0.000114593255,0.00043833346,-0.00020934931,0.0018244556,0.0010004521,0.00068939896,0.00039966937,-0.00020634026,-1.8290793e-05,0.00053440407,0.00047905304,-0.00026794363,0.00011321125,-6.086762e-05,-0.00031550857,0.00136695,-2.5710813e-05,-0.00087342,0.0004905377,0.0014963155,-0.00021711907,-6.394638e-05,-0.0007472274,-9.748844e-06,-0.00051235943,0.0015886136,0.00027395692,-9.042722e-05,-0.00055051805,-0.00032647967,0.0005164912,-0.0005091438,0.0002815872,0.0003328948,0.00012629104,-0.0019844607,-0.00086026936,9.673878e-05,0.00041448852,-0.0014540522,4.3396e-05,0.00012017164,0.00035247987,0.0006739175,-0.001152427,-0.00019247853,0.00023989566,-2.0837665e-06,-0.00018093066,0.00024621608,-0.00041535098,-0.0007058484,-0.00059720257,2.499209e-05,-0.00059257355,0.00018666778,-0.0003772787,0.0008006735,-0.00046990864,0.0005115874,0.00028920313,4.5252415e-05,-0.0008815875,-0.00016001158,-0.00026970313,-0.0002255345,-0.00054247974,-2.6787018e-05,0.0001678692,1.118614e-05,0.0003361242,-0.0001752353,-0.0002891713,-0.0006859339,-0.00014334884,-0.00026730506,0.00010236792,-0.000439248,-6.536671e-05,-0.0002573557,-0.0010596067,0.00026343117,0.00035050325,6.404364e-05,0.0003092546,-0.00039216928,-0.001141002,0.0010494903,0.000784427,-0.0005335376,0.0035277153,-0.00050940365,-0.00036466084,0.0005418303
0.0008538875,-0.0007341629,-0.00012823292,0.0005335267,-0.0017768401,0.0013560862,0.0011165946,-0.00039677767,0.0015689658,0.00032169733,0.00027842956,-0.00015347337,6.262483e-05,0.00043564287,-0.0008425626,0.00019146307,0.00091341056,0.00029957332,0.00046506655,0.00025317492,0.00046718068,0.00061571895,4.003493e-06,0.0018297993,-0.00014523958,-0.00025793712,0.00052058714,0.00022660581,0.33910197,0.0014071424,0.00013555818,0.00023781255,0.000161157,-0.0003562941,-0.0009499043,0.00012331012,-0.00044380844,-0.00027550678,0.0001554746,-0.00035137634,-0.00010326832,0.00056374824,-6.595151e-05,0.0002735846,-8.526028e-06,0.0019328673,-0.0010066666,-0.0003217515,-0.0014446458,-0.00014428029,0.00057015714,-0.000108192384,0.0011661409,-0.00035698785,-0.0006066722,0.00048294137,0.00030119388,9.3680166e-05,-7.668616e-05,-0.00054335763,-0.00034601227,-0.00039961602,-0.0001334701,-0.0004923538,-0.0022170113,-0.00034709476,9.5654075e-05,-0.0003911389,0.00025412012,0.00021965969,0.00030465232,0.00013265837,0.00044584324,-8.2300336e-05,-0.00053949456,-0.00030301174,0.000618888,-3.551155e-05,-0.0010515377,0.00038817324,-0.0001958162,0.00081644615,0.00118945,-0.0008038941,0.00015732611,0.0005852264,8.593031e-05,5.378091e-05,1.18277585e-05,0.00031996417,0.0005721759,0.00021477624,-0.00054347,-0.0007720725,0.00019561386,-0.000336826,0.0004377514,-0.0010698589,0.00012750331,0.0007619443,-0.00034516447,-0.001008746,6.633091e-05,0.0002765451,1.36689705e-05,0.00070402684,-0.0005998298,-0.00021857923,-0.0007702655,-0.00047196483,0.00023058332,-0.00015520313,-0.00034345192,-3.7388663e-06,-5.193306e-06,-1.6259966e-05,-0.00088877976,0.00017784724,0.00024736667,0.00046128806,-0.0004984823,-0.00017958337,-0.00031481692,-0.00028604714,0.0006082363,-0.00051323307,0.00042192746,0.00067457743,-0.00024058958,6.672916e-05,0.0001199475,0.00045504683,-8.432284e-06,0.00042581468,-0.00041241813,5.2428662e-05,0.0006893059,-0.0009488613,-0.0022327134,0.000119361466,0.00033197823,0.00021302525,0.00078898395,-0.0008335361,-0.00033276444,-0.0008113645,-5.1480263e-05,-6.6097105e-05,6.358594e-05,0.00028997,0.0006806171,4.2296448e-05,-5.10675e-05,-0.00028323953,-0.00079908984,0.0005738203,-0.00032392502,0.0015268117,-0.00064345804,0.0002105642,0.00054677844,-9.416201e-05,-0.00011844182,0.0009776352,-0.0002464889,6.358836e-05,-9.62964e-05,-3.3653392e-05,-0.0002834265,-4.2350242e-05,-0.0013022465,-0.0005096328,-0.00021865671,0.00019730738,-0.00017640267,0.00065041264,-0.000687922,0.0002776997,0.0003193493,0.00034673428,-4.5977926e-05,0.00037783364,0.00010181002,0.0011472211,0.00036302282,0.0007724083,-0.00022849876,-0.0005853845,-8.046634e-05,-1.194453e-05,-0.00075846736,0.0005519726,0.00018451396,-0.0005330475,-0.00021541792,-0.00012970096,-0.00081779866,0.00052841986,-0.00036221894,0.0016930775,-0.00085005723,-0.00055669516,-0.0007270017,-0.00040202227,-2.0197249e-05,-0.0002767509,3.834703e-05,-0.00047755273,-0.00014112772,-0.0017513116,-0.0006779642,-0.0011826623,-0.000490445,-8.310158e-05,0.00016223518,-0.0007353761,-0.0003463198,6.1820483e-06,3.360274e-05,0.000995574,0.00031023327,-0.0015921562,7.532338e-05,0.00062588864,-7.01252e-05,-0.0010728403,3.6308258e-05,0.00016216189,0.00058241683,-4.814979e-06,0.0010560475,-0.001753333,-5.0307324e-05,0.00026969818,0.00019509108,0.00020429178,-0.00018099335,0.0003111379,-0.00019313558,-0.000705078,-0.00031965706,0.0017168216,0.00066602684,7.686184e-05,-0.00047410527,0.0014492904,-8.731113e-05,-0.00015154299,-0.000103965605,-0.0003298156,0.0016237643,0.00010611581,-0.00028165404,-0.00021711482,0.00039535796,-0.00049997214,0.00010223096,0.0004234476,0.00042768088,-1.2441199e-05,8.93751e-06,-0.00014806104,-3.545857e-05,-0.0006176675,0.00050905545,-0.00011389053,-0.00039189935,0.00011896792,0.0007210008,0.0002401589,0.0002762917,3.7861228e-06,0.0006734152,6.238056e-05,-0.00013505742,7.680865e-05,-0.00030841952,-0.00028065644,0.00032292007,0.001023306,0.00017039974,0.00045619218,0.00023847817,3.061402e-05,0.00022683351,0.0002558445,-0.0011387595,0.00013799708,-0.0010154621,-0.00033243533,-0.00026197216,0.00030751652,0.0010393348,-0.000647238,-0.0006267193,0.00032260024,-0.00348331,5.378823e-05,0.0003950076,-0.0011471917
-0.00021875258,0.002033081,0.00031929938,0.0019866829,-0.0014804811,-3.455081e-05,-0.0017115467,-0.000119207754,-0.0013594117,0.00017995636,-5.154922e-05,0.00021508621,0.0001482758,-0.0005541328,-0.00057847705,0.000189027,-0.00095904595,-0.00016107594,0.0006561181,-0.0004603796,-0.0006452697,-0.0005021071,0.00030034836,-0.0015524367,0.0006045862,0.0002467998,0.0015121066,-3.444537e-05,0.0015463019,0.33799076,-0.0013854775,-0.00016944061,0.001717878,-0.0007269754,0.0016811566,-0.0010254895,-0.0014185841,0.00045146223,0.0005603458,0.00095637934,-0.0001818341,-7.508446e-05,0.00026585005,-0.00069359335,-0.00011995442,0.00060375035,0.0015327946,0.00152926,0.00052238366,0.00036524385,-0.0004825156,2.4934316e-05,0.0004167757,0.00041113107,0.0008510835,0.0011804107,-0.00023023035,-0.00033986082,-2.6775867e-06,0.00018889201,0.00045436804,-0.00018045178,0.00016653829,0.0018031695,-0.000550762,0.00023149286,0.00051624246,0.00014031216,-2.5230129e-05,0.0007269485,-0.0005452616,0.00090024533,-0.0011674464,0.0005606514,0.00060976075,0.0004989358,-0.0014213076,4.377409e-05,0.0003453103,-0.00084798137,0.00021881501,0.00045763547,0.0007989574,0.0006538638,0.0005939224,-0.001025305,0.0010402276,0.0010600943,0.00024656593,-0.00030114214,-9.1470036e-05,-0.00015708011,0.00060628465,-0.0008176679,7.16438e-05,0.00013849273,-0.00083883805,-0.0003488139,0.0010301692,-0.0039132466,0.0013581867,-0.0006220232,0.00022169217,0.00034676562,-0.0031584685,0.0007778122,0.0023069426,0.00017072425,0.000517053,0.0012499229,-0.00016262056,6.576744e-05,-0.00019681483,0.00016030102,6.0552375e-05,0.0001735567,0.000906571,-0.00031050356,-0.00013695609,9.731984e-05,-0.0012962294,0.0007097033,0.00015630732,-6.693066e-05,-0.00048144397,0.0009545901,-0.000100412515,-0.0013421972,0.00046980052,-0.0001304561,-0.00029119547,-2.4343872e-05,-0.00011427601,-0.0008832297,0.00021943699,0.00027336107,-0.0004737232,0.0016064236,0.0011411095,0.0004221415,0.00013065088,-0.0005614646,-0.0013613519,0.003156775,0.0003485706,0.0017682897,2.3813707e-05,4.5095094e-05,0.00058724894,-0.00016427827,-0.001998512,-0.00049561576,-0.00022086132,0.0009042805,0.0042563938,-0.00069043855,0.0005090683,-0.003345702,0.0013330192,-0.0011025831,-0.0008314341,0.00027926013,-0.00091078493,-0.0025448252,0.000110547204,0.0012436223,-0.0012280169,0.001212663,0.00033111245,-0.0031618222,0.0023163564,5.0651153e-05,0.0004800303,-0.00020061152,0.0005168249,0.0005819884,-0.0005930222,-0.0008642302,-0.00026628145,-8.653898e-06,-0.0011432505,0.0002340319,-0.00015840895,0.00015386818,0.00053351535,6.3579355e-06,0.00046858142,0.00024254649,0.0006106711,-3.8846185e-05,0.0017856098,0.00091335346,-0.00057141436,0.00091740175,0.00017443902,0.000254916,0.0009915832,-0.0003095217,-0.0026104748,-0.0009339539,0.0005772634,-0.00044203363,0.00017694653,0.0008567395,0.00010933783,-0.00054833613,0.00043668336,0.00061388174,0.00038158547,0.0024548827,0.0008374258,0.0008734131,0.00043630722,0.0019245032,0.00042374784,0.0013866366,5.9479476e-06,0.0005238524,-0.00072253204,-0.0009416475,-0.00020049686,0.0018307493,2.664271e-05,-0.0008023425,-0.0011857811,-0.0006969019,0.00046857033,-0.00012866237,0.00029196742,5.293532e-05,-0.0027563407,0.0007565932,-0.00036955407,-0.0003917622,0.0011783957,-0.000119551354,-5.878979e-05,-0.0006193066,0.00013631434,0.0022636573,0.00016077422,0.0003830589,-0.00084585854,-0.0005158647,-0.00079792447,-0.0011247876,0.0003148784,0.0003032207,-0.0007525196,1.3392369e-06,-0.0018280233,-5.7820507e-05,7.45499e-06,0.0008638159,-0.0010998747,-0.00052018714,0.0007241467,0.0011317687,-0.00029378268,-0.00010043455,0.0007673099,0.001656123,0.00081799284,0.000799378,-0.0014547165,-0.0011814443,0.0009839977,-0.00036539594,-0.00037960307,-0.00046477964,-0.00038608015,0.00021248445,-0.0017145925,9.39534e-05,9.1027934e-05,-0.00036021604,-0.00036303583,0.001110255,0.0002287282,-0.0027994358,-0.0006860742,-0.0006673529,-0.0012333418,0.0005400169,-0.00054242805,-0.00030044533,0.001510912,-0.00076364365,0.0026168704,1.6992112e-06,-1.3688136e-05,0.0002212954,0.00010019515,-0.0004526951,0.00014392327,0.00058462715,0.0016272919,0.0010801493,-0.00055654935,0.0007943639
0.000249488,0.0020543037,0.00012830777,0.0031838422,-0.0015305146,-0.00034299566,-0.0009924147,-5.510147e-05,-2.4662481e-06,0.00023806933,6.549357e-05,0.00015984224,0.000301058,-3.774094e-05,-0.00019153244,0.00021267515,-0.0006251465,0.00023962048,0.000679229,-6.611392e-05,-3.9718296e-05,0.0001457294,0.00017432196,7.816568e-05,0.00013866248,-6.366945e-05,-0.0006454575,7.924474e-05,0.00016481809,-0.0004491759,0.3394236,2.5832254e-05,0.0010149031,-0.0005585793,0.0005544064,-0.0006647374,-0.0012152491,0.0002279108,0.00044443604,0.00041062417,-0.00014962003,-0.00053917,0.0005178136,-0.00031567513,-0.00011352163,8.085355e-05,-0.00023957994,0.0005647241,0.00013615128,0.00022289902,-0.00022777313,3.614216e-05,0.00076778873,-0.00024048582,-6.726289e-05,-0.0005135398,-0.00018675732,-0.0001449346,-9.4247596e-05,-6.3550986e-05,6.5995424e-05,-0.00010369662,0.00013939966,0.001341144,8.580247e-05,1.4937741e-05,0.00033892682,-4.204265e-05,-9.609304e-06,0.0012785688,-0.00026670957,0.00048542142,-0.0014378307,0.00025010807,-5.583996e-05,0.0009877932,-0.00042882256,2.9305898e-05,0.0006970397,-0.00024215085,0.00010550524,0.0007460272,0.0010433417,3.976308e-05,0.00033922683,0.0012728127,0.0009337074,0.0013373537,0.00013633627,-8.451431e-05,0.00031400332,-4.94065e-06,8.126914e-05,-8.6681124e-05,0.00015149264,-2.9288345e-05,-0.00023482276,-0.00089350983,0.00044944533,-0.0015276329,0.00062348734,-0.00069919147,2.5203688e-05,0.00089030556,-0.0011447906,0.00071079005,0.0003053101,-6.832866e-05,0.00054408226,0.00027095125,2.8407521e-05,-6.75426e-05,-0.00030398875,6.8402056e-05,0.00011848644,0.00017280766,-0.00020697301,-3.5675497e-05,8.2917744e-05,0.00027453678,-0.00093859417,0.00033839708,-4.4915523e-05,8.404005e-05,-1.0731936e-05,0.0006403006,0.00024594727,8.564771e-05,0.00021064989,0.00010689581,-0.00010889128,0.0003940223,-1.6068434e-05,-0.0001285968,-0.00018730428,0.00015278245,-6.570208e-05,0.00011449562,-0.0010267298,0.0003117898,0.00055389927,-1.5990652e-05,-0.0010666068,0.00176566,4.5948447e-05,0.00073192053,0.00071016443,-5.030242e-05,0.00022361717,2.4943674e-05,-0.0003838066,-0.0001355687,-0.00014402832,-0.00028623917,0.0017017032,-0.00038564895,-0.0011137339,-0.0006099263,0.00024068453,-0.00016747476,-0.0005232867,2.0500422e-05,-0.00077660405,-0.002326844,9.907043e-05,0.0008452623,-0.00053835375,0.0003498982,0.00020234876,-0.0019129764,-0.00025536836,-0.00016216152,0.0002472381,0.00019944129,0.000108328895,0.0008277844,-0.0009935953,-0.00087034976,-0.0002598134,0.00038235748,-0.0006698663,0.00012439555,-3.059171e-05,0.00017273414,0.00054044847,0.00044309316,0.0002593336,-7.206683e-05,0.00028520616,-7.933179e-05,0.0011298931,0.0008686468,-0.0001253257,0.00022612393,6.6380984e-05,2.8282579e-05,0.00019743617,6.4162086e-05,-0.0013349778,-0.0003382678,-0.00022053644,4.8991682e-05,-0.00016268351,0.0007979641,6.857981e-05,0.00022303137,0.00028724005,6.196541e-05,0.00049104675,0.0014091094,-0.0006620218,0.0007513832,1.0140475e-05,0.0019906375,-0.00017197206,0.00031070886,-0.00013085482,0.00041948556,-0.00030346806,-0.0011148774,6.201983e-05,-0.00017402596,2.1041016e-05,3.5792324e-05,-0.00080213393,-0.0013499004,9.170078e-05,-0.00010879839,0.00052168843,2.474491e-05,-0.00061882724,-0.00023977966,-0.00019729395,-0.00033750557,0.00063444563,2.8249766e-05,-0.00075775327,0.0008929592,-6.122418e-05,0.000910182,0.00014621716,0.0008480971,0.00040718415,-0.00034400757,-0.000653228,0.00046487214,2.3617948e-05,0.00010770253,-0.00087433844,-0.00024052351,-0.00015319676,0.00022324958,-7.653975e-05,0.0003764405,-0.00030030563,0.00013474625,0.00057548156,0.00041157796,0.0005449332,-2.126554e-05,0.00033931527,-0.00020005339,0.00046591499,0.0008491555,-0.0004007776,-0.0010415469,-0.0003482181,-0.00022270562,0.00020453763,-0.00021964083,0.00052424584,0.00026005,-0.00035283278,3.8831167e-06,-6.614635e-05,-0.00019691131,-0.00040376568,0.00024033985,1.470608e-05,-0.001528335,-8.870513e-05,-4.7048205e-05,-0.0006698971,0.00062841823,-0.00021339236,1.2844168e-05,0.0025335392,-0.001066874,0.0007473322,-0.00014830577,-0.00013430123,0.00021758857,0.00044631568,-0.00080014457,-0.001332509,0.0005559108,-0.0015311708,0.00091084733,-0.00015233106,0.001004817
-0.0014388115,-0.0008653877,-8.197461e-05,-0.0034400593,0.003858261,-0.0010047755,-0.0007119962,0.00062611967,-0.0022105004,-0.0005529347,-0.0004863565,8.612182e-05,-0.00032906744,-0.0006804655,0.0012876157,-0.00046769128,-0.0007280651,-0.00073496805,-0.0013121994,-0.0003066704,-0.00069072883,-0.000978496,-0.00014209026,-0.0025638808,0.00016642263,0.00034258424,7.645442e-06,-0.00038822842,0.0020394353,-0.0017513044,0.0015086855,0.3411741,-0.0010806174,0.0010032356,0.0010140411,0.00044964565,0.0017206136,0.00015282835,-0.00064584287,0.00018709997,0.00043060962,-0.00021853662,-0.0003590295,-5.932477e-05,0.000108322936,-0.0024788645,0.0018758104,2.4808087e-05,0.0022246975,0.00010594783,-0.00055188587,0.0001526554,-0.002393045,0.0007509649,0.00093564653,0.00017483154,-0.0002076022,-7.151022e-05,0.00034445443,0.0008756157,0.00049035234,0.0006729112,-0.0001097681,-0.0006022925,0.0025325774,0.00048680484,-0.00060007063,0.0005778575,-0.00033267398,-0.0016169429,-0.00022255212,-0.0005957076,0.00067381054,-1.9471034e-05,0.00085309794,-0.00051179586,-0.0005550954,4.3929285e-05,0.0008804359,-0.00035339667,3.120691e-05,-0.001962032,-0.0021933469,0.0011305298,-0.00051447935,-0.0022869578,-0.0011012659,-0.0014003445,0.00015845295,-0.0004009345,-0.0011484321,-0.00027502942,0.00068843557,0.0011511052,-0.00043183911,0.0005507102,-0.00042792247,0.0023171564,-0.0006029992,9.428419e-05,1.5622085e-05,0.001979503,-0.00010097081,-0.0014770209,0.000549852,-0.0015993718,0.0011028949,0.0004869587,0.00038453884,0.00039968907,-0.00037250554,0.00028813418,0.000836316,-0.00010249243,-5.4036936e-05,-5.8768976e-05,0.0016084537,-0.0002235276,-0.00042340608,-0.0009707597,0.0017191223,-7.541595e-05,0.00030377012,0.0004180157,-0.00082281494,0.00016050981,-0.00088883063,-0.0010962815,6.0096627e-05,-0.00016702416,-5.7271565e-05,-0.001117298,-1.3849354e-05,-0.00051130564,0.0007816879,-0.00032798052,-0.00087740284,0.00140038,0.0038857125,-0.0004892261,-0.0010900781,-0.0003575684,-7.818318e-06,-0.0015124753,0.0005166654,0.000578729,-0.00074349507,0.0001022698,-0.0003601615,-0.00044828598,-0.00084498816,0.0001462739,0.00025024088,0.000816701,-0.0009158114,-0.00045303578,0.0017505827,-0.0018937922,0.00082689367,-0.00027331777,-0.00023081338,0.00014719566,0.00093466736,0.0009208369,0.00023845189,-0.0012327526,0.00059922336,-0.00020613425,6.4046646e-05,0.001830238,0.0025265708,0.00087203435,5.890158e-06,-0.00056832755,0.00012977276,-0.0017547642,0.001949903,0.00047663326,-0.00020588064,-0.0008513301,0.00062429335,-0.00065129384,-0.00010260789,-0.0019372161,-0.0010749795,-0.0015428237,0.00011791896,0.0008642903,-4.7237896e-05,-2.8796952e-05,3.2070362e-05,-0.0015655984,-9.049958e-05,0.0005217321,0.00029674856,0.00026311196,0.000954618,-0.0008375221,0.0016874678,-0.0020089694,0.0014902252,0.0007141962,0.0011621196,-0.00029476843,2.5128205e-05,0.00012576205,-0.00036090004,0.00063051103,-0.00044659988,0.0013276036,0.0018802768,0.00090945157,0.0007378052,-0.00178117,0.00033247677,0.0008472163,0.00063358404,-0.00041840758,0.00035743124,-0.00029122666,-0.0005522869,0.0024351978,-2.495606e-05,-0.0010704527,0.00083174725,0.0027491865,-0.00018126752,-9.329872e-05,-0.0014029108,-2.076981e-05,-0.0008361426,0.002756202,0.00022102917,-6.0384227e-05,-0.0008993383,-0.00038465732,0.0010166861,-0.0016945559,0.00041510336,0.00023146329,0.00018661607,-0.002951937,-0.0014846951,0.00028807472,0.0013105844,-0.0023812694,7.95979e-05,0.00017536996,0.0010115753,0.00075749,-0.002286513,-0.00037894223,0.0005188857,-9.066676e-05,-0.00027310094,0.00028906582,-0.0007605673,-0.00096938695,-0.0011508343,6.8189205e-05,-0.00029881217,0.0007713409,-0.00045043422,9.690042e-05,-0.0004395281,0.0011552632,0.000942754,9.052234e-05,-0.001298155,-0.0001996933,-0.00094972126,-0.00031372168,-0.00070365076,-4.851959e-05,0.0002891891,7.997714e-05,0.00076432794,0.00019400277,-0.0004378149,-0.00021780819,-0.0002201847,-0.00068162486,0.0002735009,-0.00077244797,-8.485e-05,-0.00040909983,-0.0015028617,0.000881246,0.0008798535,0.000538506,0.00052743196,-0.0007139577,-0.0019478124,0.0017008865,0.0021931424,-0.0010195357,0.006664776,-0.0012166299,-0.0004331836,0.00045033035
-0.0010177622,-0.0018065901,0.00013192804,-0.0013700436,0.0043541156,-0.0009138128,0.0002612207,0.000544525,-0.00027407205,-0.00025629895,-0.00024367217,-0.00029263267,-0.0002014231,-4.3864053e-05,0.001163793,-0.00029994154,-0.00021626019,-0.00058172405,-0.0016780695,0.0001693587,-4.980967e-05,-1.8491339e-05,-0.00030082418,-0.00048764332,-0.00016441138,-0.00029785128,-0.0017358065,-0.00015060948,-0.00058217737,0.0016213072,0.0014256805,-0.00010289316,0.33700866,0.0017232951,-0.0010617417,0.0015031317,0.0022021832,-7.386911e-06,-0.0007326686,-0.00077260303,0.00040925964,-0.00070615695,-7.918614e-05,0.00034616992,0.0001420795,-0.0021302395,-0.00023052157,-0.0013134285,0.0012838535,-0.00015121607,7.902744e-05,7.3171075e-05,-0.0017086599,0.0003360703,-0.00032457084,-0.0025982782,8.203877e-05,0.00025652177,0.00015647171,0.00067359273,-7.407797e-05,0.00045919247,-0.00022095781,-0.0019741585,0.0034418502,0.00024714158,-0.00080071477,0.00023648689,-0.00034043545,-0.0016265345,0.00017714656,-0.0009540679,0.0011746271,-0.000311143,0.00011809611,0.00055701326,0.0009968204,-2.4628547e-05,0.001388532,0.0005452256,-0.00020262126,-0.0016488655,-0.003062979,0.00044290582,-0.0007354019,-0.0013398546,-0.0011635121,-0.0012941463,-0.0002654873,-0.000119838325,-0.000624156,-0.00014340327,0.00011245448,0.0021588611,-0.00036636487,0.00039632057,0.00045237105,0.0018008654,-0.0014710892,0.004495679,-0.0010305041,0.0013263088,-0.00013289633,-0.0010363982,0.003678732,-0.0012030251,-0.0009818766,0.00045600775,-0.0002930752,-0.00066705595,-0.0001242764,0.00014260196,0.0006283237,-0.00019695236,-0.00016395937,-0.00013792289,9.2907067e-07,4.3970205e-05,-1.8316114e-05,-0.000778122,0.0021569547,-0.0005643208,0.00027836842,0.00039703597,4.0294148e-05,-0.00040418105,-0.00037912859,-0.00033947625,-0.00030910957,-1.3189047e-05,0.00018619244,-0.0003961231,-4.6595746e-05,0.00071807584,0.00016981651,-0.00038521268,-0.00033327763,-0.0013322543,-4.753047e-05,-0.0006228829,-0.00057001074,6.087474e-05,0.0003737022,-0.0019177588,0.00020663661,-0.0006737683,-0.00013956317,9.575448e-05,-0.0006504169,-0.00028266944,0.00084176665,0.0009808203,8.1260005e-05,-0.0007437165,-0.0055467067,3.1281157e-05,0.0006974357,0.0015458801,-0.0004567284,0.0012103653,0.0010909841,-3.9899172e-05,0.0007342205,0.0026816565,0.00020178703,-0.0016405728,0.0017536316,-0.0012544277,0.0002428394,0.0046745827,1.6599439e-05,0.00074474176,-0.00032854715,-0.0004428739,-0.00031995337,-0.0013638554,0.0014450804,0.00054507196,-0.0001262999,-0.00013081673,0.0010863775,-0.0007128066,7.185721e-05,-0.0017118665,-0.0011996448,-0.0016834664,-0.0002729415,0.00033582575,-0.0005728901,6.2579624e-05,-0.0011239841,-0.0019070199,0.0003509023,-0.00025236278,6.123276e-05,-5.1384373e-05,-5.6366356e-05,-0.0003891275,0.003912521,-0.00094796106,0.0003826327,0.001043954,0.0013939709,-0.00047070038,7.626112e-06,0.0012381048,-0.0005014095,-3.072381e-05,-0.00054996525,0.00059158815,0.00015359411,0.00021188885,0.00023262517,-0.0010760322,-0.00054975814,-0.0004884693,0.0005633374,-0.0007277393,0.00058998866,0.00063570676,-0.00022363865,6.617407e-05,-7.115246e-05,-0.0005148759,0.0015548927,0.0022321648,-0.00074456533,-2.1163742e-05,-0.00102088,-8.135972e-05,0.0017101961,0.0010529694,0.0006552235,0.00020410717,-0.0016470188,-0.00037911593,0.0006071428,0.0005762683,0.00026464334,-0.0010869345,0.00016315714,-0.0028953208,-0.00016118115,0.00042732793,0.0008475847,-0.0006876895,-0.00019366204,-8.776732e-05,0.000729789,0.0008746114,0.00058483216,-0.0002600752,0.00028175424,-0.0006415595,0.0007597302,0.00078147755,-0.0010552702,-0.0015356017,-0.0002456774,5.2217445e-05,-0.0016671398,-0.0015230447,-0.0011928316,0.000840314,0.0005418584,0.001378801,-0.00078457483,0.00051499455,-0.00076835416,0.00016807049,0.00037768943,-0.00029912707,0.0008289022,-6.473745e-05,0.00013118486,0.00028901783,0.0005467049,-0.0014196195,-0.0005614474,0.0012940407,0.000444574,0.00036366543,0.0010760777,-0.0007918134,0.0003097588,-4.995826e-05,-0.0018464538,0.0005999915,-0.0018530064,-0.00016481116,0.00037572003,-0.00062594365,-0.0013716687,0.001555227,0.00029854043,-0.0010780032,0.0014377323,-0.0013448548,4.5019464e-05,0.00035817534
0.0010919421,0.001003643,-3.9758637e-05,0.0019561893,-0.003390212,0.0008311736,0.0003467237,-0.00048057616,0.0010811347,0.00036994155,0.00028717035,1.6351918e-05,0.00028564944,0.00036107373,-0.0011341899,0.00035033425,0.0004534878,0.00051845796,0.0012327235,0.00011543879,0.00032672397,0.0005045121,0.00023881791,0.0014927923,2.7577149e-05,-8.512984e-05,0.0007107655,0.00023103166,-0.00067239365,0.00024625214,-0.0011875858,0.00018915444,0.0017005441,0.34051767,-0.000110001776,-0.00075961195,-0.0016145637,-5.278679e-05,0.0005803362,0.00020890379,-0.00031769008,0.0003907527,0.00022523654,-0.000118455195,-0.00017467329,0.001843068,-0.00078959705,0.00047392625,-0.0017755145,1.29603995e-05,0.00024555434,-5.6167773e-05,0.0017666427,-0.0004913568,-0.00039046322,0.00084035285,-1.123236e-05,-5.4070464e-05,-0.00022975357,-0.0006731897,-0.00031120953,-0.00051844347,0.00013631517,0.0010246164,-0.002347878,-0.0002362938,0.0005466126,-0.00036834064,0.00028337692,0.0014052148,2.7233807e-05,0.0006830562,-0.0005949753,7.001332e-05,-0.00044419477,-6.8588415e-05,-0.00015413616,-0.00013956755,-0.0009902234,-3.401362e-06,7.575512e-05,0.0016080167,0.002146847,-0.0007093967,0.00043228772,0.0015038559,0.0009785453,0.0011123869,1.102872e-05,0.00027962442,0.0007848631,0.0002450538,-0.00037131796,-0.0015583808,0.0003767663,-0.00038708095,9.252225e-05,-0.0017875615,0.00083938794,-0.0018624599,0.00037650167,-0.0013983701,0.00010833424,0.00109733,-0.0017304502,0.001200979,-0.00012589894,-0.00040109555,-1.312225e-05,5.639765e-05,0.00026770963,-0.00014580073,-0.00056019786,0.00011262926,1.5075553e-05,-2.3163736e-06,-0.0007356724,0.00011480169,0.00020042605,0.000729505,-0.001619377,0.0002238707,-0.0002875692,-0.00031328897,0.00040210344,8.288174e-05,0.0005701679,0.0006263131,1.7181905e-05,0.00017055644,-5.2785334e-05,0.00065667817,2.5099049e-05,-5.4042113e-05,-0.00045217547,0.00026083578,0.0005646278,-0.00019848181,-0.0017113613,0.00040965967,0.0007939972,0.00018256567,-8.457112e-05,0.002353391,-0.00035945146,-4.0841885e-05,-2.1426393e-05,-9.070248e-05,0.00044016022,0.00037625027,5.422049e-05,-0.00048475017,-0.00017324559,-0.00010223795,0.0026090126,0.00026164515,-0.0010594648,0.00035086906,-0.00018778171,-0.00028875683,-0.00031157382,-6.359117e-05,-0.00069886225,-0.0014450493,-0.00030414033,0.0011479552,-0.00097275345,0.0005519541,-0.00018399597,-0.0026709642,-0.0012394722,-0.00068210595,0.00012132173,0.00038575006,1.661708e-05,0.0013634438,-0.0015526123,-0.00044258215,0.00015935823,0.0004515803,-0.00073681487,0.00061108865,7.351223e-05,0.0015575243,0.000984138,0.0013763893,3.721156e-05,-0.00057903124,0.00014574986,-4.8050988e-05,0.00035378625,0.0014499973,-3.64488e-05,-0.00018043161,-0.0002074039,-7.9139165e-05,-0.0004344165,0.00057812844,-0.002265367,0.0013403972,-0.0009141335,-0.000711812,-0.0010453061,0.00031558145,-1.7594495e-05,-0.0005512261,0.00035020462,-0.00035328575,0.0003983691,-0.0008709684,-0.00094823237,-0.00054587715,-0.00042907597,0.0010943369,-0.00017280724,-0.00025823768,-0.0004867769,0.0005191748,-0.00039374366,6.8100308e-06,0.00035081687,-0.0012977471,2.5593094e-05,0.00070004736,-0.000992338,-0.0021353352,0.00035661063,5.1716663e-05,0.0010342171,3.694571e-05,-0.0002850807,-0.0017179198,-0.0003835546,4.0283878e-05,0.0010519781,0.0003635189,-0.0007374224,0.00051686575,-0.00038918943,0.0002277603,-0.00012416093,0.0024794082,0.00074318354,-0.0002999247,-0.00087027386,0.0013252303,2.0906158e-05,-9.529859e-05,-0.0007252782,-0.0006964123,0.00088772277,0.00032042013,-0.00036481346,0.0002578735,-0.0001168367,-0.00043601324,0.00075993617,0.0010596776,0.0006699415,-7.6918834e-05,0.00084388885,0.00024274463,0.000630674,-0.00043270845,3.9996292e-05,-0.0010537695,-0.00014641648,-0.00018119963,0.0009283604,9.846114e-05,0.00026263105,0.00037237164,4.5358356e-06,2.4724755e-05,-0.00019353857,-0.00010445219,-0.0006042343,0.00045989765,0.000512556,-0.00029916168,-3.9231258e-05,0.0001742704,-0.00053469744,0.0007117444,-4.4882972e-06,0.00021966631,0.0014438723,-0.00071962096,0.00024521886,-0.00017962087,-0.00034591547,0.0005801852,0.001500844,-0.0013749335,-0.0011943096,0.00088191614,-0.002998324,0.0010649974,0.00026741804,-0.00038046125
0.000839941,-0.0022588533,-0.00025050063,-0.00077415945,-0.0007410187,0.0011457971,0.0022274442,-0.0003460128,0.0024713099,0.00019385752,0.000276158,-0.00041949045,-7.626658e-05,0.0008204274,-0.00048393346,5.9350594e-05,0.0015463036,0.00034574454,-0.00018293904,0.0005379291,0.00081685244,0.0009974621,-0.00019809035,0.0027976038,-0.00064012624,-0.0003745528,-0.00028135427,0.00022941717,-0.0027299204,0.0034857865,0.0011433065,0.000262695,-0.001272949,0.000323183,0.33811462,0.000989563,0.0006428779,-0.00055169594,-0.00025791573,-0.0010415228,2.3148325e-05,0.0006028767,-0.00026114794,0.00074274134,7.424259e-05,0.0012126393,-0.0019212199,-0.0013912529,-0.0019741238,-0.00052542903,0.00090032566,-8.263471e-05,0.00066871254,-0.00057035254,-0.0012286955,-0.0006021008,0.0005620138,0.00036818915,-0.00011478233,-0.0005998567,-0.0007354544,-0.00028849332,-0.0003016297,-0.0018082446,-0.001198494,-0.0004212476,-0.00033794608,-0.00049185974,0.00023351608,-0.0004414724,0.00076523115,-0.00048223065,0.0015626778,-0.0005921039,-0.00091996475,-0.00061231095,0.0016399834,-9.534654e-05,-0.0011909351,0.00104921,-0.0002970132,0.0004482914,0.00013111775,-0.001113182,-0.00030643877,0.0009155642,-0.0007016652,-0.00080596237,-0.00034449078,0.00050590915,0.00056039036,0.00029180563,-0.00089199917,-0.00025132386,0.0001268247,-0.00040244762,0.0010563593,-0.00074088114,-0.00066440686,0.0037810216,-0.0013067363,-0.00057407643,-9.394189e-06,1.7056711e-05,0.002465012,0.00015582297,-0.0021177938,-0.0002810961,-0.00114175,-0.0012399042,0.0003126283,-9.748079e-05,-0.00013721193,-0.00011164286,-8.065496e-05,-0.00023620675,-0.0015117115,0.00036159586,0.00036428912,0.00032738573,0.0004884739,-0.0006936243,-0.00028990296,-0.00027446673,0.00087208324,-0.0011449303,0.0005126817,0.0013146449,-0.00051371235,0.00024345475,0.0003564812,0.0004020886,4.032071e-05,0.001073313,-0.00052304496,-7.824139e-05,0.0009008171,-0.0022810635,-0.002669182,-0.00019273367,0.00013124644,0.00065707957,0.0016624049,-0.0007447789,-0.0005201369,-0.0020436659,-0.00044199976,-8.930013e-05,-0.0003119088,0.00038030767,0.0019336679,0.0004693869,0.00012427566,-0.000893645,-0.004003509,0.0010730902,-0.0006061414,0.00371917,-0.0014864716,0.001116172,0.001301972,-0.00026183872,0.00049331394,0.0031172808,-0.00033179327,-0.00072219083,0.0008607345,-0.00088338845,-0.0003962754,0.0021900686,-0.002662583,-0.00043693898,-0.00047441034,0.00022178308,-0.00048035843,9.202755e-05,-0.0003250189,0.0009474604,0.0004750653,0.00036583145,0.0007419476,0.00015911159,0.00017413804,0.0010208088,-6.236635e-05,0.00054144504,-0.0005497354,-0.00064451713,-0.0005809126,1.043876e-05,-0.002019603,-0.00019890617,0.0005830175,-0.001116569,-0.00030148256,-0.0003315944,-0.0014576814,0.0007008551,0.0018241676,0.0022292677,-0.0012075666,-0.00027685647,-0.0005304599,-0.0010441302,-0.000121353405,0.00018248639,-0.00025212194,-0.00084857957,-0.0003839934,-0.0030593057,-0.0012031419,-0.0017818373,-0.00073666574,-0.0016388213,-0.00044705597,-0.0016359632,-0.00027512523,-0.00046489673,0.0004718323,0.001867369,0.00042424217,-0.0028464864,-2.5155112e-05,0.0010293252,0.0008414512,-0.0004040972,-0.0003036239,0.00022463822,0.00034589224,-4.705406e-05,0.0027709354,-0.0022230987,0.00023066037,0.0005150505,-0.0006977987,0.00024595883,-4.3910255e-05,0.0007146495,-0.00031846002,-0.0023127901,-0.00029452745,0.0010504469,0.0011313568,0.0004373016,0.0001400306,0.0019074939,-0.00026696574,-0.00035042615,0.0004789874,-0.00018139351,0.002753568,9.960888e-05,-0.00021493323,-0.0007771107,0.0010297843,-0.00018171416,-0.00045061356,-0.00039556212,0.00065146835,0.000108894084,-0.0006639566,-0.0013573504,-0.0006564979,-0.0008514165,0.0014425248,0.00074771285,-0.0010665716,0.00034356015,0.00091406883,0.00054276304,0.00052134466,-0.00011418919,0.0018210581,-4.1251726e-05,-0.00017097464,0.00034688186,-0.000103039325,-0.0011509166,0.0001413439,0.002874347,0.0006009216,0.0009665932,0.0011450034,-0.0003872377,0.00060353323,0.0004086247,-0.0023573455,0.00059782324,-0.0028206354,-0.0003943964,-0.00023083843,0.00013966695,0.0009588993,-0.00017799677,-0.00073843054,-0.00013060859,-0.0040801517,-0.00063285726,0.0007517293,-0.0016076168
0.00029340875,0.0009205719,2.9413746e-05,0.0006684574,-0.0015647343,0.00031334357,-0.0002640079,-0.00019488628,-2.5351394e-05,9.240658e-05,4.1978572e-05,0.0001835996,6.9323214e-05,-6.493019e-05,-0.0004676307,0.0001258721,-9.7611584e-05,0.00021053747,0.00069903926,-0.00015065809,-8.3158986e-05,-0.00011723717,8.8513e-05,-0.00021478668,0.0001934368,0.00017817697,0.0007496357,1.8575569e-05,0.00040355985,-0.0007839139,-0.0006453193,6.8109503e-06,0.0012068292,-0.0006610281,0.0006539896,0.3410938,-0.0009843273,4.9935526e-05,0.0002907534,0.00044798158,-0.00013628684,0.00020765116,2.4946406e-05,-0.0004373179,-9.301579e-05,0.0007951873,0.00026497757,0.00062542286,-0.00025660923,-4.5052424e-05,-0.00012345612,-2.6725465e-05,0.00066523044,-2.026482e-05,0.0002972642,0.00090339436,-8.698604e-05,-0.00015669437,-0.00016211098,-0.00016489215,0.000148673,-0.00014591281,0.0002091327,0.0009552768,-0.0012150209,-5.8704223e-05,0.00030731165,-5.5961667e-05,0.00012082856,0.0006857167,-0.00018328612,0.00041365303,-0.000711748,0.00031194373,6.502948e-05,-3.850285e-05,-0.00056673604,-2.7831142e-05,-0.00044395178,-0.00029412712,6.5750515e-05,0.0006271813,0.0010362689,-0.0001287739,0.00037367467,0.00066458184,0.0005724001,0.0005599795,0.00024951345,2.4107812e-06,0.00014551196,2.8614271e-05,5.261888e-05,-0.00078837085,0.00016377181,-0.00011043497,-0.00036874678,-0.00061973353,0.00066293695,-0.0019672199,0.0005286309,-0.0004179458,6.668157e-05,0.00033283688,-0.0016637112,0.0004530817,0.0003761984,-0.00014157649,8.275383e-05,0.000424262,-6.1272485e-06,-1.5062822e-05,-0.00019108155,7.103249e-05,5.048775e-05,7.1025584e-05,0.00011128713,-5.738382e-05,-1.3027793e-05,0.00026508648,-0.00086878054,0.00030538632,-5.8981936e-05,-0.00017834219,-0.00011166749,0.00024147485,8.4314306e-05,3.6856436e-05,0.000147196,-7.986982e-05,-7.7156845e-05,0.00020504942,8.181192e-06,-0.00038881353,-3.2553226e-07,0.00010289067,-2.37859e-05,0.0006940757,2.716577e-06,0.00033918017,0.00024200344,-8.059321e-05,-0.00027949858,-0.00046432004,7.5972093e-07,0.00043963589,0.000363485,-1.097332e-05,0.0003149228,5.1344854e-05,-0.00044135575,-0.00041957668,-8.2006925e-05,0.00034355457,0.0022728373,-6.545633e-05,-0.0003286138,-0.0008840709,0.00030881783,-0.00051711523,-0.0005389585,8.686103e-05,-0.0002693706,-0.0012006175,-4.3679625e-05,0.0005647699,-0.0007579437,0.0005497896,-4.4020675e-05,-0.0018435274,0.00025074315,-0.00026676545,0.000190512,0.00013283172,0.00017729752,0.0004493241,-0.00046674904,-0.00026898627,1.9221046e-05,-8.778012e-06,-0.00048911746,0.00029594277,-3.2588352e-05,0.0005633179,0.00046347847,0.0006030393,0.00020187575,-4.4515986e-05,0.00032690432,-5.3043586e-05,0.0005603849,0.0007465044,-0.00020600112,0.0002686777,4.093114e-05,2.5286621e-05,0.00022764619,4.8494698e-05,-0.0017652436,0.00020649901,-7.966372e-05,-0.00039523662,-0.0005400545,0.00025607843,-1.4939078e-06,-0.0004918242,0.00021152831,5.35508e-05,0.00023845333,0.0002110399,-2.0429368e-05,7.592808e-05,7.283171e-05,0.00047476575,0.00037394074,0.0003697829,-0.00017019021,0.0003548347,-0.00025683994,-0.0005061781,1.0356057e-06,0.00021087288,3.1293264e-05,0.00011140054,-0.00068729534,-0.00076268066,0.00033783802,-6.26327e-05,0.00036075254,6.562473e-05,-0.00083528645,-7.032673e-05,-0.00027908426,-0.00014099712,0.0007080258,1.6415583e-05,-0.00020543869,-0.00029081572,-6.5594104e-05,0.0006340349,-7.156589e-05,0.0009229525,-0.0001146363,-0.00021244022,-0.00039968544,0.00015104105,0.00011927192,6.654286e-05,-0.00035131627,-0.00030679445,-0.00039328533,4.7728117e-05,-9.2770584e-05,0.00030984293,-0.0003439888,-0.00024537477,0.00045802913,0.0005639252,2.5656096e-05,-3.3863293e-05,0.00060752954,0.0006309773,0.000525722,-0.00025269203,-0.00035599587,-0.0005864176,0.00036099352,-0.00019178141,0.0002069083,-7.957293e-05,-0.00020616403,0.00017864375,-0.00045746582,7.1806106e-05,-5.2537973e-05,-0.00012821375,-0.0001683869,0.0006703088,0.00028624324,-0.0006392175,-0.0002380759,-0.00024681084,-0.00053733407,0.00032472162,-0.00017616202,-3.0723222e-05,0.0009716144,-0.0002749072,0.0008394459,0.000105802974,-0.000110150344,0.00022606665,0.00039830184,-0.00054892735,2.2477165e-05,0.00040812965,-0.00038717227,0.00050084066,-0.00011436883,6.124799e-05
0.0013832666,0.0019772984,0.00031805353,0.00399544,-0.0053736414,0.0016746896,-0.000111722744,-0.0007635885,0.0014165638,0.00063126296,0.0004123667,0.00016134752,0.0003823167,0.0003238344,-0.0019227681,0.00061099866,0.00030142866,0.0006569327,0.0017383149,4.925756e-06,0.00020591872,0.00069135916,0.00037133403,0.001776226,0.00020348656,-3.5778794e-05,0.001673754,0.0002832284,-0.0010608375,-0.00059161894,-0.002153562,0.00020710507,0.002604244,-0.0016051566,0.0002755078,-0.0011639469,0.33759305,4.85863e-05,0.0008966947,0.00061931676,-0.00047860935,0.00055639335,0.00044570843,-0.00059767236,-0.0001794351,0.0034045225,-0.0005392732,0.0011966412,-0.0019843935,0.00018652658,0.00031703027,-0.00013831595,0.0027002054,-0.00046330455,-0.00021180701,0.0017563076,-2.0922604e-05,-0.0002549199,-0.00022594955,-0.00075188774,-8.470312e-05,-0.00087799586,0.00029044139,0.0018261289,-0.0043469183,-0.00028620163,0.0009039336,-0.00053423777,0.00038984543,0.0019715312,-0.00011247786,0.0012864775,-0.0011951234,0.00033059268,-0.00045053178,0.00039604135,-0.0005124104,-4.913633e-05,-0.0009932672,-0.00018128239,6.494406e-05,0.002243848,0.0035990616,-0.0007394859,0.000884301,0.0014368234,0.0016661701,0.0019024356,0.00010414036,0.00021386467,0.0010407241,0.0002494923,-0.00032362083,-0.0020314502,0.0005019714,-0.000538876,-0.00026604204,-0.0027740058,0.0014090915,-0.0034317533,0.0009782936,-0.0025422645,0.00038479484,0.001388196,-0.0034578373,0.002166619,0.0009206412,-0.00033749445,-0.00037878868,0.0005086263,0.00025066698,-0.00018418001,-0.0008300152,0.00022190962,0.00018797157,0.00024219869,-0.00076361466,1.2866448e-05,0.00022469886,0.0010055552,-0.0026127864,0.0005336958,-0.0003107177,-0.0004920287,0.0005694316,0.00039944373,0.00078740995,0.00016500558,0.00018394293,5.349028e-05,-0.0001224029,0.0009984996,-8.933309e-05,-0.00023612127,-0.0005908037,0.00048088777,0.0006877388,-2.8977594e-05,-0.0028701513,0.0007036515,0.0010277046,-5.380492e-05,-0.0005114204,0.004068212,-0.00030444202,0.0005777585,0.00029391126,-0.00010917948,0.00074562174,0.00037361681,-0.0007556775,-0.00053076434,-0.00032154954,0.00012636375,0.0044987677,0.00010599156,-0.0010198755,-0.0007109674,0.00019773509,-0.0008152296,-0.00037255668,5.543422e-05,-0.00144943,-0.0022710508,-0.00022265475,0.0018184318,-0.0016074503,0.0011663478,-0.00013966262,-0.0046875486,-0.0009177625,-0.0008604854,0.00028562444,0.00033527357,0.00022238957,0.0020318157,-0.0023814207,-0.0008365956,0.00011323866,0.00075043965,-0.0014048686,0.0008953739,1.9006993e-05,0.002205663,0.0014176454,0.0016945415,0.00026197507,-0.0007126852,0.00051089824,-2.1110842e-05,0.0010419963,0.0023003174,-0.00030399422,6.922967e-05,-0.00015186156,5.453593e-05,-0.00027007365,0.0006517233,-0.0037723882,0.0016537815,-0.0010334103,-0.0012297279,-0.0013312217,0.0006410606,4.1437444e-05,-0.0008282592,0.0006165164,-0.0002148586,0.00060353806,-9.5335614e-05,-0.000856828,-0.0006635471,-0.00037405852,0.0024982353,0.00041600168,0.00013461085,-0.00060887,0.00077062886,-0.0007867753,0.00010684891,0.00037717188,-0.0012097757,4.0170202e-05,0.0004663462,-0.0016530801,-0.0032531426,0.0005561323,6.704735e-05,0.0015253229,5.513278e-05,-0.00096889585,-0.0023073447,-0.00048998056,-6.401192e-05,0.0017764886,0.0002971683,-0.00094792567,0.0005582372,-0.0002431309,0.0011955493,-0.00012491776,0.0034592377,0.00069127005,-0.0004371806,-0.0019770265,0.0016892789,0.00012899368,3.2259355e-05,-0.001336604,-0.0007606073,0.0009235175,0.0003595442,-0.00046727035,0.0006365803,-0.000518,-0.0011508658,0.0012042437,0.0019543609,0.0008483415,-5.617605e-05,0.0011024767,0.001092259,0.0009962564,0.00017652904,-0.0006117797,-0.0019044344,4.834967e-05,-0.00036074233,0.0010225564,-9.223083e-05,0.00042953715,0.00045075256,-0.00047262778,7.857286e-05,-0.00015351888,-0.00028485977,-0.0010007661,0.00078982854,0.00070187513,-0.0015660928,-0.0003654651,9.043967e-05,-0.001100736,0.00091603084,-0.0002370378,0.00016608812,0.0015209306,-0.001152936,0.0011720048,-0.00056266785,-0.0005201814,0.0008482302,0.0022149454,-0.0020215127,-0.0016279052,0.0013905027,-0.004694433,0.0016350031,2.1711297e-05,-0.0005831392
0.0008523626,-0.0016539668,-0.0006227744,-0.0023043307,-0.0012190451,0.000650899,0.002079963,-0.00030702018,0.0015549895,6.766116e-05,0.00025763686,-0.00013118735,-6.7507004e-05,0.0005851193,-1.5180105e-05,-5.913084e-05,0.0013180621,0.0004037559,0.0003201551,0.00047327852,0.0007064133,0.00046986758,-6.525556e-05,0.0016590544,-0.0003401741,6.748309e-05,-0.00062123983,0.00019122243,-0.0012864867,0.0023581437,0.0010129329,0.00022400919,-0.00030915157,-0.00011817049,-0.0012678633,0.00029892806,0.0004645074,0.3410505,-0.00023306478,-0.00071994844,-9.529997e-05,0.00063633936,-0.0003398548,0.0008570379,3.8998915e-05,0.0012882237,-0.0015439854,-0.0010271041,-0.0015089746,-0.000559908,0.00048811827,-0.00022573191,0.0005176432,-0.0005387673,-0.00073153054,0.00045736917,0.00042234408,0.00024499258,-0.00011673287,-0.0006269793,-0.00046906195,-0.00010215109,-0.00025103544,-0.0010027305,-0.0015440473,-0.0004635728,-7.2522016e-05,-0.00035912992,0.00025973143,1.5912887e-05,0.0005449104,-0.00043415092,0.0009096051,-0.0003920091,-0.00067756954,-0.0012291645,0.0008855049,-3.628896e-06,-0.0014695682,0.0006180281,-0.00017398769,0.00046228178,0.00024832296,-0.0010265947,-0.00016154355,0.0016031291,-0.0005792453,-0.0006731555,-0.00014717279,0.0004438648,0.00043982983,0.00019919804,-0.000737034,-0.00067962386,0.00017211489,-0.00028970884,0.00061559235,-0.0005971282,-0.00023625923,0.001653673,-0.0009778109,0.0001358912,-0.00020692151,7.616859e-05,0.0015499766,-0.00037118513,-0.002253043,-0.0004255823,-0.00036194213,-0.0008899912,0.00025928963,-0.0001934369,-0.0001924169,-5.3507603e-05,-4.0338273e-05,-5.321763e-05,-0.0010363292,0.00029383626,0.00021456057,0.0003528654,0.00018728383,-0.00043183213,-0.00025060226,-0.00019153312,0.00048083128,-0.00091248436,0.00030676593,0.0016751834,-0.00033699317,2.2245862e-05,0.00023189989,0.0002150533,0.00017231144,0.00047957562,-0.00031909143,-0.00012931006,0.0006955873,-0.0009368088,-0.0011467009,-0.00012382604,-7.612004e-05,0.00061350473,0.001486056,-0.003310738,-0.0005864782,-0.0016408778,4.629201e-05,-7.62376e-05,-0.0001760577,0.0003340819,0.0017699365,-0.00015273782,0.00029129535,-0.0005279774,-0.0014387807,0.0007328708,-0.00082289724,0.0028998822,-0.0012151983,0.000501635,0.0002884983,-0.0003015072,0.0007843074,0.0015597873,-0.00039327468,-0.000354312,0.00031440242,-0.0005894714,-0.0004998539,0.0011948479,-0.0024012625,-0.00048912026,-0.00031426118,0.00047335692,-0.00031355547,0.0001578564,-6.088303e-07,0.0007872193,0.0005058977,-3.9414736e-05,0.00067124964,0.00024820046,0.00011208106,0.0009267508,6.855621e-05,0.001001642,-0.00039948564,-0.0005243229,-0.0003805003,8.311496e-06,-0.0015441288,7.042078e-05,0.0003707702,-0.0008840287,-0.00028857496,-0.00024797473,-0.001056434,0.00056501775,0.00063741446,0.0017043609,-0.00087408937,-0.00028961344,-0.001133858,-0.0008562102,-0.0001164016,-0.0002620007,-0.00021379191,-0.00063545606,-0.00023088181,-0.0034681961,-0.0010456991,-0.0012159176,-0.0005975692,-0.002276889,-0.00027305316,-0.0011813365,-0.00033514434,-0.00013254656,0.0003966602,0.0007404991,0.000358499,-0.0018904522,3.700517e-05,0.0012197786,0.00043019617,-0.00033423066,3.255529e-05,0.00016320315,0.00024314523,-3.9107723e-05,0.001873046,-0.0013156966,-5.920198e-05,0.00035278476,-0.00028917642,0.00036077772,-9.97191e-05,0.00018358942,-0.00029063594,-0.001977139,-0.0002276034,0.0013430226,0.00090587954,0.00016815729,0.00045372878,0.0015848196,-0.00015930038,-0.0002691388,0.0005273272,-0.00057351467,0.0016555442,0.00015748426,-0.0001711182,-0.0005756218,0.0007625495,0.000117714386,-0.00020545884,-0.00027886507,0.00034937388,5.3377156e-05,0.0001085237,-0.0008996313,-0.00015712323,-0.0017553439,0.0013761658,0.0006774751,-0.0005226395,9.620403e-05,0.0009129001,0.0004689135,6.0113493e-05,-4.615046e-05,0.0013942554,-2.0808364e-05,-0.00011936105,0.00024353544,0.00013252026,-0.0003324239,0.00015443872,0.0028186617,0.00046912697,0.0005229403,0.0007416806,-0.00012160561,0.0004347237,0.00036131984,-0.0007442714,0.0007285306,-0.0019326638,0.00015804208,-0.00022432902,0.00013509812,0.0006026972,-0.00033978876,-6.2052575e-05,-1.7945027e-05,-0.0027829094,-0.00049307145,0.00061914447,-0.0013601064
-0.00089537096,-0.0014443495,-0.00015359564,-0.0029499324,0.003337795,-0.0008986037,0.00018559657,0.00047540452,-0.00095995155,-0.00041261435,-0.00025630376,-6.797739e-05,-0.00019909735,-0.00018287571,0.0011712785,-0.00040384787,-0.00013329939,-0.00046615372,-0.0011087161,1.20421755e-05,-0.00018134872,-0.0004918608,-0.000260623,-0.001280498,-0.00015408335,7.711649e-05,-0.0008689125,-0.00021969841,0.0007538895,0.00028994933,0.0015417578,-0.00013393405,-0.0016686188,0.0009902186,-0.00011289561,0.00073817326,0.0018813242,-0.000106060295,0.34122002,-0.00040860547,0.0003423376,-0.00024768163,-0.00030923492,0.00028983128,0.00013226923,-0.0019110073,0.00044154792,-0.00071736146,0.0014509774,-0.00019861989,-0.00021787791,7.771733e-05,-0.0018724749,0.00034577356,0.0001839775,-0.0008880157,6.996421e-05,0.00013929378,8.7159715e-05,0.0005174199,0.00011898064,0.0005520517,-0.00017549275,-0.0011842875,0.002635199,0.0003751327,-0.0005622615,0.00033743595,-0.00024935842,-0.0013395651,9.31427e-05,-0.00082996214,0.00091414177,-0.00018673339,0.00034894905,-0.0004007305,0.00029512338,2.3665543e-05,0.0004917609,8.516229e-05,-0.00010353117,-0.0014530366,-0.0022654603,0.00046614933,-0.0005525682,-0.0011106359,-0.001121623,-0.001329729,-3.4900186e-06,-0.00015499585,-0.00072455476,-0.00013819673,0.00023005885,0.001273371,-0.00026304636,0.00034589824,9.832805e-05,0.0018244043,-0.0008824041,0.0020480766,-0.00061230117,0.0017101357,-0.00022929518,-0.0009204246,0.0022041497,-0.0014484514,-0.0005823927,0.00020953425,0.00016796675,-0.00023669751,-0.00019083435,0.00018249621,0.00059349503,-9.713377e-05,-9.5929245e-05,-8.587475e-05,0.00056320586,-3.9203587e-05,-0.00014459383,-0.00070287246,0.0017067828,-0.00031566265,0.00030044655,0.00027533967,-0.000361223,-0.00027587553,-0.0005063205,-0.0002509759,-9.208703e-05,-6.859058e-05,0.00015522551,-0.0006199096,4.214056e-05,8.742049e-05,0.0003964439,-0.0003409766,-0.00042364604,9.3795396e-05,0.0019534759,-0.00044278364,-0.00080948224,4.986408e-05,0.0004430108,-0.0025330877,0.00026845746,-0.00035554622,-0.0002515988,6.4846674e-05,-0.0005013266,-0.00024517073,0.0004433504,0.00031359517,0.0002741037,3.1930358e-05,-0.002571867,-6.884348e-05,0.00082330144,0.00040750258,-0.0001057646,0.00040371987,0.00023016824,-4.6478694e-05,0.000983495,0.0015551995,0.00014972643,-0.0012137657,0.0010071319,-0.0007592274,2.8796789e-05,0.0029448406,0.0006209909,0.0005074275,-0.00011705382,-0.00026689225,-0.00011330616,-0.0014049335,0.0016146475,0.0005681984,-7.6017684e-05,-0.0005273684,0.0008907563,-0.00055196625,-1.9608635e-05,-0.0014397029,-0.00095391175,-0.0011172455,-0.00014111436,0.0004990434,-0.00024354234,5.094412e-07,-0.00073280756,-0.0014992419,0.00011119121,5.9323957e-05,0.00012547284,6.5231607e-06,0.00020611002,-0.0004003846,0.002414405,-0.0009528239,0.0007049751,0.00072466896,0.0007867295,-0.00047580153,1.2091022e-05,0.00044943567,-0.00040808987,0.00019369434,-0.00039755396,-0.0001117412,0.00070148456,0.000333866,0.00027322333,-0.001790836,-0.00022842952,-9.0599126e-05,0.00037712007,-0.00054478704,0.00046546396,-4.487818e-06,-0.00024728637,0.00093366526,-3.9078892e-05,-0.0003532984,0.0010819719,0.0021734743,-0.00032904165,-7.303723e-05,-0.001023799,6.474875e-08,0.0005789958,0.0014992714,0.00028090543,2.8462291e-05,-0.0011268534,-0.00027423125,0.00070123735,-0.00057247165,0.00023035554,-0.0008087519,9.3044044e-05,-0.0023384287,-0.0005314168,0.00028459108,0.0010701242,-0.0011519358,-7.18891e-05,-7.044925e-06,0.00092880754,0.0005010598,-0.0005988166,-0.00031808167,0.00034197833,-0.00038337964,0.00027332033,0.00063613243,-0.00078506186,-0.0012260131,-0.0005954163,3.5873432e-05,-0.0006664458,-0.0005362179,-0.0006376886,-0.00031371377,0.00037665217,0.0012767538,9.76333e-05,0.00019840528,-0.0006819514,4.453101e-05,-0.0003605975,-0.00028422585,0.00028134172,-5.4989912e-05,0.00014638835,0.00021525337,0.00065206137,-0.00043127037,-0.00043542206,0.0011168582,0.00015303803,-9.6295036e-05,0.0006599099,-0.00065471104,0.00013307923,-0.00013594299,-0.0012562287,0.0008586261,-0.00069995585,0.00034349994,0.00033099155,-0.0005312929,-0.0014524036,0.0013375445,0.0012704598,-0.0009072097,0.0032139737,-0.0010312597,-5.895037e-05,0.00021196457
0.00052801217,-0.0011815566,-0.00028532077,-0.00079004077,-9.8183235e-05,0.00023550009,0.0013903393,-3.6639274e-05,0.0014336172,8.2964354e-05,0.00015306598,-0.00011090546,5.5473306e-06,0.0005462936,0.00024461813,-3.398643e-05,0.00085204263,0.0003506442,-3.547565e-05,0.00048486338,0.00061472144,0.0005657868,-0.00019226922,0.001708432,-0.00047733908,-0.00016101057,-0.0011832056,6.574837e-05,-0.0014698745,0.0024347883,0.00056276406,0.00021591964,-0.00078967086,0.00019778004,-0.0012958848,0.0005221181,0.00045712487,-0.00037790288,-0.00026259702,0.3411077,-9.14973e-06,9.386211e-05,-7.430006e-05,0.0006092077,-8.357907e-06,0.00024115056,-0.0015129403,-0.0010520063,-0.00074079505,-0.00033594808,0.00042298433,-9.62301e-05,0.00032925623,-0.00052135094,-0.00077797513,-0.0006906633,0.00034309892,0.00021698064,-8.43705e-05,-0.00038926842,-0.00046054713,-1.3624345e-05,-0.00015738478,-0.0010029941,-0.00045334827,-0.00025929435,-0.00014535994,-0.00024131926,9.62146e-05,-2.5522513e-05,0.0004062327,-0.00048561938,0.0004742951,-0.0002617867,-0.00062826544,-0.00030590972,0.0010260063,-4.1562416e-05,-0.00051805883,0.00066779176,-0.0003133677,0.00025325306,8.389252e-05,-0.0007634626,-0.00016535052,0.0014531674,-0.00042612114,-0.00041765446,-0.00019088501,0.00028946827,0.00035191263,0.00021066547,-0.000569756,0.00031239903,0.000107853266,-0.0002476359,0.00059301726,-0.00041633018,-0.0005453458,0.0024440233,-0.00092233234,1.1686656e-05,-0.0001595262,0.00016991863,0.0019589856,-0.00019490175,-0.0020891593,-0.00024957157,-0.00033107746,-0.00095221703,0.00014509694,-0.00015759995,-7.458589e-05,-6.1091196e-05,-5.9734848e-05,-0.000114219234,-0.0010241702,0.000286064,0.00017700686,0.00021209003,0.000445235,-0.00042883243,-0.00024334622,2.1381748e-06,0.00047410637,-0.00067022705,0.000295868,0.0013700017,-0.0003082956,6.928697e-05,0.00016027967,0.0003088886,0.000121634934,0.0007111853,-0.0003588585,-0.00014730365,0.00053415354,-0.001335306,-0.0017014632,-0.0001126745,0.000117166695,0.0005448099,0.00094601035,-0.00231492,-0.0003861799,-0.0013988754,0.00021672969,-9.8173514e-05,-0.00030522863,0.00021051907,0.0016260287,0.00024219266,0.00014080829,-0.00085626805,-0.0024685804,0.00056489476,-0.0007025523,0.002812635,-0.0011351171,0.0007851963,0.00048137357,-0.00027760203,0.00052970607,0.0013972742,-0.00021090556,-0.000508817,0.00063638296,-0.000809103,-0.00021390637,0.0017260062,-0.0022232695,-0.00028872298,-0.00029560138,0.00033608775,-0.00037921892,0.000137666,2.0288122e-05,0.00046062653,0.00025170943,0.00017061825,0.0006609735,4.5455045e-07,0.00015947488,0.00037732243,-5.9251994e-05,0.00047485356,-0.00034482728,-0.00040849418,-0.00034819412,2.3175622e-05,-0.001225283,-0.00018507305,0.0004140232,-0.00073560746,-0.00017952376,-0.0002760888,-0.0009060339,0.00044918506,0.0013160311,0.0010807712,-0.0007407348,8.798034e-05,-0.0005627217,-0.00050884177,-7.823784e-05,0.00031164623,-0.00021204157,-0.0006753007,-0.00016102596,-0.002264937,-0.0011172557,-0.00077139714,-0.00041058983,-0.0012647064,-0.00020792903,-0.0011547357,-0.0001873727,-0.0001859476,0.00043879787,0.00051291176,0.00027357973,-0.0017805222,5.7297304e-05,0.0009309017,0.0005669723,-0.00028429265,-0.000236774,6.273524e-05,0.00017878806,-7.2539726e-05,0.0020798063,-0.0011461278,0.00013981512,0.0002111494,-0.00053839566,0.00024524727,-0.00025499982,0.00081680575,-0.0002026387,-0.0016653963,-0.00019272097,0.0003802175,0.0010266188,0.00022192554,0.00036868532,0.0014385082,-0.00022657077,-0.00021369383,0.00032144258,-0.00030482432,0.0018116352,0.000116224226,-0.00018600668,-0.0005536815,0.000760983,0.0002753495,-0.00027062753,-0.0005624523,0.0004902586,0.00010891281,-0.00035184936,-0.0013484819,-0.00036370938,-0.0007266506,0.0011777157,0.0005456686,-0.00092498737,0.00012893607,0.00064523245,0.00031639886,0.0004736001,-2.5499037e-05,0.001368133,-4.2301876e-05,-0.0001403522,0.00020610094,9.762897e-05,-0.00071686326,-3.1729921e-06,0.002139444,0.00053382665,0.00061340997,0.0007447992,-0.00014354859,0.00036992878,0.00030818026,-0.00054320483,0.00036456657,-0.0019880251,-4.5033332e-05,-0.00016676454,2.5090842e-05,0.0004237976,-0.00017681268,-0.000664189,-0.00011287174,-0.0029450508,-0.0004360985,0.00043923646,-0.0006682653
0.000809936,-0.0009027065,0.00012344115,-0.000120082186,-0.0025217466,0.0018349673,0.0012456377,-0.00049063656,0.0015632336,0.00025667588,0.00022770587,-0.0001617612,6.695869e-05,0.00034996035,-0.0012731401,0.00023361208,0.0010500888,0.00011894596,0.00042964684,0.00015540006,0.00030678223,0.0005202928,3.122598e-05,0.0019465915,-0.00015770966,1.4617165e-06,0.0015879758,0.000113944276,-0.0016622508,0.0008337624,0.00037141747,0.00011389075,0.000447052,-0.00038315714,-0.00085550256,0.00010486007,-0.0006252301,-0.00027600952,0.00019508794,-0.00019373777,0.34131974,0.0010398924,-0.000174577,1.471031e-05,3.596049e-05,0.0026394336,-0.00045986875,1.6645496e-05,-0.0017414836,-0.00023654176,0.00061406125,-0.00017250591,0.0012263911,-0.00023154786,-0.00035481012,0.0015649863,0.00022532327,5.314067e-05,-0.00014609116,-0.0005009938,-0.00024348423,-0.00052993826,-4.1493735e-05,-0.0004846799,-0.0032193696,-0.00028293225,0.00010311833,-0.00040285944,0.00025531324,4.659355e-05,0.00026326213,0.00031340233,0.00077089015,-9.108466e-05,-0.00040507814,-0.00061730796,0.00042281413,-0.00011842063,-0.0014162003,0.00034206323,-1.3849043e-05,0.00076234346,0.0018295137,-0.0008078612,0.00024013665,0.00011999317,2.6959338e-05,-0.00013598293,-9.097868e-05,0.00026784267,0.00047097928,0.0001508232,-0.00042433056,-0.0010017363,0.0002546627,-0.00040968024,0.00024899625,-0.0012702928,0.00038023767,0.00029489814,-0.00011741326,-0.0011929717,0.00023912094,1.8572886e-05,-0.0008776637,0.00089251046,0.000117104224,-0.00023889524,-0.0011518579,-0.00014829503,0.00017146036,-0.00014095895,-0.00022255185,1.3255308e-05,1.8275434e-05,-4.8327725e-05,-0.00061413576,0.00013130045,0.00017455683,0.000416264,-0.00065727904,-0.00011859904,-0.00025954365,-0.00041895115,0.00058396655,-0.0005503514,0.00036775455,0.00027945734,-0.00016965634,4.2612362e-05,5.7577454e-05,0.0003978604,-6.8701316e-05,0.00026157498,-0.00035545285,2.7839978e-05,0.0006558713,-0.00069625507,-0.00178291,0.00017324198,0.00010463792,0.00012758709,0.0010312278,-6.2190455e-05,-0.00030533533,-0.0007234955,-0.00052688934,-0.00010393736,0.0002466788,0.00024650016,0.00024395032,-2.771203e-05,-8.710846e-05,0.00015068408,0.00044320317,0.0005866725,0.00019683484,0.00076222536,-0.0004009938,-0.00015922915,0.0005819776,9.484198e-06,-0.00022401016,0.0014922188,-0.00033609706,0.0001982475,-0.0003331383,0.00027295455,-0.0003993736,-0.0009797995,-0.0009215722,-0.0005073737,-0.00012927725,6.8124384e-05,-6.0965394e-05,0.00070497295,-0.00079253566,0.0004651655,0.00035695906,0.000262856,-0.00024326815,0.00039799625,7.1073184e-05,0.0013713373,0.00040171196,0.0007555277,-0.00019952541,-0.0005125096,4.109289e-05,-4.209276e-05,-0.0008078931,0.0006668171,6.4246924e-05,-0.0003731588,-0.0001330708,-7.366892e-05,-0.000691753,0.0004756333,-0.0008600138,0.0019484977,-0.000726158,-0.0009308508,-0.00076629117,-0.00054166146,-1.5802316e-06,-0.00063781685,7.2013005e-05,-0.00036149911,-0.00023569244,-0.0018132629,-0.00023291862,-0.0014645491,-0.00036384657,-0.0002716747,0.0005678246,-0.00053539535,-0.00029379217,-1.7645028e-05,-0.00018567313,0.0014544516,0.00024900713,-0.0012343664,3.7308186e-05,0.000389622,-0.00016995858,-0.0010714586,0.00016231096,6.239627e-05,0.0005671262,-9.532807e-05,0.0007084467,-0.0017107538,-3.122396e-05,0.0004110262,0.0003802255,0.0001434848,6.219229e-05,-0.00037399962,-0.00018867565,-0.00050014333,-0.00018033445,0.0016877853,0.00030736305,0.00017626122,-0.0006809993,0.0012293052,-4.0583473e-05,-0.00010761218,-2.1067526e-06,-0.00022285643,0.0012548345,2.1663967e-05,-0.00024775448,-9.9383324e-05,0.0001666263,-0.00090961054,0.0001375267,0.0007470862,0.00025439315,3.6190493e-05,0.00019362145,0.0006544328,4.6540783e-05,-0.0005526861,0.00022980629,-0.00018865702,8.6331886e-05,5.765618e-05,0.0006117372,0.00021607646,-9.774453e-06,0.00011080426,0.00031289022,4.0159473e-05,-7.872128e-05,8.0021615e-05,-0.000345491,-1.3454388e-05,0.0004176632,0.0009083158,-3.43033e-05,0.00031419104,0.000120885365,-0.00012389831,0.00016318075,0.0001684342,-0.0019482035,0.00026586463,-0.00055775605,-0.0003984243,-0.00021019249,0.0002976624,0.0011743462,-0.00058099005,-2.6362493e-05,0.0003676717,-0.0025375297,9.0184385e-06,0.00034004654,-0.0016503186
-0.0007717834,0.0009996507,5.3002896e-05,0.0011968801,0.00227729,-0.0018580358,-0.0012380457,0.0005227018,-0.0010148018,-5.3703163e-05,-0.00020104619,-2.1215288e-05,4.342459e-05,-0.00023047556,0.00138286,-0.00017072553,-0.0010537925,-9.917279e-05,-0.00057466514,5.3997563e-05,-0.00012695263,-0.00025345953,-6.9902e-05,-0.0013830343,-2.1168195e-05,-0.00021462876,-0.0026037996,-5.4635406e-05,0.00079370826,0.0002056259,-0.00065631,-2.3451184e-05,-0.0011554793,0.00077419094,0.00024409566,0.00023201486,0.00086635916,0.00023730185,-0.00026535676,-0.00012739435,0.00012764486,0.33944368,0.00036563,0.00041115654,4.0913037e-05,-0.0022439375,-0.00027177288,-0.000470704,0.0019894345,0.00019949117,-0.00045594072,0.00010623178,-0.0010305517,5.32522e-05,-5.943403e-05,-0.0025891552,-0.000141126,9.255001e-05,0.00014525332,0.000547608,0.00013882278,0.00055123656,-9.161349e-05,-4.3501692e-05,0.003810742,0.00018318182,-0.0001796862,0.00035970254,-0.00034476194,2.0738593e-05,-0.00023504124,-0.0005154868,-0.0009968027,8.11429e-06,0.00015718212,0.0013391798,0.00015251146,0.00010466281,0.0018438267,-3.0045341e-05,-3.2044692e-05,-0.00078621495,-0.0019985558,0.0006234927,-0.00023372643,0.00051604223,-9.006856e-05,0.00027123708,2.2016895e-06,-0.00025489193,-0.00038044437,-0.00017113329,0.0003026433,0.0017908223,-0.00028727722,0.0003558729,5.062132e-05,0.0009881471,-0.0007733643,0.0015321521,-0.00015717252,0.0010317187,-0.000303712,8.419715e-06,0.0017529825,-0.00076522207,-0.00083767576,0.0002744086,0.000992178,-0.00027193894,-0.00018412016,0.000179919,0.00020697336,-8.14031e-05,-2.0713594e-05,0.0001629895,0.00010358404,-4.546705e-05,-5.1929317e-05,-0.00043360775,0.0009391589,-5.2716165e-05,0.00010515679,0.0005494185,-0.00029552812,0.0003937991,-0.0002840784,1.1332624e-05,5.0604223e-05,-7.011929e-05,-6.007299e-06,-0.0001556873,6.0484195e-05,0.00023462159,0.00015862403,-0.000108025015,-0.0005009932,-0.0003002499,0.00029669568,-0.00023599081,0.00023603767,2.3975126e-05,-0.0010885855,-0.0016833286,0.00029195537,0.0003905085,0.0012205974,8.211731e-05,-0.000415071,-0.00027339082,0.00036685597,0.00042774598,4.9348575e-05,-0.0007800629,-0.0018619887,-0.0005326912,-0.0007552592,0.00028950564,-4.8510105e-05,0.00068189664,-0.00018210374,-4.0202278e-05,9.7030745e-05,-0.0010337937,0.0003896549,-0.00040921688,0.0008302038,-0.0006764313,0.00057123974,0.0018311017,0.00013691155,0.0005039011,-4.1833657e-05,-1.6774387e-05,-0.00013215207,-0.000643824,0.0006564513,-0.00052200427,-0.000466011,1.960673e-05,0.00039356443,-0.00056213705,-1.1889917e-05,-0.0015706434,-0.0005456649,-0.0009476772,7.427691e-05,0.00036263553,-0.0001939224,3.7069647e-05,0.00052764243,-0.0008315587,1.7517817e-05,6.562502e-05,0.00014860525,6.1623973e-06,0.0004493396,-0.00038192104,0.001867823,-0.0018955162,0.0004379911,0.0011596598,0.00084325206,0.0005303445,1.0402957e-06,0.0012144723,-0.00016071713,0.00022855477,0.00017142709,0.0016537119,-0.000469915,0.0014422752,0.00022630175,0.0005451601,-0.0005975202,5.5535358e-05,0.00033271482,-0.00018062154,0.00035958868,-0.0014956135,-0.00017607294,0.00064756296,-9.026884e-06,-0.000249351,0.00045879043,0.0008396552,-0.0004163637,-2.036033e-05,-0.00049996277,-2.7316972e-05,0.00019540818,0.0013727148,0.00023353889,-0.00041926038,-0.0007627577,-0.00012929346,-0.0002793773,0.0013702593,0.0001324324,0.0003478866,0.00021158006,-0.0018467035,0.0001333917,-7.3017996e-05,0.00039177685,-0.0005724515,-0.00013509233,1.4726827e-05,-0.00011408527,0.0003592824,-0.0002802995,-5.301157e-05,0.00024863493,-0.00011120103,0.00020364349,0.0011795105,-0.0003231583,-0.0009873633,0.00012865895,1.1529151e-05,-0.0007519531,-0.0015777695,-0.00037662193,0.0012262401,6.1888415e-05,0.00019421695,-0.00079026417,2.0047346e-06,-0.0005604828,-0.00018367704,0.000580557,-9.6350996e-05,0.0002449371,-7.232819e-05,9.998056e-05,4.714716e-05,0.00022803455,-0.00057236187,-0.000639427,-0.0006842287,0.00026530086,4.7390233e-05,0.00016512511,7.442087e-05,-3.2591262e-05,-6.9177e-05,0.0021606337,-0.00051590893,-0.0003185303,0.00015093714,0.00016240198,-0.00037351472,-0.0012027955,0.00056356005,-0.0007344212,-0.0004511574,0.00025114746,-0.00015555113,-0.0002455518,0.0018837523
0.0003117659,-0.0009021299,-0.0002910577,-0.002647554,-0.0008309041,0.00075168174,0.00084872096,-0.00018927398,-5.084449e-05,-8.171781e-05,2.8443095e-05,9.6314245e-05,-0.00020830132,-2.7876193e-05,-0.00028152362,-0.00010791891,0.00062085094,-2.7215521e-05,0.0003736569,2.9337218e-05,-2.5954752e-05,-0.00025848736,1.4035179e-05,0.000103165556,3.2240954e-05,0.00040777793,0.0016840833,-2.8507255e-05,0.0004992047,-0.0006753011,0.0009458475,-1.5704547e-05,0.00082802726,-0.00049335894,0.0002453858,-0.00032037488,-9.791158e-05,-0.00015591907,-1.2688898e-05,0.0001092697,-2.7862883e-05,0.0009300665,0.34085473,0.00029753827,3.3502885e-05,0.0012585457,0.00044155266,0.000270126,-0.0007805775,-0.00013760808,5.3421645e-06,-5.0327348e-05,6.84758e-05,2.7715083e-05,0.00035012313,0.0021197086,7.042459e-05,-5.114767e-05,-0.00010980559,-0.000253158,-1.0116948e-05,-1.9551991e-05,-4.1117913e-05,3.359514e-05,-0.0016495263,-0.00012555382,-4.377338e-05,-7.334682e-05,0.00015738887,-0.00018485141,0.00011996088,8.691115e-05,0.00063799554,3.7301943e-05,0.0001222044,-0.001437628,-0.00037814057,-2.637522e-05,-0.0015421855,-0.00014462887,0.00018407186,0.00015381003,0.0007894141,-0.00029101924,9.7132885e-05,-0.00036931114,-0.00020531676,-0.00063816685,0.00010720861,9.6184776e-05,-6.719824e-05,2.70972e-06,-5.4997643e-05,-0.0012872259,5.64171e-05,-9.793111e-05,-0.000109519744,9.110327e-06,0.00047504387,-0.0012502314,4.0229796e-05,0.00010265913,1.1387552e-05,-0.0002730123,-0.0011124527,-0.00015647832,0.00041879909,-0.00022744328,-0.00012832503,0.00022515861,4.6697758e-05,-0.00016740165,7.026379e-05,1.9042778e-05,4.478316e-05,1.0322183e-05,0.00031687092,1.0192252e-06,-5.0021587e-05,4.9060796e-05,-0.00021803463,6.1786384e-05,-0.00013440808,-0.00024011756,-0.0001784435,-0.00030707198,-0.00011476183,0.00012541248,-2.4628196e-05,-2.4502466e-05,-7.816972e-05,-0.00010391482,4.192782e-05,-0.00042777494,0.00015752016,-3.5107118e-05,5.4570868e-05,0.0008623585,0.0011938929,3.7486163e-05,-0.0003752356,-5.6817684e-05,0.0008509615,-0.001133298,-0.00012561184,-0.00020393652,-0.00069831446,-3.1389078e-05,0.0001459376,8.113862e-05,-0.00023391824,-0.0005756261,0.00015128923,0.000781553,0.0016845961,0.0001577856,0.000687659,-0.0005517376,0.000120630575,-0.0006807359,-0.00030982893,-7.5765056e-05,0.00041386456,0.00038678924,-0.00029198467,5.9639176e-05,-0.0005815469,0.00043711305,-0.0003811504,-0.0009829359,7.290969e-05,-0.00027724038,2.8326918e-05,9.1163434e-05,8.907063e-05,-2.5030686e-05,0.00013560298,0.00050558354,0.00033442964,-0.00044392076,-6.797116e-06,0.00018742819,-1.5965445e-05,0.00066283974,0.00010690975,0.00058217027,-4.8427057e-05,-7.304575e-05,9.5625895e-05,-7.6851706e-05,-0.0003619889,0.00027814863,-7.9268335e-05,5.7644156e-06,2.1385058e-05,-2.297547e-05,-1.703475e-05,5.885905e-05,-0.0012937597,0.00077656773,9.862499e-05,-0.0005698945,-0.00068185077,-0.00048030692,2.962745e-06,-0.0010121391,-6.6296154e-05,7.4857046e-05,-7.9626254e-05,-0.001658078,0.0006421426,-0.000718878,-3.6820224e-05,-0.0016383514,0.0003820403,0.00012175047,-0.00017546293,0.0001024027,-0.0001569439,0.0005654348,-3.802914e-06,0.00025723543,0.00016986427,0.00025669124,-0.00018819474,0.00016688555,0.0003327291,-3.385835e-05,-7.020202e-05,5.865812e-05,-0.00056329946,-0.00013686341,-0.00024854002,0.0001621755,0.0003523189,0.00016959241,0.00043369315,-0.001479391,2.2344051e-05,-0.00028388127,-5.737021e-05,0.00087407825,-0.0003538877,-3.5104267e-07,0.00027643816,-0.00016292832,0.000109422705,-3.7051992e-05,0.00047521826,-0.00031383664,-0.000530489,3.6640286e-05,-3.132825e-05,-5.1633433e-06,-0.0002186755,-0.00048648118,5.515122e-05,0.00041359753,-0.00040391594,1.7428729e-05,0.00076264876,0.0012108283,0.000331064,-0.0015194596,7.723294e-05,0.00022624643,0.0009086822,2.904066e-05,0.00017939342,0.00010160866,-0.0008725806,6.3267075e-06,-0.00024320727,3.8232312e-05,3.8685866e-06,2.7327776e-05,0.0001406318,0.00070808275,0.0003510075,0.00079352764,-0.00017771077,-0.00028441907,-6.946605e-05,-9.2961214e-05,1.2096156e-05,3.0836686e-06,-0.0011569744,0.0007062612,0.00048274104,0.0003316543,4.6597714e-05,3.108885e-05,0.00021903958,-6.0886712e-05,0.0013624238,5.6135417e-05,0.00127344,-0.0001421133,0.00019132053,-0.0011017855
-0.0002689954,-0.00042880402,0.00014331141,0.00010007293,0.00094406976,-5.7860576e-05,-3.460216e-05,0.00011324164,-0.00011797891,-0.000104407845,-5.046977e-05,-0.00016261307,-4.324704e-05,-7.5651405e-05,4.5984754e-05,-1.0570477e-05,-7.5957876e-05,-0.0001900415,-0.0004407804,5.41372e-06,-9.252055e-05,-1.8393595e-05,-6.117106e-05,-0.00011934043,5.385463e-05,-0.00014255304,-4.3664848e-05,-0.00010739793,-0.00033670114,0.00025283344,0.00030783363,-5.1802905e-05,-0.00067948754,0.0004045537,-0.00027695938,0.00037726382,0.00047110612,5.457396e-05,-0.00022570226,-0.00012940381,0.00010219905,-0.00014645432,-1.649886e-05,0.3431514,2.8943872e-05,-0.00045294408,0.00019934593,-0.00017755841,0.0003796525,0.00010475786,5.175547e-05,4.3795506e-05,-0.00041316572,0.0001857984,-1.0930149e-05,-0.00066792313,-1.5462057e-05,4.9707458e-05,0.00011041232,0.0001911498,-2.275283e-05,5.3953914e-05,-0.00010779104,-0.0005727046,0.0006811727,7.792563e-05,-0.00013511513,0.00011062027,-8.178203e-05,-0.00049488456,5.1475567e-05,-0.0001340122,0.00037945292,-5.1524745e-05,6.1712155e-05,0.00018853236,0.00021965928,-4.3105025e-05,0.00042715447,5.886244e-05,-8.866923e-05,-0.00043094842,-0.0007952775,0.00016910899,-0.00016162408,-0.0008848318,-0.00027619625,-0.00030269055,-3.096303e-05,-4.592245e-05,-0.00017615496,-5.5205244e-05,7.311371e-05,0.0004951189,-4.3240037e-05,5.5236753e-05,0.00013962432,0.00037284376,-0.000323996,0.001125576,-0.00015209499,0.00018434085,5.590914e-05,-0.00031904565,0.0006607828,-0.00010834457,-6.5380824e-05,0.00022380774,-0.00013775995,-3.1492626e-05,-2.7549308e-05,1.9991096e-05,0.00016606419,-4.0465842e-05,-2.6676673e-05,4.714459e-05,9.407507e-05,-2.0498546e-05,-7.856873e-05,-0.00018927961,0.0004272356,-9.754342e-05,7.338489e-05,4.469018e-05,2.0023906e-05,-5.964681e-05,-0.00010831366,-0.00035335225,-5.9036527e-05,4.6311176e-05,4.146251e-05,-0.00015113599,-5.8954014e-05,0.0001924096,7.1827824e-05,-0.00011533962,-0.00010508559,-0.00033821867,-0.00013992742,-0.0001690934,-0.0001468282,-8.350381e-05,2.6189442e-05,0.0013012367,9.167637e-05,-2.3104658e-05,-0.00022634177,1.6902768e-05,-0.0001316864,-6.539347e-05,2.0281044e-05,0.00027049534,-6.2827676e-05,-3.3907643e-05,-0.001515877,-3.1780564e-07,0.00039327453,0.00018793115,2.8895382e-05,0.00028221312,0.00037954256,7.014345e-05,5.940494e-05,0.0010637125,5.5261098e-05,-0.0003324653,0.00036570054,-0.00019679366,0.00010263194,0.0011791299,0.0003862555,0.00018203243,-1.7218785e-05,-0.00023609807,-1.7081842e-05,-0.0003418823,0.00027945364,0.00012887399,-3.7733007e-05,8.704162e-06,0.00013802819,-0.00012830152,6.6050243e-06,-0.00034009197,-0.0003155359,-0.0005148616,-6.54162e-05,6.269129e-05,-0.00015241705,1.8927041e-05,-0.00016078976,-0.00044324115,7.363225e-05,-1.2277878e-05,2.1448397e-05,6.350473e-05,9.2495706e-05,-0.0001186964,0.00077096955,-0.00020706136,0.00014778214,0.0001476092,0.0005020401,-0.00013597948,-4.1458054e-05,0.00025790485,-8.1962826e-05,1.9673371e-07,-0.00017270657,0.0005206645,0.000149833,-2.0626645e-05,8.692439e-05,-0.00015329543,-7.6981945e-05,-1.514659e-05,0.00015289994,-0.00021084257,0.0001379115,0.00033618024,-7.6287746e-05,0.00013825877,1.774582e-05,-0.00028422938,0.00033859658,0.0005008262,-0.00015482458,-1.8660938e-05,-0.00023770976,3.0026255e-05,0.00023784596,0.00013708932,0.00014264029,1.1862445e-05,-0.00035059763,-0.00012363037,0.00022343529,-6.247585e-05,9.133931e-05,-7.639853e-05,2.0019754e-05,-0.00066829234,-0.00020778502,0.00014632664,5.0795366e-05,-0.00030783072,-7.6186534e-06,5.9011686e-06,9.785137e-05,0.00032184774,7.07807e-05,-8.1942955e-05,7.4494106e-05,-8.171029e-05,7.976018e-05,6.513828e-05,-0.00025606164,-0.00023850412,-8.830865e-05,-1.2095918e-06,-0.00045117486,-0.00021718672,-0.00028830115,0.00039296245,-5.7741745e-05,0.00028453578,-8.5461535e-05,9.8989854e-05,-0.00030228047,-2.7212822e-05,8.343669e-05,-0.00014114661,7.304388e-05,-2.972702e-05,8.044159e-05,5.2963398e-05,-4.1762837e-06,-0.00033390176,-0.00013659669,3.9206978e-05,1.986165e-05,8.3544306e-05,0.00022526068,-0.00021529193,3.9269973e-05,-6.404745e-05,-0.0008712693,6.64734e-05,-0.00033575078,-0.000113978036,0.00010457534,-0.00012340532,-0.0002877426,0.00037899197,-2.4465153e-05,-0.00025607896,0.00019900236,-0.0003204427,2.8952498e-05,4.0828658e-05
-8.415741e-05,0.00057742593,0.00026770265,0.000682606,-0.0004084522,0.00027579,-0.00062687654,-0.00012980262,-0.0004946191,9.449303e-05,-1.0312604e-05,6.894865e-05,2.7294573e-05,-0.00024150871,-0.0006223887,0.000103434475,-0.0002742184,-0.0002116848,0.00016703052,-0.00028028103,-0.00029970083,-0.00021675779,0.000182527,-0.0004782586,0.00029553025,6.8124023e-06,0.0011887595,-6.078852e-05,0.00044774284,-0.0013626757,-0.00034224486,-0.0001336002,0.0007013134,-0.0002690654,0.0006250075,-0.00032037738,-0.00067931064,0.00020842248,0.0002636974,0.0004058338,-4.0120656e-05,0.00022627358,5.500981e-05,-0.00045659684,0.34172234,0.00045723637,0.0009066735,0.00075607415,-4.1759733e-05,0.00014986946,-7.896003e-05,-1.6815513e-05,0.00022766924,0.00025152715,0.00039274513,0.00084615184,-0.00017804002,-0.00014552329,-5.3664975e-05,9.111422e-05,0.00025322565,-0.00020057522,0.00015090205,0.00053896534,-0.000513053,0.00024403246,0.00017409094,3.120786e-05,4.3984917e-05,6.286483e-05,-0.0002009851,0.0004717901,-0.00019287929,0.0002357825,0.00030596647,0.0001236529,-0.0005344561,-8.761607e-05,-4.3590087e-05,-0.00032562777,0.00012816602,0.00015954158,0.0007171223,0.0002635596,0.00027580486,-0.00089556567,0.000362992,0.00031541174,7.9493904e-05,-0.000112110836,-5.883276e-05,-7.6422686e-05,0.00024972914,-0.0003669183,7.876976e-05,1.331311e-05,-0.00036000964,-0.000120921075,0.000505779,-0.001640726,0.0006238106,-0.0004128619,0.00017952648,-6.6235625e-05,-0.001496644,0.0005062835,0.0014483975,8.129573e-05,-0.00019593215,0.00066811766,-2.3162327e-05,8.5412736e-05,7.2737844e-06,7.8235214e-05,6.923292e-05,8.784735e-05,0.0004574661,-0.00013017989,-7.248348e-05,2.5821957e-05,-0.00060691085,0.00027825753,3.1366617e-05,-0.00014895403,-0.00010109429,0.00031910397,-3.4336004e-05,-0.0008285331,0.0001602237,-5.62715e-05,-0.00017180938,-5.7210136e-06,-0.00010193071,-0.00036680183,8.6248765e-05,0.00016521798,-0.00012430544,0.0006542202,0.00040268086,0.00018684073,6.663913e-06,-0.00034441415,-0.00034487457,0.0006966618,0.00020219885,0.0007631639,-0.00033415807,4.137916e-05,0.00026534282,-6.200586e-05,-0.0010062034,-0.00013231127,-0.00013642233,0.0005883471,0.0016100004,-0.00016077659,0.0006083002,-0.0016680753,0.0006391408,-0.000567226,-0.00013134812,0.00014929549,-0.00046004285,-0.000395025,-2.4505356e-05,0.0005269821,-0.00057092233,0.00064689975,8.84193e-05,-0.0014182713,0.0012061428,5.4827913e-05,0.00018445626,-0.00020670505,0.00025727705,0.0003581086,-0.00032165926,-0.00026914192,-4.355354e-05,1.2795008e-06,-0.00056607206,0.00015903424,-5.677086e-05,0.00020773406,0.00015962688,-5.9501577e-05,0.00017336791,0.0001688191,0.0002990321,-2.8523684e-05,0.00062144175,0.00035623167,-0.00028720737,0.0004038021,7.215608e-05,0.00012306862,0.0003701738,-0.0001138792,-0.0012257665,-8.9948895e-05,0.00022280344,-0.00038962794,0.00016757626,0.00020625892,9.485999e-05,-0.00038931274,0.0001951235,0.00028921364,0.00010280494,0.0010687216,0.0006494319,0.000107691354,0.00017087813,0.0010533386,0.0004375231,0.0006029214,6.820836e-05,0.00014476474,-0.0003858913,9.178951e-05,-0.0001062066,0.0008398128,1.49599655e-05,-0.00045840687,-0.0004833826,-0.00020977904,0.0002253859,-9.166648e-05,0.00010965977,2.5179202e-06,-0.00124054,0.00025308982,-0.000118609765,-3.736675e-05,0.0005333234,-0.00015513432,0.00013140086,-0.00060699607,0.00013511628,0.0010010822,2.7790624e-05,0.00014792442,-0.0005394138,-0.00012845323,-0.0004577875,-0.0005744442,0.00015384739,0.00011951216,-0.00026486538,8.885609e-05,-0.00083727436,-8.929621e-05,4.9550294e-05,0.00037333686,-0.00050776475,-0.00046952648,0.00029218764,0.00058901845,-0.0002462274,-5.0532086e-05,0.00026894643,0.0010456571,0.00028951908,0.00034826627,-0.0007850859,-0.0005144483,0.0006153144,-5.6138455e-05,-0.00022084801,-0.00012905335,-0.00027568763,0.00013760896,-0.00089300424,0.00012938735,7.137825e-05,-0.00014369862,-0.00019916544,0.00048109176,0.00017776119,-0.0012253304,-0.0003836883,-0.00031795428,-0.00050846825,7.859229e-05,-0.00021276463,-0.00015474983,-0.00018042607,-0.0002133117,0.0011478978,-0.000110632056,2.3432007e-05,0.00012125913,0.00011070341,-0.00012057784,0.0003698254,0.0002574179,0.0011548876,0.00038674354,-0.00017681048,-1.1673993e-05
-0.001465717,-0.0002679192,1.3521654e-05,-0.0018322613,0.005244928,-0.002184909,-0.0010094304,0.0008190539,-0.0016264939,-0.00043538222,-0.0004432073,4.8570637e-06,-0.00024471042,-0.00033586228,0.0019794458,-0.00048638566,-0.0009133272,-0.00045039208,-0.0015588574,-7.228401e-05,-0.00021863406,-0.0006107428,-0.000190316,-0.0018013325,-0.00012643466,-7.479094e-05,-0.0023030946,-0.00030092295,0.001593033,0.000117155076,0.00080493384,-0.00019685252,-0.0019852687,0.0013454021,0.00014247728,0.00075542904,0.0020803453,5.50533e-05,-0.0008754319,-0.00027170594,0.0003419149,-0.0010123386,-0.00014144629,0.00037585126,0.0001709158,0.33532557,0.0005734058,-0.0008420901,0.0023834105,7.991941e-05,-0.00051307864,0.00016080172,-0.0024723771,0.00040774138,0.0002578633,-0.002418206,-0.00025857778,8.379519e-05,0.0002514133,0.0007638162,0.00015363624,0.00086309755,-0.000153415,-0.0008263623,0.0049181576,0.00055748684,-0.00069853466,0.0005571696,-0.00042605787,-0.0012343362,-9.577791e-05,-0.0010035639,8.6171916e-05,-0.00018625779,0.00041802644,0.0004496744,0.0002063519,2.146959e-05,0.0019113098,4.339356e-05,-6.605584e-06,-0.001852705,-0.0029911674,0.0009395231,-0.000759211,-0.00029118822,-0.001113875,-0.0010598354,1.9428699e-05,-0.00030752888,-0.00090607454,-0.00019237386,0.000449228,0.0022396536,-0.0004046475,0.000591557,-4.1481813e-05,0.00238454,-0.0012664208,0.0024626134,-0.0005711988,0.002246344,-0.0003637305,-0.0008716396,0.002977195,-0.0018080443,-0.0003860665,0.00050642435,0.00065711956,-0.00037459805,-0.00026324406,0.00017947907,0.00070739875,-0.00015610337,-5.861666e-05,-0.000108151144,0.00079905515,-6.748776e-05,-0.00039663268,-0.00090221094,0.0021647182,-0.0003574796,0.00029710462,0.0005237669,-0.00062440516,0.000116775635,-0.0006934179,-0.00020769495,-6.2614818e-06,-0.00011073394,3.912903e-05,-0.0008125678,9.063978e-05,0.00017162667,0.00052524015,-0.0003698047,-0.0007538155,0.00013696536,0.0025342137,-0.0005489251,-0.00072715804,-6.164407e-05,-0.00032188947,-0.0013582383,0.00026491456,-3.855028e-06,-0.00012307512,7.748118e-05,-0.0006721631,-0.00039934643,0.00035202593,0.0005762124,0.00024654725,-0.00038065042,-0.0033042512,-0.00038596793,0.00032027243,-5.5124598e-05,6.967512e-05,0.0006634287,-4.3573535e-05,-9.027981e-05,0.00093910616,0.00038216196,0.00038726485,-0.0014383732,0.0013795826,-0.0010080171,0.00022020799,0.003218549,0.0007236449,0.000916359,-0.00017346101,-0.00021585265,-0.00014014717,-0.0017038068,0.0018274253,0.000287958,-0.00031658213,-0.0005496831,0.0010522874,-0.0008526087,-1.444812e-05,-0.0022414373,-0.001149734,-0.0016173801,-5.7116195e-05,0.0008176941,-0.0003006414,6.1384344e-05,-0.00014639826,-0.0019261088,0.0002113485,0.00014064557,0.00021408217,-4.4824137e-06,0.00057684316,-0.0006437378,0.003316448,-0.0023959177,0.0010172192,0.0014183769,0.0015568985,-0.00010203349,3.0624935e-05,0.001130218,-0.00044295203,0.00029096345,-0.00026773335,0.0015484549,0.0005820121,0.0014963505,0.0005061439,-0.001370148,-0.0005180153,4.1265434e-05,0.00063781143,-0.00051397167,0.00055853557,-0.0011927447,-0.0003872009,0.0012481897,-0.00014985225,-0.00053940486,0.0012674571,0.0025540655,-0.0005053644,-9.7692246e-05,-0.0012790853,-2.6281214e-05,0.0007403951,0.0024409513,0.00048090733,-0.0002203756,-0.0014609981,-0.0002811447,0.00037574227,0.00016497858,0.00029092308,-0.00051596755,0.00014443055,-0.003377419,-0.00048251284,0.0003156125,0.0015579931,-0.0017292814,-0.0001238666,8.139112e-05,0.0008052924,0.0006715511,-0.0012185071,-0.00019992072,0.00049918995,-0.00041165194,0.00027910882,0.0013752574,-0.00088832603,-0.0020121075,-0.00045595103,0.000118403914,-0.0009941481,-0.0012871231,-0.0007444524,0.00082970853,0.00027828035,0.0012904744,-0.00031796243,0.0002063653,-0.0010264292,-0.00010458218,-8.043019e-05,-0.00028003054,0.00015451915,-0.00020896357,0.00017644219,0.00014974421,0.0007812969,-0.000697156,-0.0007307228,0.00015266088,0.0002678644,-0.00012442739,0.000700604,-0.0006570115,7.3916235e-05,-0.00020075023,0.00021225224,0.00029899625,-0.00048935146,0.00042121546,0.00044419296,-0.00072398095,-0.0020761527,0.0016169165,0.0007013407,-0.0011511799,0.004683564,-0.0010785132,-0.0003084812,0.001659514
0.0010246461,-0.0011967544,-0.00046081995,-0.00037582236,-0.0010781273,0.00015501476,0.0018707842,-0.00015403511,0.002196206,0.00019640493,0.00025637916,-0.00014425316,9.893368e-05,0.00090982893,0.00031961672,-4.8364027e-06,0.0012497248,0.00073693105,0.0002984401,0.0006399101,0.00095580576,0.0008531804,-0.00020339305,0.0023306515,-0.0006590643,-0.00034977647,-0.0021006647,0.00026941014,-0.0021061737,0.0037034503,0.00032461126,0.00037644425,-0.0008706083,5.8741687e-05,-0.0019152286,0.00046753458,0.00055204896,-0.0005417475,-0.00019011997,-0.0010247051,-6.6455716e-05,-5.9362952e-05,3.6032657e-06,0.0007352204,-9.615596e-07,0.0007453866,0.33755624,-0.0015545097,-0.0012826809,-0.00048438646,0.0005500478,-0.00015634127,0.0008590395,-0.0008840085,-0.0012803547,-0.0012678076,0.00047931846,0.00035684358,-8.362099e-05,-0.0006806213,-0.00059301965,-1.3687458e-05,-0.00029554398,-0.0010784551,-0.0003793819,-0.00057704165,-0.0001142226,-0.00044931922,0.00017389536,0.00043620626,0.00063794537,-0.0006678868,0.0003650655,-0.00051853893,-0.0010561106,-0.00032083923,0.0014936758,-2.1867427e-06,-0.00070692453,0.0009582631,-0.00034733728,0.0006769851,0.00019749264,-0.001238615,-0.00022337155,0.0026928913,-0.00039976332,-0.00010963797,-0.00034206206,0.0005096588,0.0006575662,0.00032541555,-0.0009160346,0.00017571748,0.00016927902,-0.00038829693,0.0009026822,-0.00084812805,-0.0006774489,0.003345183,-0.0013223623,-7.2423456e-05,-0.0003383146,0.0006790934,0.002750896,-0.00021207094,-0.0034362024,-0.0004843044,-0.00015475365,-0.0015284035,0.00029311032,-0.00020146904,-0.0002734713,-7.853349e-05,-3.922792e-05,-0.00011063781,-0.001766397,0.00041158823,0.00040310985,0.00042774147,0.00036299572,-0.0005897758,-0.0004512728,2.1178745e-05,0.0007164063,-0.0009332603,0.0004916919,0.0023170896,-0.00039810358,0.00014239017,0.00034776187,0.00064797833,0.00023073124,0.001022088,-0.0005954866,-0.00015260914,0.0008570481,-0.0020118637,-0.0028215258,-8.120534e-05,0.0005016595,0.0008484678,0.001111575,-0.0028341154,-0.00061409717,-0.002031927,0.001019485,-0.000118495554,-0.00043230812,0.0003883929,0.0025811824,0.00021025295,0.00026424698,-0.0014431686,-0.0031607596,0.0008905436,-0.0018086159,0.004259052,-0.001808841,0.0011835513,0.0004953595,-0.00037047386,0.0007304572,0.0011922074,-0.00029126272,-0.0005549594,0.0008129043,-0.0011741006,-0.00021802982,0.0020678455,-0.0035647033,-0.0005160667,-0.0004486375,0.0006708506,-0.00062190805,0.00026007846,-0.00019062363,0.0004545734,0.0003344806,0.00035975347,0.0008463255,6.7611065e-05,0.00021700867,0.0007483637,0.00013319252,0.0010058885,-0.0004729724,-0.000704271,-0.00052438636,-1.5862724e-06,-0.0016291738,1.7041119e-05,0.00053309894,-0.0011562816,-0.00035457127,-0.00036284912,-0.0013801169,0.00072202523,0.0017204063,0.0015887977,-0.0012835449,0.00020160325,-0.0010450619,-0.0005267243,-5.5007033e-05,0.0005051192,-0.00029366076,-0.00089121854,-3.3786233e-05,-0.0034119065,-0.0020621638,-0.0010085931,-0.0007526642,-0.0014865038,-0.00058306515,-0.0017186337,-0.00041925086,-0.00016737275,0.00061459944,0.0003505214,0.00047582638,-0.0028995012,-1.118742e-05,0.0016257499,0.00064230163,-0.0008469542,-0.00034067518,0.00020830656,0.00045087258,-5.0751576e-05,0.0029381444,-0.0018958923,0.00010308363,0.0003034336,-0.00063426443,0.00042785917,-0.00061626144,0.0017595126,-0.00036852606,-0.0022872956,-0.0002176364,0.0013675585,0.0017299595,8.975394e-05,0.00033137656,0.0024111555,-0.0003571082,-0.00038895223,0.00021023426,-0.00064160256,0.0027970304,0.0002399185,-0.00025670015,-0.000812601,0.0012078224,0.00061616744,-0.00021379792,-0.00066563365,0.0008937143,6.2423045e-05,-0.00039990034,-0.0022993493,-0.00038696718,-0.0010571681,0.0018648556,0.0005742673,-0.0015656361,0.00021823979,0.001187888,0.0005160052,0.00085459586,-1.8652157e-05,0.001987344,-3.3481312e-05,-0.00019958659,0.00032747994,8.8502886e-05,-0.000998485,-2.387556e-05,0.00297246,0.00086321594,0.0009313255,0.0009875738,5.7401296e-05,0.0005752674,0.00051439035,0.000631815,0.00025941312,-0.0029710208,-4.1033654e-05,-0.00034486142,0.000118105905,0.00073994533,-0.0005611549,-0.0014216531,6.2445893e-06,-0.00535423,-0.00036883695,0.0006756785,-0.0006475873
-8.563495e-05,-0.0016982134,-0.000527156,-0.0025697132,0.0020831355,-0.00056533306,0.0012462174,0.00026579088,0.0006042164,-0.00013390904,-6.1008435e-05,-0.00015849675,-7.694764e-05,0.00038420834,0.0010778971,-0.00030354282,0.0005664757,0.00010478366,-0.00065660116,0.0004158071,0.0005110598,0.00013885487,-0.0003005925,0.00056748535,-0.00046908009,-0.0001374559,-0.0020859246,6.361588e-06,-0.00064710266,0.0024531032,0.0013018027,0.00015669057,-0.0017037624,0.0008050425,-0.0012024138,0.0008692186,0.0015490181,-0.0003765726,-0.00064348505,-0.00082736206,0.00013104871,-0.00025803546,-0.00023374752,0.0008594206,8.797926e-05,-0.0012725927,-0.0013538955,0.34005255,0.0002965456,-0.00043464717,0.00018286463,-2.7932912e-05,-0.00084463623,-0.00025630457,-0.0006111133,-0.0013527324,0.0003231248,0.00029771644,-1.7835475e-05,-5.5623572e-05,-0.00029856744,0.0003963164,-0.0002639049,-0.0014671711,0.001608847,-0.00014614883,-0.00047291414,-2.6136495e-05,-7.0476264e-05,-0.00066945126,0.0004882935,-0.001042659,0.00075957284,-0.00047016938,-0.00043259162,-0.00047244152,0.0011103958,4.5791778e-05,0.00010492588,0.00066087797,-0.00033961944,-0.0006699274,-0.0016152515,-0.00036002943,-0.0005101944,0.0011020554,-0.0010763145,-0.0010400282,-0.00019379272,0.00021500056,-9.1513524e-05,7.897269e-05,-0.00043721622,0.001128545,-0.00012635025,9.161617e-06,0.0005978206,0.00088208343,-0.0010950705,0.0037769133,-0.0012786863,0.0012654137,-0.00039548165,-0.00026868228,0.003281564,-0.0012496208,-0.002470089,-9.269474e-05,5.4028187e-05,-0.0011440238,7.27361e-05,-5.638615e-05,0.00022310393,-0.00012523256,-8.78151e-05,-0.0002274245,-0.00061259605,0.00026279484,1.2084323e-05,-0.00021372587,0.0014989154,-0.0006014315,5.1136376e-05,0.00022204145,0.00016276457,-0.0007156924,-8.8388886e-05,0.0013823347,-0.00034182522,2.6081889e-06,0.00028044186,-0.0001130437,0.00018204497,0.0007192806,-7.253588e-05,-0.00026843365,0.0001748288,-0.0010733033,-0.00010435858,-0.00043618446,-0.00032403806,0.0006557542,0.0009400304,-0.0033215021,-0.000272264,-0.0015357493,0.00032943874,-8.987117e-06,-0.00063835876,8.674929e-05,0.0018912744,0.0003783053,0.0003275631,-0.00087197137,-0.00385767,0.00050279393,-0.00054527697,0.0028829717,-0.0011345178,0.0010541932,0.00039365352,-0.00026283253,0.001093762,0.0016573134,-2.0648946e-05,-0.0012174112,0.0012243158,-0.0012648422,-0.00020053117,0.003273058,-0.0017740607,0.000113779,-0.00036352233,0.00027881772,-0.00045178877,-0.0008465411,0.0010480029,0.0007473571,0.00017123511,-0.00016775163,0.0012045096,-0.00032252583,0.0001037586,-0.000626447,-0.00061168545,-0.00021382724,-0.00040295612,-2.8872248e-06,-0.00052689464,3.0389285e-05,-0.001426989,-0.0011188366,0.0004479814,-0.0007488279,-0.00015563633,-0.00021690286,-0.00068740745,0.00015406379,0.002697191,0.00019040529,-0.00027175393,0.00071147206,-7.143387e-05,-0.0006843804,-5.406601e-05,0.0006835079,-0.0004598465,-0.00029401478,-0.000270509,-0.0019686134,-0.00076935807,-0.00025201158,-0.0002587041,-0.002215012,-0.00045635752,-0.0011100197,8.8248154e-05,-0.00046682017,0.00078530546,0.00015958355,0.0001646082,-0.001092989,-1.3427009e-05,0.00075211714,0.0011615945,0.0011037008,-0.00040895224,9.2653696e-05,-0.00048363826,-4.850534e-05,0.0023769145,9.8707955e-05,0.00033703953,0.00020973432,-0.0012204333,6.624796e-05,7.3959214e-05,0.0006384683,-5.173343e-05,-0.0020313445,-7.015184e-05,-0.00089847157,0.00071296206,0.0003277939,0.0011520209,0.0006061751,-0.00028483837,-0.00023472933,0.000799536,-1.3431263e-05,0.0011380663,-4.0834704e-05,9.367967e-05,-0.00079246465,0.00092240586,0.000878025,-0.0007284437,-0.001363405,0.00012243612,0.00012178039,-0.0007256532,-0.0017901825,-0.0006935971,-0.0008350694,0.0014047757,0.0012921798,-0.000930276,0.00022669214,0.00019253844,0.0003669313,0.00024196366,-0.00023038917,0.0015297183,-0.000115510564,1.8356519e-05,0.0003083334,0.0005729064,-0.0009159015,-0.00033734587,0.0025656929,0.0006790565,0.00051879976,0.0011041719,-0.0004824114,0.00045942253,0.00021830718,-0.0007925913,0.00078835024,-0.0022281844,0.00025640163,1.7667e-05,-0.00031388947,-0.00068646646,0.000653561,3.7461969e-06,-0.00067523925,-0.00060256716,-0.0010340458,0.0004063787,-0.00016971628
0.0017453393,-0.00066961127,-6.9211164e-05,0.0009235716,-0.005079675,0.002351778,0.0020542787,-0.00086648477,0.0026024105,0.00044506748,0.0005127989,-0.00016286975,6.8260604e-05,0.0006697344,-0.0020148882,0.00047924905,0.0015605456,0.00064725644,0.0014809,0.00012474517,0.00069365575,0.0010605474,0.00012430637,0.003229787,-0.00015126634,-1.2071279e-05,0.0022927707,0.00043675367,-0.0022912037,0.0013920735,-0.00031678696,0.00030770613,0.0016162824,-0.001324354,-0.0010762594,-0.00037520757,-0.0017918933,-0.00040210586,0.00061718834,-0.00016272935,-0.00047385035,0.0013417875,-7.937517e-05,-8.733747e-05,-0.00011452461,0.0039738254,-0.0013333532,0.0002134753,0.33580908,-0.00028981746,0.00083237403,-0.00012592619,0.0025524101,-0.0006100706,-0.0006943575,0.002230531,0.00043283525,-2.332999e-06,-0.00025603725,-0.0010483707,-0.00055648136,-0.0009492035,0.00012206173,0.00024752985,-0.0050869808,-0.00057769107,0.00050427427,-0.00071138237,0.00051945914,0.0011241679,0.0004154566,0.0008314541,0.00062867865,-2.2574657e-05,-0.0007907967,-0.0009955982,0.00042813312,-0.00015863808,-0.0023411077,0.00034772963,-6.374144e-05,0.0020710498,0.0031159127,-0.0014129531,0.0005397301,0.0012839392,0.0007037804,0.0006779122,-0.00016698078,0.00051809056,0.0011360638,0.00034932132,-0.00078675174,-0.0026592077,0.0004356458,-0.0006962944,0.00041604054,-0.0025637022,0.0009841813,-0.001043887,-4.618182e-05,-0.0022696173,0.0003227096,0.0009133161,-0.0018017516,0.0017445281,-0.00039814343,-0.0005659221,-0.0010567852,-0.00015853056,0.00048857834,-0.00036986492,-0.0007885278,0.00010249398,0.00012288764,5.937421e-05,-0.0013349706,0.0001840934,0.0003800367,0.0010351873,-0.0019047804,1.51982e-05,-0.00038992404,-0.00071566156,0.0009058945,-0.0005211481,0.00093117077,0.0009832282,-0.00016245131,0.00019802514,0.00012570429,0.0010131216,-3.658043e-05,0.00025116585,-0.00070131966,0.0002868093,0.0010989804,-0.0009807935,-0.003217829,0.00034695826,0.00076184055,0.00030483326,0.001068317,0.004203272,-0.00065703975,-0.0009668761,-0.00082920096,-0.00010861537,0.0005664574,0.00057136855,0.00048669116,-0.0004990283,-0.0002159136,-1.0185422e-05,0.0020783818,0.00071887544,-0.000623008,0.0016384147,-0.0006695791,-0.00030387146,0.00043458169,-3.684384e-05,-0.0006138512,0.0005568835,-0.0005672771,0.0010700144,-0.001080004,0.00061291375,-0.00053034717,-0.0027840172,-0.0021018526,-0.0010986573,-1.8179968e-05,0.0004018407,2.6486978e-05,0.0017312453,-0.0020415862,0.00011766842,0.0005662512,0.00060172577,-0.00067633257,0.0009520897,6.863995e-05,0.002680612,0.0011502989,0.0019648517,-0.0001061303,-0.0009918663,5.183559e-05,-2.9114464e-05,-0.0006392465,0.0017780601,8.5585176e-05,-0.00050593686,-0.0003876487,-0.00021225889,-0.0011154986,0.0009178793,-0.0025035099,0.0031632017,-0.0015751466,-0.0014379784,-0.001679892,-0.00034227959,-2.5638772e-05,-0.0011163474,0.00035477412,-0.0007269216,0.0002027009,-0.0030838654,-0.0010997136,-0.0020875966,-0.0007265796,0.00026899183,-7.155242e-05,-0.00069521833,-0.00076927256,0.00029719796,-0.0004932673,0.0017921143,0.0005436643,-0.0026579553,0.0001043966,0.0010529304,-0.00091206405,-0.0025593948,0.00044900095,0.00022576243,0.0013645953,7.554792e-05,0.0005855889,-0.0033294265,-0.00039893063,0.00042651224,0.0012040325,0.0005601905,-0.00048152657,-2.2275446e-05,-0.00050535315,-0.0008027734,-0.00032128632,0.0037127521,0.0010589436,-1.4299529e-05,-0.0011874347,0.00236406,6.6942055e-05,-0.00016397421,-0.00054522423,-0.0008188543,0.0020408072,0.00029786173,-0.0006373822,8.941042e-05,9.9712684e-05,-0.0012962207,0.0007317653,0.0016468226,0.000752614,-9.714422e-05,0.00095147756,0.0006465852,0.0005337169,-0.0013941011,0.00042605656,-0.00088072626,-8.583963e-05,-5.3968666e-05,0.0014323919,0.00033576952,0.00019369832,0.00026072015,0.00046976644,4.875308e-05,-0.0003379637,-6.188264e-05,-0.0006912188,0.00023986236,0.0008610114,0.0011490595,-5.424994e-05,0.0004552497,-0.00022960835,0.00047323428,0.00012566322,0.0003730997,-0.0011826237,-0.00015012917,-0.0005840087,-0.0005454435,-0.00048566377,0.000799116,0.0025402152,-0.0016797839,-0.0010098765,0.00107743,-0.0050671864,0.00087789126,0.00070419733,-0.0022671085
-0.00018147538,-0.00056527246,-0.00022463451,-0.0015705867,0.00057452515,5.3314197e-05,0.00025765062,0.00013045836,-0.00043582206,-0.0001437399,-0.00016441132,4.7012032e-05,-0.0001395253,-0.00016476207,0.0002883781,-0.00016473306,0.000105177285,-0.00012553236,-0.0002223319,3.0083896e-05,-7.9114165e-05,-0.00023612703,-8.344539e-05,-0.00038636758,-3.089303e-05,0.00010403569,0.0002343237,-0.00014061834,0.00040499546,-0.0003621366,0.0006523884,-6.487334e-05,-4.105245e-05,9.425891e-05,0.0002448359,-1.6141761e-05,0.00044630285,-9.920971e-05,-0.0002182536,8.039369e-06,0.00012364793,0.00021373507,-0.0002358309,0.00021478192,5.1604635e-05,-0.00013747883,0.00051333004,-3.376459e-05,0.00017633347,0.34238753,-0.00010690745,5.9344384e-05,-0.0005239919,0.0001516328,0.00031365422,0.0007130416,-4.16026e-05,-5.0070896e-05,-4.7184818e-05,0.0001170787,0.00010516038,0.00019131572,-1.977084e-05,-0.00019810976,-0.00036684092,5.5002623e-05,-0.00022022362,0.00019768761,-4.8278987e-05,-0.0004624066,1.891323e-05,-0.00019659793,0.00034743838,-1.6224265e-05,0.00020129411,-0.00062461337,-0.00016693118,-6.109504e-05,-0.0002627006,-7.284236e-05,2.121123e-05,-0.0004244571,5.4138354e-06,0.00012357792,-0.00012717428,-0.00041528992,-0.00036294127,-0.0005710391,-4.793505e-05,-6.215805e-05,-0.00035583752,-2.2195214e-05,0.00013717993,0.00017446166,-2.076229e-05,0.00010403832,-0.00013956343,0.00036504964,-4.8637085e-05,-0.00016802187,-6.4606254e-05,0.0005069134,-5.3081945e-05,-0.00043484534,-8.549357e-05,-0.00046470523,0.00016311229,3.856627e-05,6.530988e-06,7.777301e-05,-0.000111454196,2.372948e-05,0.00019434062,-3.110642e-05,-2.0694712e-05,-2.1945572e-05,0.0003913395,-2.6351066e-05,-0.0001569499,-0.00027197262,0.00039055012,-7.299299e-05,-8.850462e-05,4.598891e-05,-0.00023343833,-0.00010409848,-0.00023281858,-0.00013435828,-8.296114e-06,-8.351137e-05,5.582244e-06,-0.0002861213,1.9756615e-05,-0.00020780311,0.00022051143,-7.845073e-05,-0.00020503986,0.00047497047,0.0009633716,-0.00010003288,-0.00042551724,-6.241798e-05,0.0003521804,-0.0005998375,-9.792828e-06,-4.9643255e-05,-0.00027176633,-2.4709552e-06,-6.635891e-05,-0.00011626215,-8.956281e-05,-9.026894e-05,0.00012847962,0.0003461614,6.305932e-05,2.4083007e-05,0.0006155638,-0.00031507554,0.000103212595,-0.00023735735,-0.00011715125,-2.1735543e-05,0.00040667228,0.00040180326,-1.8015651e-05,-0.00033116757,4.9179722e-05,9.607533e-06,-0.00022547097,0.00016545078,0.00041130572,8.430851e-05,-3.286208e-05,-7.715613e-05,3.168294e-05,-0.00053828984,0.0005526828,0.00031070012,8.181706e-05,-0.00033191184,0.0002765279,-0.00012657355,-1.4820436e-05,-0.00025275545,-0.00023821644,-0.00015818408,6.5015433e-06,0.00019907697,4.135379e-05,2.7838594e-05,-0.0002422231,-0.00026786432,-2.0201142e-05,0.00011809314,6.520113e-05,1.9552133e-05,0.00014117682,-0.00019532882,0.00020141999,-0.00016212568,0.00031090612,7.489254e-05,-5.6197452e-05,-0.00022592462,2.3998968e-05,-0.00024296026,-0.00017268978,0.00012061866,-0.0001685097,-0.00045503562,0.0005025602,-6.302149e-05,0.00013925166,-0.0010502388,0.00040008943,0.00020469747,4.691945e-05,-9.0752794e-05,0.0001177794,0.00013815593,-0.00013531448,0.00035189345,2.489662e-05,-9.733494e-05,0.00021809826,0.0005722011,2.5707977e-05,-4.8759484e-06,-0.00038540867,2.8007658e-05,-4.8124155e-05,0.000426723,3.187789e-05,5.919179e-05,-0.00018477559,-2.1117088e-05,0.0003417251,-0.0007852744,0.00012013273,-0.00019522263,5.256097e-05,-0.0004053445,-0.00040411833,0.00014361482,0.0005227119,-0.00038022196,3.557303e-05,3.961146e-05,0.00041333714,5.0717525e-05,-0.0006247211,-0.0001541235,0.00011632511,-8.181011e-05,-4.7332756e-05,-7.097033e-05,-0.00019691663,-0.00015177023,-0.00033714063,3.486247e-05,0.00013704717,0.0004616961,-5.3362863e-05,-0.00052971527,3.3167733e-05,0.00042189975,0.00040524875,0.000112579415,-0.000232727,2.7011987e-05,-0.0004479774,-0.00014992681,-8.5141925e-05,-1.7666016e-05,9.027941e-05,5.720174e-05,0.00023469402,0.00020156581,-5.4973832e-05,0.0004159116,-7.333433e-05,-0.00022641638,0.00011945778,-0.00026231707,3.3649358e-05,-8.736552e-05,-0.0010093823,0.0004971937,0.0001602234,0.00023993847,0.00015911636,-0.00022738034,-0.00031458083,0.00035101597,0.00080054614,-0.00024843225,0.0014619832,-0.00046910316,-3.5868256e-05,-0.0003317667
-0.00047740334,0.0015167189,-0.00033702265,-0.00087421824,0.0006296682,-0.0016797124,-0.0010279255,0.00038865773,-0.0018126797,-0.0003156834,-0.0002360264,0.00042464765,1.21129815e-05,-0.00043859283,0.0013065626,-0.0003062811,-0.0009030881,3.2488606e-05,0.00025475567,-0.00014132199,-0.00030943862,-0.0007794114,6.6164386e-05,-0.0022294384,0.00017896506,0.00041644732,-0.001574639,-9.591796e-05,0.00250852,-0.001541675,-0.0005591105,-0.00017631092,0.00074851775,-0.0002694883,0.0014968197,-0.0008821773,0.00019676558,0.00016630419,-8.228716e-05,0.00039052294,4.4421377e-05,-0.00067504036,5.850426e-05,6.987961e-05,-4.0629722e-05,-0.0017118098,0.00046123893,0.00032792657,0.0018189348,2.6317697e-05,0.3397711,7.605913e-05,-0.0009753789,4.304026e-05,0.0006727506,6.0256767e-05,-0.00042377994,-0.0001229024,9.20481e-05,0.00026636067,0.00037173892,0.00060871325,0.00014183208,0.0013007926,0.001954572,0.00015235721,8.157417e-05,0.00039200913,-0.0001461096,0.00060861674,-0.00033536,-0.0002605255,-0.0013999462,0.00023686166,0.0004513115,-0.00014174171,-0.0010042341,0.00011706703,0.0005390395,-0.00059732416,0.00020846268,-0.00038060668,-0.0007516012,0.0005773146,-1.309543e-05,0.0014453093,0.00019574308,0.00028534513,0.00027716506,-0.00021812688,-0.00046846826,-0.00017350996,0.00040545885,0.00022775837,-0.00014678463,0.00028846317,-0.0005135519,0.00076167786,0.00018623896,-0.00225476,0.0003902032,0.0013205311,-0.00033019486,0.00027244477,-0.00052744144,-0.001069998,-0.00054594135,-0.00011250157,0.0016942562,0.00030334186,-0.00018682654,4.7140915e-05,0.00013497542,4.706736e-05,8.569571e-05,7.894957e-05,0.0007826368,-0.00011335483,-0.00024173684,-0.00029118598,0.0001827951,0.00034081552,0.00021593519,0.0002402847,-0.00084714004,0.0005806362,-0.00040819572,0.00045598586,0.0002805395,-0.0001716225,-0.0001220884,-0.00041324535,0.00019057553,-0.00076978095,0.00045400107,-0.0001187145,-0.00068276504,0.0017871542,0.002810431,-3.0274892e-05,-0.00021492882,4.966639e-05,-0.0009537305,-0.0022875147,0.00019710512,0.0007827968,0.0012130564,3.0741794e-05,-0.00013135927,-0.00020686227,-0.00021748731,-0.00063866837,0.00033706712,0.00022987429,0.0027894794,-0.0005891636,-0.0007873281,-0.0012226008,0.0004542589,-0.00046156786,-0.0015019535,-6.217326e-05,0.0004378081,-0.0029929527,0.00020259537,0.00019432866,-0.00032911135,5.0158553e-05,0.00019044889,-0.0009845705,0.00061596767,0.00019146194,0.00022076697,0.00028079347,0.00011436785,-0.00047799345,0.0007655946,-0.0004264791,-0.0002630891,-0.00056904904,8.543264e-05,-0.0002898448,-0.00012074135,-0.001018717,-0.00010077279,5.7584166e-05,0.0002464042,0.00050215446,0.00013375875,-9.857327e-05,0.0010543987,-9.208088e-05,-0.00017781551,0.00042567996,0.0002014536,0.00013209274,0.0008025807,-0.00044248666,-0.0006797468,-0.0018189844,0.00080780406,0.00067228754,-0.00027852666,0.00052821514,7.879804e-05,4.304784e-06,-0.00011898564,0.0004868787,0.00025678545,0.00053807115,0.00010534789,0.0015393816,0.00035589558,-0.00036501433,-0.00035751844,0.000771506,1.8912628e-05,0.0002889194,-8.192756e-06,-0.0022443912,-0.00018327228,0.0014227984,1.7412233e-06,9.531252e-05,-0.0003200507,0.00062784157,0.00018168424,-0.00014681174,-0.00046233428,0.00011757696,-0.0011623949,0.0019143724,-0.00037240918,-0.00052250666,7.839848e-05,-2.2738097e-05,-0.00022605194,-0.00014663566,0.000101729114,0.00060182996,0.00025915148,-0.00060915796,-0.00030716817,-0.00039043874,0.0007844747,-0.00093996903,7.836302e-05,9.154896e-05,7.173841e-05,-0.00031218765,-0.002200081,1.0866529e-06,0.0002819003,0.00016889872,-0.00035594916,0.00092194596,0.00011866031,-0.00036534976,-0.00028199246,4.8338294e-05,0.0007612606,-5.6938625e-05,0.00046951635,-0.0004967019,-0.0001001869,-2.3324968e-05,0.00039059398,-0.00025020362,-0.0003576008,-0.00016198725,-0.0004121065,2.5355643e-05,-0.00051602663,-4.1510884e-05,0.00018518657,-0.00011589975,0.0004968843,0.0008562576,-0.00017088155,-0.0006215502,-3.101251e-05,-0.0006225917,-0.00045272405,0.00043803395,-0.00021302531,-0.00015612626,0.0033724767,-0.00026160592,0.001267101,0.0008796838,0.00018517306,-0.0002846337,-0.0010758385,0.00016322694,0.00056698476,-0.00018779702,0.0023490652,0.00012890136,-0.00031825027,0.0015183687
0.00050049066,0.00028811936,-3.9641873e-06,0.0017181021,-0.0012991974,0.00031641166,0.0002440133,-0.00018101018,0.0010168904,0.00019160437,0.00014863562,-3.6511705e-05,0.00019373078,0.0002922859,-0.00039380777,0.00022551524,0.00021163365,0.00026921323,0.00038141044,8.788985e-05,0.00028282666,0.00051773473,2.7569336e-06,0.0010826506,-6.64756e-05,-0.00022573692,-0.00021757296,0.00015401853,-0.001014355,0.0009717681,-0.0006523542,0.00015656321,0.00020628492,-0.00025436707,-0.00058037526,3.3545748e-05,-0.00059659,-0.000113342816,0.0002665878,-0.00011745762,-0.00018947545,-7.805234e-05,0.00024417182,4.883763e-05,-7.415273e-05,0.0007519253,-0.0008329843,-0.00015406446,-0.0009150237,5.4369208e-05,0.00026426752,0.34165755,0.0008210576,-0.00027441996,-0.00050265266,-0.0005378347,9.795299e-05,2.9785951e-05,-5.8384103e-07,-0.0003054981,-0.00020169445,-0.00027196846,-6.881779e-05,0.00019232657,-0.0004523543,-3.802591e-05,0.00021670361,-0.00022362635,8.791417e-05,0.00063100987,9.733525e-05,0.0002368389,-0.00017737407,-0.000119208315,-0.0003792268,0.0003984324,0.00037582783,-1.5540796e-05,1.0126014e-06,0.00021080612,5.352418e-06,0.00070072105,0.00042987277,-0.00037135667,0.00013959248,0.00080554956,0.0004315314,0.00058225985,-0.00016702618,0.00012601705,0.0005021454,0.00013495078,-0.00026004942,-0.00029859412,0.00012331501,-0.00026695212,0.0002250156,-0.00090114324,5.4826916e-05,0.000634148,-8.268939e-05,-0.00075274584,7.4683434e-05,0.0007080945,0.00012005062,0.0005939265,-0.00055915164,-9.3179224e-05,-9.7678305e-05,-0.00022094043,0.00015889641,-9.92206e-05,-0.0003383018,1.2819968e-05,-6.5821414e-06,-3.740102e-05,-0.0006957498,8.527226e-05,0.00020711307,0.00036037073,-0.0006347262,-3.49745e-05,-0.00011003418,-5.2096955e-05,0.00037387185,-1.7762102e-05,0.0004152197,0.00036311775,-2.7841363e-05,0.00015262417,5.6896115e-05,0.00039254685,-1.0645272e-05,0.0003244626,-0.00035619715,0.00017941098,0.00035941834,-0.00085155567,-0.001658177,0.000196764,0.0005533232,0.00017104045,-7.893533e-05,0.002114903,-0.00018399637,-0.00023832924,0.000113758004,-9.04515e-06,7.548674e-05,0.00017410451,0.00042241762,8.4591535e-05,-0.00011965868,-0.0005005589,-0.00020078156,0.00012228492,-0.0008273928,0.0010539653,-0.00036410888,0.00024566642,0.00024222072,-5.9932685e-05,-0.00039953558,-0.00024955955,-0.00012474821,0.00035704114,-1.5623886e-05,-2.515698e-05,3.3247998e-05,-0.0004929263,-0.0010053618,-0.00025792484,-7.318269e-05,0.00020033953,-6.94297e-05,0.00068418175,-0.00083947356,-0.00028443168,2.5192681e-05,0.00043192445,-0.00020701712,0.00020336133,4.6774738e-05,0.0006295545,0.00036066055,0.00041490814,-3.3120188e-05,-0.00034655037,-5.479668e-05,4.9362563e-05,-5.4957494e-05,0.0004883166,0.00012107798,-0.00022323595,-0.00012435525,-8.42734e-05,-0.00040498958,0.0003509861,-0.00028578338,0.00066380634,-0.0006645531,-0.00015972456,-0.0002447801,0.0001898976,-2.5402744e-05,0.00017097458,0.00014200169,-0.00022606055,0.000103668244,-0.00030898195,-0.000883393,-0.0002727145,-0.00027774955,0.0006992087,-0.00033840895,-0.00045213345,-0.00017985364,7.916807e-05,-3.7540714e-05,0.00023819807,0.00022754123,-0.0011511873,-2.8424107e-05,0.0004051266,-0.00024430398,-0.0010129337,-3.1860294e-05,6.1657396e-05,0.0005358439,1.0723968e-05,0.00053558836,-0.0010852579,6.9256566e-07,-5.9802555e-06,0.00025443037,0.000114299386,-0.00044704333,0.0008079529,-0.00016050912,-0.00017029801,-7.457359e-06,0.000946786,0.0007465916,-3.8869613e-05,-0.00059134513,0.0009683551,-3.8195434e-05,-5.280123e-05,-0.0004358094,-0.0002014854,0.0011079864,0.00017098985,-0.0002437073,3.682908e-05,0.00013232463,-3.5751433e-05,0.00022722864,0.00032901648,0.0005942126,-2.838161e-05,-3.4358603e-05,-0.0006083576,6.0911847e-05,0.00013930163,0.00020305444,-0.00043117715,-0.0005489489,-8.460488e-05,0.0004949856,8.6962275e-05,0.0005254832,0.00010492122,0.0003422456,-8.677744e-06,-0.00016851455,-5.1542287e-05,-0.00031115836,-0.0002903507,0.00014230225,4.6379937e-05,0.00010905627,0.0003307375,-2.1481686e-05,0.00029332493,3.167681e-05,0.0001606735,0.0005491866,-0.00047100883,-0.0005439615,-0.00030545014,-0.0002032222,0.00029383146,0.00073547213,-0.000576175,-0.0011101072,0.0003681359,-0.0025294437,0.00052271574,0.00019834373,-7.474073e-05
-0.00126337,-0.00048570993,-8.1908394e-05,-0.0022624272,0.0041442746,-0.0016352946,-0.000645391,0.00065796415,-0.0018244834,-0.00040936106,-0.00043041282,1.289688e-05,-0.00018819999,-0.00045368646,0.0016515027,-0.00044151375,-0.0007795141,-0.0005058401,-0.0012947014,-0.000121341625,-0.00037723294,-0.0006056511,-0.0002019882,-0.0017691145,-3.3949796e-05,8.1924576e-05,-0.0015745272,-0.0002551268,0.0015658321,-0.00036296475,0.0009362314,-0.0002576729,-0.001518413,0.0010481353,0.0003518557,0.0005632143,0.0017561306,0.00012723038,-0.00064313965,-4.5405326e-05,0.0003632794,-0.000687836,-0.00022335604,0.0003993138,0.00010691713,-0.003263756,0.0008766823,-0.00053188205,0.0019473984,1.6869877e-05,-0.0004749728,0.00016240876,0.33823815,0.00050113804,0.00044845432,-0.0013529909,-0.00030253528,3.661571e-05,0.00025422717,0.0007279649,0.00027064854,0.0007513749,-3.1637403e-05,-0.0006192102,0.0036739362,0.0005136867,-0.0005789619,0.00052744045,-0.00034460647,-0.0011995145,-0.00011509892,-0.0007562311,0.00033928585,-8.538704e-05,0.0004799965,1.3840727e-05,-9.252676e-05,3.743793e-05,0.001324943,-0.000107128566,0.00013619012,-0.001772138,-0.0025615564,0.0008757188,-0.0006998689,-0.00050538976,-0.00093786843,-0.0010435049,4.1286785e-05,-0.0002876516,-0.00091974525,-0.00021058976,0.00045448725,0.0016293663,-0.0003440157,0.00055464596,-0.0001312978,0.0020800093,-0.00092534506,0.0013221854,-0.00032851275,0.0020176216,-0.00029705933,-0.00090350345,0.0021196748,-0.0016434814,6.0373997e-05,0.0003601554,0.00075170206,-3.317437e-05,-0.00023122168,0.00031237325,0.0006766087,-9.7881486e-05,-3.376733e-05,3.517937e-05,0.00093272736,-0.000101531776,-0.00029842232,-0.0008203384,0.0018180988,-0.0001877549,0.00029709676,0.00038702364,-0.00065799453,0.000150437,-0.00066182745,-0.00036776823,1.2407665e-05,-7.917231e-05,7.5405376e-07,-0.00095515884,6.0088692e-05,-9.87945e-05,0.0006037732,-0.00035576875,-0.000787033,0.0006653049,0.0026429752,-0.0005529827,-0.0008490981,-0.00017078324,-0.00020068914,-0.0009547955,0.0002932784,0.00018746177,-0.00036856058,5.896888e-05,-0.0005264206,-0.00035030392,3.096946e-05,0.00030852848,0.00021515926,4.267496e-05,-0.0019310422,-0.0004149621,0.0005271366,-0.00040321803,0.00027456947,0.00034030253,-0.00016047782,5.0265156e-05,0.00085432455,0.0004665252,0.00030984852,-0.0011907086,0.000950186,-0.00066004315,0.00011864856,0.0022030743,0.0011031287,0.0007562256,-2.1154814e-05,-0.0003031563,-2.7150669e-05,-0.0016309697,0.0016803957,0.000324408,-0.0002503578,-0.0006108837,0.00082406646,-0.0007110903,-7.207475e-05,-0.0019401737,-0.0010045684,-0.0013873077,5.7060483e-05,0.00073070655,-0.00019658479,2.5262714e-05,-1.7971526e-05,-0.0016025965,7.2935865e-05,0.00022735716,0.00022138482,6.3819345e-05,0.0006512496,-0.00066351297,0.0025180134,-0.002101889,0.0010670881,0.0010920506,0.001193717,-0.00013848655,2.1623705e-06,0.00071397796,-0.00040500518,0.0003294493,-0.00029532085,0.0014143724,0.0007802994,0.0012094304,0.0005417453,-0.0017001285,-0.0004682598,0.000302306,0.00050574314,-0.0004679231,0.00045943365,-0.0008456627,-0.0004563439,0.0014204544,-0.00010502989,-0.0006205243,0.00094979635,0.0023627686,-0.00034312965,-0.00014806713,-0.0012084816,6.447264e-05,0.00016008187,0.0022718026,0.00032558586,-0.00018378413,-0.0011391584,-0.00023683533,0.00046691732,-0.0004749873,0.00032087966,-0.00042689274,0.00020366393,-0.00305751,-0.0007354417,0.00021327604,0.0015218691,-0.0016866019,-3.9325707e-05,0.00012368077,0.0007713097,0.0006231406,-0.0015824336,-0.0002628478,0.00040529165,-0.00027563833,5.1022842e-05,0.0009369301,-0.0007517705,-0.0015133247,-0.0005975769,7.176331e-05,-0.00058800867,-0.0006086126,-0.0005500132,0.00040054964,8.606202e-05,0.0011408073,7.239794e-05,0.00022477757,-0.0009971147,-0.00012221937,-0.00035978353,-0.0002392008,-0.00015434122,-0.00012393517,0.00016721604,0.00011675482,0.00072995573,-0.00031634077,-0.0005824549,0.00014865656,0.000101839156,-0.00030771305,0.0004927638,-0.0005604616,2.5608964e-05,-0.00023454905,-0.00017876743,0.00041411712,-0.00011684846,0.0004759485,0.00045483868,-0.00067977246,-0.0018132727,0.0014668271,0.0010139147,-0.0009817048,0.004461115,-0.0011012779,-0.0003243869,0.001060273
0.0010848816,0.0007473089,-0.00019780087,0.0009675728,-0.0034086145,0.00033940718,0.00069167034,-0.00041502455,0.0010843704,0.0002674066,0.00030114473,0.00011338052,0.00018481744,0.00045901324,-0.0005545594,0.00019644508,0.00056504144,0.0007124293,0.0013244732,0.00014657136,0.00048762208,0.00035305019,0.00014397161,0.0009718348,-7.704521e-06,0.00011602121,-0.00011259684,0.0002791097,-0.00045754717,0.0006455569,-0.00090756395,0.00020451039,0.0013979274,-0.0010508607,-0.00012504387,-0.00073477346,-0.0012229265,-0.0002320576,0.00046491207,-5.247283e-05,-0.0003553315,0.00021584542,0.000104927036,0.00030114962,-0.0001419809,0.0015869563,-0.0012690788,0.00011122142,-0.0013888261,-0.00018618746,0.00016502698,-6.9121794e-05,0.0014775536,0.3409555,-0.00039307278,0.00064576947,0.00017310279,-3.783392e-06,-0.00019821571,-0.00072726316,-0.00027578193,-0.00028875895,1.3147064e-05,0.00088376796,-0.0020360108,-0.00045081953,0.0005656984,-0.00038363624,0.0002971604,0.0013972904,0.00021937366,0.00027991482,-0.0007047327,2.7980932e-05,-0.00054798805,-0.00036768385,-1.4011937e-05,1.6252481e-05,-0.0010206316,5.5329714e-05,-1.649366e-05,0.0014526101,0.0013437202,-0.0008100956,0.00036699194,0.0022960939,0.00077099714,0.00090586796,-9.327835e-05,0.00031347005,0.0007816381,0.00019424089,-0.00052054285,-0.0013604593,0.00023693894,-0.00040329553,0.00016247689,-0.0014873508,0.0006564943,-0.0012442794,2.215698e-05,-0.00072674936,-8.5051804e-05,0.001178884,-0.0010566416,0.00063085934,-0.0012507541,-0.00050080486,0.0005280781,-0.00019582018,0.00025314168,-0.000146251,-0.0006118987,0.00010605209,5.621514e-05,1.5420228e-05,-0.0008947489,0.00013874595,0.00025160948,0.000755678,-0.0013402896,0.00014061262,-0.00021432486,-0.0002783829,0.00029545193,-6.80617e-05,0.000526859,0.001302506,3.7554993e-05,-2.4895235e-05,5.1737785e-05,0.00055529375,0.00016077726,-4.3834058e-05,-0.00041650655,0.00023809033,0.0005377699,-8.6976106e-05,-0.0012184242,0.00032315034,0.0006676026,0.00036984528,-4.1756313e-05,0.0015146794,-0.0003475175,-0.00047380992,0.00075926736,-7.497392e-05,0.0002677961,0.0003616118,0.0007155618,-0.0006302013,7.8633224e-05,-0.0003032603,0.0023227239,0.00027408468,-0.001604374,0.0012780899,-0.00050942285,-0.00014902689,-0.0005545065,-0.00012106688,-0.00024789126,-0.0015554633,-0.00032754027,0.0011152705,-0.0007592587,0.00024119407,-0.00010730195,-0.00204334,-0.0017066615,-0.00079384353,5.7106616e-05,0.000644591,-3.8429116e-05,0.001193631,-0.0010525973,-0.00028968658,0.000254043,0.00025914097,-0.00032032863,0.000526563,3.191062e-05,0.001291544,0.0008487636,0.0015905256,-4.233146e-05,-0.00067912735,-6.023219e-05,1.568895e-05,0.00014598161,0.0012142187,3.6096942e-05,-0.0003417133,-0.00020650716,-0.00010972281,-0.0006722325,0.0005620157,-0.0019136894,0.0011569706,-0.0009052431,-0.0005076173,-0.0013938606,0.00019671922,-1.1172299e-05,-0.0004619499,0.00024840728,-0.00038509094,0.0003884909,-0.0018092471,-0.0013018786,-0.0004137887,-0.000552444,0.0004795571,-0.00051754666,-0.00047860894,-0.0005776164,0.00040999943,-0.000224447,-0.00048326844,0.00043514394,-0.0012909378,4.3679196e-05,0.0011766481,-0.00081657467,-0.0017316326,0.00034968165,0.00015977731,0.000911911,4.1639523e-05,4.0998857e-05,-0.0014725104,-0.00042980217,-0.00010644589,0.00081085577,0.00038114344,-0.00071673206,0.00072988763,-0.000398367,-0.00024655147,-0.00012478618,0.0024776275,0.00093865744,-0.00030103518,-0.00050868,0.0015088328,1.4108578e-05,-0.00013862597,-0.0004939584,-0.00087519706,0.0008494835,0.0002930524,-0.00035009583,7.051275e-05,8.826138e-05,-2.2282056e-06,0.00064934534,0.00085511955,0.00066204113,-2.8123683e-05,0.0009044075,-0.00033603952,0.00063683605,-0.0011107175,0.00052187266,-0.00066811795,-0.00029609867,-0.0002784298,0.0010263675,0.00014449557,0.00025319503,0.00025482447,0.0003886871,2.6645586e-05,-0.0001749185,-8.3319464e-05,-0.00025865246,0.0004279532,0.00032784263,0.00058699696,0.00017004127,0.00021836937,-0.00032660764,0.00077570876,1.5760128e-05,0.00028003613,0.0020016863,-0.00044867836,-0.00013367526,0.00013294381,-0.00039887696,0.00052263227,0.0011571933,-0.0012687386,-0.00096562237,0.000738234,-0.004051539,0.00086735736,0.0003046307,-0.00022528793
0.0016139842,-0.0012768058,-0.00030810502,0.0011993969,-0.0031742293,0.0011428193,0.0025172657,-0.0005008643,0.003222323,0.00042102876,0.00047540636,-0.00028330102,0.00015824354,0.0010880992,-0.00079440285,0.00024943028,0.0016789498,0.00085990847,0.00074061385,0.0006745965,0.001170432,0.0013322743,-0.00011164857,0.0035063857,-0.0006018381,-0.0003681088,-0.000997118,0.00042917303,-0.0033001902,0.004295206,-1.422316e-05,0.000431412,-0.00046056992,-0.00037349778,-0.0023592399,0.00048922736,-0.00029319825,-0.000600208,0.00020175143,-0.001051329,-0.00025295428,0.0003561398,2.3486176e-05,0.0008117226,-3.804545e-05,0.0024581454,-0.0030484817,-0.0013638263,-0.0026495846,-0.0004485899,0.00097088795,-0.0002040808,0.0019713615,-0.0010928942,0.33881876,-0.0009642666,0.0007375577,0.0003583527,-0.00025877284,-0.0009875316,-0.00088250736,-0.0004897605,-0.00021379993,-0.001133991,-0.0019755042,-0.000685077,6.771441e-05,-0.00066553487,0.00035526606,0.0008293667,0.00074806827,-0.0002103713,0.00062708475,-0.0005439283,-0.0012710815,-0.0002661886,0.001694555,-6.933148e-05,-0.0014500447,0.0011392062,-0.00029440422,0.0015107422,0.00084613607,-0.0016419039,1.45784425e-05,0.002791566,7.260567e-05,0.00029965263,-0.00035429065,0.00063021603,0.0011037033,0.00038874202,-0.0011307409,-0.0007913581,0.00029368314,-0.00056358473,0.0010975252,-0.0019332655,-0.00026284205,0.0031866704,-0.0012167947,-0.0011870378,-0.00010908359,0.0010672156,0.002157436,0.000779298,-0.003311286,-0.00057547085,-0.0006713504,-0.00138526,0.00044889122,-0.00025916603,-0.00055204483,-5.2419655e-05,-7.371064e-05,-0.0001593589,-0.002349722,0.00044222779,0.0005924427,0.00078193535,-0.00052800233,-0.0005404262,-0.00047086255,-0.00029623052,0.0011274472,-0.0010426283,0.00084976514,0.0021835114,-0.00047718224,0.00018313166,0.00035891158,0.0009839176,0.000121240606,0.0011627922,-0.0009023458,5.0825092e-05,0.0012459015,-0.0026853702,-0.004466348,2.9239432e-05,0.00091581966,0.00090404146,0.0012774194,0.0005643586,-0.0006653657,-0.0021795463,0.00050798705,-0.00014794272,-0.00017409035,0.00057460525,0.0024993632,0.00015838543,3.26245e-05,-0.0014722042,-0.0025631755,0.0010949542,-0.0020849672,0.0049691526,-0.0019212228,0.0011634099,0.0009556191,-0.00037278692,3.553056e-05,0.0015199545,-0.00044179824,7.297702e-05,0.00039354002,-0.0008175885,-0.00026381208,0.001132444,-0.0039419592,-0.00091730757,-0.00041210183,0.000583302,-0.0005492264,0.0010584468,-0.0012650501,0.00039367808,0.00048850145,0.00071931997,0.000435059,0.0004218034,0.00022326456,0.001759099,0.00050390884,0.0015704772,-0.00051501236,-0.0010342854,-0.0005208823,8.465546e-06,-0.0016950322,0.000721867,0.000539771,-0.0013382086,-0.00047266475,-0.00046163172,-0.0017725398,0.0010266667,0.00063631136,0.0028728792,-0.0018907989,-0.00040994378,-0.0014423946,-0.0005786857,-0.00012597958,0.00023528667,-6.82968e-05,-0.0011353652,-5.3084557e-05,-0.00385448,-0.0025805498,-0.0017990508,-0.0010408696,-0.00058531825,-0.0009910257,-0.0018593788,-0.00065011025,-5.993972e-05,0.0002331031,0.0012527382,0.0006722007,-0.0038263802,1.8157429e-05,0.0017505402,0.00024507716,-0.0019470375,-0.00016485581,0.00014305,0.0010583336,-6.23733e-05,0.0030714772,-0.003396874,6.599224e-05,0.00041154414,-0.00015518404,0.0005415829,-0.00078521424,0.0019146553,-0.0006432271,-0.0022591634,-0.00033083567,0.0025823044,0.0020685687,0.00010876126,-0.0005111139,0.0032415157,-0.0003026898,-0.0004107133,-0.00017875538,-0.0007611422,0.003532296,0.0002809711,-0.00041441544,-0.0006769421,0.001140899,5.8055204e-05,3.4877783e-05,0.00023560938,0.0013511294,-2.754974e-06,-0.00025289133,-0.002093769,-0.0002716955,-0.001156769,0.0017349671,4.0121784e-05,-0.001692718,8.6677304e-05,0.0015843569,0.00061451556,0.0010869551,7.794608e-05,0.0021278958,-1.1383393e-05,-0.00033515363,0.00025254654,-0.00034657106,-0.0010516909,0.00020903199,0.0029032936,0.000753835,0.0012007036,0.00082336954,0.0003141329,0.00057434273,0.0005998903,0.0001585966,-6.688229e-05,-0.0031103764,-0.0004661849,-0.0004621041,0.0004789779,0.0018324156,-0.0012403886,-0.00207366,0.00043869694,-0.008090138,7.752471e-05,0.00092284265,-0.0013697622
-0.00028089565,0.00010791137,0.00014993684,0.0013484946,0.0012390306,-0.000736336,-0.00024972484,0.00022837032,0.00024350568,3.991203e-05,-3.0493424e-05,-0.0001565679,5.9771137e-05,0.0001233851,0.0005352316,-2.6677099e-06,-0.00033977893,-5.3751024e-05,-0.00045124962,0.00028070953,0.00020581982,0.0002612328,-3.2976324e-05,0.00021162958,-0.00017408082,-0.00041321706,-0.0017314667,5.3140815e-05,-0.00062927563,0.001239878,-0.00034055175,0.00010434059,-0.0012865358,0.000668256,-0.00058625394,0.00055820006,0.000573162,5.763606e-05,-0.00020580806,-0.00034596914,7.768469e-05,-0.00085315766,0.00029575432,0.00014617122,2.4400351e-05,-0.0010174615,-0.00071500253,-0.00069786684,0.0007170813,3.6212285e-05,8.124509e-05,5.9017748e-05,-0.00022895026,-8.172974e-05,-0.000515761,0.3387442,3.837382e-05,0.00014710882,1.3422916e-05,0.00017944076,-0.00019770155,0.0001388078,-0.00010243217,-0.00058328296,0.0023517977,5.5536362e-05,-0.0001549596,3.9075312e-05,-0.00015210597,-4.523811e-05,0.00011262239,-0.0003588818,-0.00022864122,-0.00017545544,-0.00022849707,0.001099618,0.00068998156,1.3871577e-05,0.0012392732,0.0002750059,-9.705178e-05,-0.0002968969,-0.00130561,9.5004354e-05,-0.0001768066,0.0003712768,-0.00010725611,0.00020056518,-0.00016478573,-2.765808e-05,2.3880613e-05,-1.3496453e-05,-8.127294e-05,0.0012595687,-0.00011199007,4.773512e-05,0.00027789164,0.0002753015,-0.00073374016,0.002278414,-0.00043189502,0.00026194358,-0.00011069933,0.000177178,0.0020958872,-0.00020601676,-0.0009923622,0.00015467512,0.0001976582,-0.0005505675,2.0662128e-05,0.0001407884,5.45988e-05,-6.650475e-05,-7.1552466e-05,-6.1121686e-06,-0.00047809441,7.053687e-05,0.0001651215,-0.00011455774,0.00061262556,-0.00021803855,1.0888774e-05,0.0003057975,0.00020723802,6.933855e-06,5.022836e-05,0.0002140747,-0.00011142326,0.00010473669,0.00010206048,0.0002018553,-4.6135933e-06,0.00057653995,-0.00015525673,-5.4561217e-05,4.6050136e-05,-0.0011466972,-0.0010724801,-0.00021470914,0.0002895687,0.00012767043,-0.00045265388,-1.06865755e-05,8.5710984e-05,-0.00026212094,0.0004057559,3.1343585e-05,-0.00029718172,-2.6769325e-05,0.0007255154,0.000606231,-5.3183785e-06,-0.0009280131,-0.0025640477,-4.7846042e-05,-0.00055674714,0.0012500102,-0.00046087048,0.00082924793,0.0004606984,-7.698678e-05,-1.8452823e-05,0.0003876568,0.00017820651,-0.00046333257,0.00085362664,-0.0007542508,0.0002807587,0.0018234997,-0.00057997904,0.00029041994,-0.00016480408,-4.964418e-05,-0.00023025439,-0.00018499739,0.00013105391,-0.00019506675,-0.00022604725,0.00029712843,0.0003547791,-0.00028394326,4.9688195e-05,-0.00071156316,-0.00029224902,-0.00062653783,-0.00011630067,-4.3649798e-06,-0.00025600745,7.824706e-05,-0.00013776988,-0.0005874022,0.00018566757,-0.00030442246,-1.4580511e-05,-7.960572e-05,-0.00016097966,1.164043e-05,0.0019260198,-0.00054389134,-0.00015269473,0.0006664467,0.00056443684,0.00018137523,1.1830671e-06,0.0010350478,-9.066723e-05,-7.319612e-05,2.7634733e-05,0.00062313216,-0.00072716706,0.0004776496,-0.00010006216,0.0005110213,-0.00059095473,-0.0004942652,0.00017281153,-0.00025053922,0.00016691655,-0.00033083613,1.4894073e-05,-0.00051204924,-1.7718803e-05,-2.2769074e-05,0.00050443003,0.00022845209,-0.00041020842,9.392823e-05,-9.693522e-05,-4.3375367e-05,0.0011988466,0.00013041071,0.00033557735,-6.292138e-05,-0.000679242,-0.000102724356,-0.00025784998,0.0014094415,-2.0649433e-05,-0.00032205033,7.819587e-05,-0.0010223256,0.0005669564,0.00010582572,-1.1103417e-05,0.00028746473,-0.00017866335,-7.645248e-05,-0.00014449125,0.00027743043,0.00093882857,5.456131e-05,2.8963681e-05,-0.00024376373,0.0004134349,0.0006553767,-0.00029616506,-0.0006608343,0.00037485952,-9.4676403e-07,-0.0009154732,-0.0015091094,-0.0004956092,0.0009836553,0.00035322085,0.00017886859,-0.0010130684,5.5606324e-05,-0.00011046506,5.5311117e-05,0.0008100741,-0.00014220444,0.0006378619,-5.7497884e-05,-2.6182706e-05,7.832489e-05,1.3108299e-05,-0.0008909459,-0.00037032773,0.00011079798,0.00032818015,0.00040695566,0.0004083381,-3.156133e-05,0.0001456994,7.3516334e-05,0.00078744855,-0.00034919378,-0.0010800351,-0.00021537601,6.500476e-06,-0.000111364774,-0.00038232128,0.00027813023,-0.0010195908,-0.00023734843,-0.00097635644,-0.00017373366,4.0485393e-05,0.0008208985
-0.0006574611,0.0004886487,-4.5255183e-05,-0.00018086545,0.0012570499,-0.0008151177,-0.0009615648,0.00030118163,-0.001298151,-0.00021847687,-0.00026999658,0.000104757884,-4.6875324e-05,-0.00039263358,0.0006005253,-0.00015179052,-0.0007125389,-0.00024916398,-0.00028195817,-0.0001873756,-0.00035371337,-0.0005378134,-7.619629e-05,-0.0016898628,0.0001941608,0.0001267019,-0.0002665883,-0.00013541535,0.0012699668,-0.0012893914,-1.8983541e-05,-0.00014353365,-0.00013704952,0.0002546367,0.0008485707,-9.135278e-05,0.0003788875,0.00017187154,-8.96756e-05,0.00026256253,8.5353015e-05,-0.00046062295,2.7316171e-05,-0.00016006149,-4.543811e-06,-0.0011158639,0.0008101802,0.0002696675,0.0013373799,0.00012335858,-0.00040832636,5.283993e-05,-0.00084381417,0.0003390589,0.00047133397,-0.00034902498,0.34228,-8.6112224e-05,3.9818817e-05,0.00041654165,0.000314711,0.00032898193,4.5152665e-05,0.00026858458,0.001679054,0.00020730552,-6.338809e-05,0.0003268052,-0.00019132592,-0.00028044416,-0.00026094628,-0.000117870775,-0.00037677234,0.0001440445,0.00044724206,0.00020575887,-0.0004979098,6.710451e-05,0.00070557,-0.00027416192,0.00021365288,-0.0006601014,-0.001157367,0.0006009742,-9.365573e-06,-0.001150268,-0.00011691818,-0.00012709807,9.242269e-05,-0.00026795294,-0.0004666629,-0.0001373532,0.0004406368,0.00064788817,-0.00017979092,0.0002713453,-0.0003435532,0.00089124124,-9.943791e-05,-0.00038906356,0.00025670277,0.00074747705,-9.360535e-05,-0.00025151717,-0.00019859594,-0.0005078182,0.0006169195,0.00020179628,0.0005549871,0.00034428056,-0.00021876322,9.90646e-05,0.00023107552,-1.1715592e-06,-1.4490678e-05,9.623781e-05,0.000707732,-0.00015032836,-0.00013763245,-0.00039042946,0.00035972268,0.00011373486,0.0002875992,0.00022667734,-0.00048906833,0.00036201172,-0.00038018817,-0.0006300926,0.00018720166,-0.00018519042,-9.930066e-05,-0.0004076881,7.660818e-06,-0.00033547624,0.00034064168,-1.2528775e-05,-0.00050736417,0.00078715687,0.0017061712,-4.9015694e-06,-0.00034525554,-0.00018558296,-0.00067687687,0.00070670596,0.0003339212,0.00068522355,0.00020694139,7.357113e-05,-6.0494785e-05,-0.0002548198,-0.00062728766,-6.754573e-05,4.5808098e-05,0.00030217005,0.00037898775,-0.00042464468,0.0004259225,-0.0013056827,0.000556006,-0.00020041225,-0.00038892435,9.22534e-05,8.585885e-05,-0.00073419925,0.00023247447,-7.3377814e-05,2.3630899e-05,9.162164e-05,0.00035147462,0.0003782656,0.0014735198,0.0003647219,0.00014642309,-0.00016609122,0.00011879632,-0.0005120323,0.0007000431,-0.00021757606,-0.00022710954,-0.00029154922,4.924226e-05,-0.00028450863,-6.593738e-05,-0.0008919603,-0.00033098538,-0.00062707806,0.0001567449,0.00038709218,2.7415728e-05,-2.4022127e-05,0.00061905617,-0.00044090292,-0.00013910889,0.00041389093,0.00012884266,0.000106664906,0.00059676555,-0.00043222273,9.545701e-05,-0.0012196269,0.0006919827,0.0003748298,0.0005686801,0.0002758668,0.0001318565,0.0001458028,-7.518665e-05,0.0003428358,2.2329446e-05,0.0013508034,0.00062789273,0.000827596,0.00034027535,0.00019185779,-6.4461565e-05,0.0006084864,0.00025610538,2.94615e-05,3.4209286e-05,-0.000722979,-0.00020952908,0.0014530026,2.2900655e-05,-0.00047312138,5.4945813e-05,0.0008520173,-1.0985603e-05,-9.736258e-05,-0.0004596258,8.428522e-05,-0.00085066643,0.0013792673,9.176516e-05,-0.00029396536,-0.00015631937,-0.00022608666,0.00023478732,-0.00028505712,0.00020371565,0.0007913591,0.00014733427,-0.0010468985,-0.0006255962,-9.99758e-05,0.00034610683,-0.0012011844,6.48724e-05,0.0001178905,0.00010316602,0.00025657116,-0.0011339255,-0.00016030569,0.00022128115,0.0001615189,-0.0003210749,0.00033646927,-8.669672e-05,-0.00015806817,-0.00041547974,-6.8058844e-06,-4.0180952e-05,0.00022101699,2.809856e-05,0.00043924313,-0.00043835858,0.00013630942,0.00035500462,-9.6113174e-05,-0.0005807791,-0.00018475525,-0.0002546807,-7.901133e-05,-0.0005740172,2.7622764e-05,0.00011990047,-9.577785e-05,0.00031050382,0.00024028271,-0.00025849178,-0.00089060684,-0.00015024615,-0.00033134854,-0.00018294515,-1.9036517e-05,-0.00017690245,-0.00020148991,0.0005714382,-1.1554112e-05,0.00087526534,0.00028147158,0.00020446174,-0.00024163316,-0.00088714936,0.0005326955,0.000522032,-0.0002660242,0.0024994905,-7.7163255e-05,-0.0003673405,0.0008723549
0.0004827306,0.0010490591,0.0003411727,0.002572106,-0.0028339871,0.0010191408,-0.00045063443,-0.00041683746,0.0003666147,0.0003115404,0.0002196133,2.5730773e-05,0.00014931684,-8.294172e-06,-0.0013189897,0.00031359127,3.738095e-05,3.2755306e-05,0.00085959036,-0.00020051085,-0.00014573756,0.00012990396,0.00021507221,0.000498153,0.0002354469,-9.171753e-05,0.0018435018,-2.4640067e-06,-0.00042731018,-0.0011053882,-0.0010395565,2.9687797e-05,0.0013389846,-0.0007225364,0.00035592046,-0.0005968303,-0.0014761338,0.00020980412,0.00061632006,0.00046519734,-0.00021176095,0.00037338483,0.0001990077,-0.00060174265,-3.5830053e-05,0.002202569,0.0003798947,0.0010722806,-0.0009980119,0.00017168072,0.00011508261,-7.0869784e-05,0.0014383561,-2.571578e-05,0.00010350853,0.0010317409,1.5121905e-06,0.34115312,-8.695972e-05,-0.00023894953,6.429401e-05,-0.0005544293,0.00015285931,0.000835866,-0.0021542038,-3.847027e-06,0.00046441992,-0.00020125388,0.00017246215,0.000751959,-0.00022230695,0.0008562081,-0.0004833898,0.0002832879,3.489379e-05,0.0004982535,-0.00048129717,-2.4401346e-05,-0.0005032732,-0.00026430204,0.0001088068,0.0009934059,0.0015975696,-0.00017239315,0.0006126081,-0.0006658555,0.0008920149,0.0009164977,4.4313798e-05,-1.0634867e-05,0.0004209334,2.8146065e-05,4.029856e-05,-0.0010709874,0.00024534273,-0.00026814308,-0.00018207345,-0.001216629,0.00092238677,-0.0020107543,0.00079485273,-0.0015798985,0.00028790714,0.00061213784,-0.0024882946,0.0014003583,0.0012717848,-4.51912e-05,-0.00041973364,0.00062706583,3.6166235e-05,3.4752838e-06,-0.00040206994,0.000117474934,3.7981255e-05,4.741061e-05,-7.474488e-05,-8.476425e-05,9.255744e-05,0.00044338577,-0.001424646,0.00038897418,-0.00022770361,-0.0003549639,0.0002167466,0.00028202627,0.00033467315,-0.00067813776,0.00016452862,1.1930906e-06,-0.00015648594,0.00044163046,-0.00013967778,-0.00023526042,-0.00020916713,0.00030524094,0.00021926781,0.00018990024,-0.0011778995,0.00034948403,0.00052844133,-0.00026166526,-0.00051088876,0.001973797,-6.365567e-06,0.00073350465,5.9116373e-05,1.0334807e-05,0.0005436428,8.6171276e-05,-0.0010277461,-0.00023818591,-0.00029478548,0.0004305477,0.0023827383,-9.96998e-05,9.942264e-05,-0.0013471078,0.0004841113,-0.00059363834,-8.565557e-06,0.00021237446,-0.00094625476,-0.00066976284,-5.0541414e-05,0.0011093614,-0.000983025,0.0009628745,0.00010469691,-0.0024269505,0.00072226604,-0.00042254073,0.00023667367,-5.905926e-05,0.00023412706,0.0010769885,-0.0012131361,-0.0005331865,2.0631976e-05,0.00037343655,-0.00095042965,0.00043989773,-2.5778247e-05,0.0010546384,0.0006924035,0.00054145115,0.00020591581,-0.00018549425,0.00032191197,1.7773506e-05,0.0007630109,0.0011626041,-0.00032846042,0.00026649507,-4.815338e-05,5.5111967e-05,9.0972164e-05,0.00018567918,-0.0025414024,0.0007874835,-0.00028666586,-0.00083687133,-0.00031796918,0.0004194763,0.000100516445,-0.000608465,0.00040139884,0.00012749076,0.00020401998,0.0005775284,5.416732e-05,-0.00039311158,-0.0001046159,0.0020429755,0.0003701419,0.00039287662,-0.00020368234,0.00042034863,-0.00062900264,0.0003920062,0.0001015934,0.0001547696,5.6385205e-05,-0.00024152873,-0.00094196,-0.0014809732,0.00032732906,-6.22452e-05,0.00074885576,2.2482654e-05,-0.0013271874,-0.0009827834,-0.00024874098,-1.103062e-05,0.0010071496,-5.434795e-07,-0.00013764438,-6.457836e-05,-3.661711e-05,0.0013414574,5.9645216e-05,0.0014270957,-4.2262025e-05,-0.00023919079,-0.0011613002,0.0003135677,0.0001461351,7.716235e-05,-0.00077062857,-0.00016040643,0.00025182794,0.00010681792,-0.00017682355,0.0005424609,-0.0004896222,-0.000762328,0.0006953718,0.0013649903,0.00012921685,-0.00010598619,0.00043372076,0.0011520114,0.0005134254,0.0005288692,-0.0008659144,-0.0011420678,0.00042675788,-0.00025741468,0.0002605954,-0.00017765745,5.5599437e-05,0.0001812064,-0.0007453455,9.2079616e-05,-7.580247e-05,-0.00020161546,-0.0006226988,0.0005240356,0.0004008865,-0.0016033127,-0.00037590764,-0.00011127454,-0.0007654214,0.0004961535,-0.00023134463,-1.8733843e-05,0.00023973988,-0.0006421078,0.0011313092,-0.0004788468,-0.00017439171,0.00041849876,0.00096043746,-0.0008570249,-0.00042657787,0.00072635955,-0.0015910307,0.00093823724,-2.696583e-05,-0.0002984304
0.00047501465,-0.000982392,-0.00047011246,-0.0015100637,-0.00060130935,0.00016748831,0.0012491349,-6.258292e-05,0.00088635774,1.1398311e-05,6.577435e-05,-1.267876e-05,-0.00010858041,0.00032303864,0.00032151723,-9.810004e-05,0.00082367565,0.0003730297,0.00016003088,0.00019857472,0.00042962443,0.00024259197,-5.947701e-05,0.0009815198,-0.00022740487,6.0453396e-05,-0.00054570823,0.000115833376,-0.0007142272,0.0015157546,0.0006484422,0.00018567662,-0.0001473345,-0.00011971668,-0.00078193663,0.0001103861,0.00031682482,-0.00030840794,-0.00023761428,-0.00049711455,-1.9336403e-05,0.00033160162,-0.00025437272,0.00056579884,-2.1799672e-06,0.00037975074,-0.001056663,-0.0007339766,-0.0009845536,-0.00033352466,0.00021223098,7.728969e-06,0.0001501048,-0.0003062517,-0.00037661762,0.00017139003,0.00015115827,0.00011017909,0.34212816,-0.0003735616,-0.00027928397,5.964934e-05,-0.00020546095,-0.0005709727,-0.0007801318,-0.0003419542,-0.00015519279,-0.00015322237,0.000101051126,-4.2329408e-05,0.0002593687,-0.00036952348,0.0005278377,-0.000262287,-0.0003966233,-0.0009158878,0.0005188081,1.0801225e-05,-0.0009199837,0.00042452748,-0.0003338289,0.00016963176,7.438748e-05,-0.00062129914,-0.00020373231,0.0012536524,-0.00037761906,-0.00046513567,-7.693061e-05,0.00021009699,0.00021028511,0.00010481117,-0.00037228406,-0.00047997286,6.347947e-05,-0.00017358988,0.00032469982,-0.00030227273,-0.00020097109,0.00087093306,-0.0006817906,0.00018352683,-0.00023182701,0.000115483985,0.00089282816,-0.0003728688,-0.0016592781,-0.00024121,-1.3418115e-05,-0.0005976019,7.769881e-05,-0.00024959058,-0.00011923939,-6.2380925e-05,6.482601e-05,-8.1452556e-05,-0.00064602104,0.00013225882,5.5775086e-05,0.00012320688,0.0002224873,-0.00027834403,-0.0002344622,-5.3965217e-05,0.00017408648,-0.00053838774,0.00017413968,0.0012258182,-0.00016161098,-6.6693196e-05,0.00014992624,9.109746e-05,0.00015004686,0.00028365967,-0.000117587944,-8.635749e-05,0.00032957483,-0.0004949417,-0.00051125634,-3.5745597e-05,-0.00010097806,0.0004337398,0.0009154282,-0.0010129766,-0.00031813132,-0.0011059425,0.00014624486,-5.4846692e-05,-0.00020826634,0.000149231,0.001172951,-0.00015164238,0.00021245661,-0.0003329868,-0.00108618,0.00033481358,-0.00066353264,0.0019528684,-0.0007928229,0.00030957244,0.00010006186,-0.00016078587,0.0005756497,0.00047734956,-0.00015513318,-0.00026238096,0.00023486518,-0.0004086438,-0.0003689837,0.0007103232,-0.0016145714,-0.00030852974,-0.00017501591,0.00040867645,-0.0001666711,-7.005849e-05,0.00012827806,0.0005078313,0.000271413,-0.00010801115,0.00052852207,3.3585922e-05,3.961327e-05,0.00044474422,3.1593918e-05,0.00063345104,-0.00025995052,-0.00033439268,-0.0002862002,-1.7092081e-05,-0.00093763025,-2.7285752e-05,0.00022380176,-0.00043468206,-0.00018082818,-0.000119504846,-0.00057284464,0.00028938497,0.0005705577,0.00086625956,-0.0004030028,-2.6047986e-05,-0.0006964174,-0.00049287465,-0.00013262004,-0.00017517692,-0.00017797464,-0.0004452904,-0.00013630661,-0.0022126043,-0.0006992654,-0.00068096176,-0.00031330375,-0.0014435895,-0.00029786918,-0.0006592904,-0.00022865963,-0.00014753584,0.00026635095,0.00027897095,0.00019485911,-0.0012547917,2.9759594e-05,0.00077660126,0.00031182225,-0.00014835107,9.428649e-06,9.681151e-05,7.104635e-05,-1.7273585e-05,0.0012630245,-0.00083569845,5.552109e-07,0.00015430064,-0.000249622,0.00025472295,-0.000112329464,0.00016555405,-0.0002039193,-0.0013481189,-8.352857e-05,0.00089547713,0.0005878665,0.00015972118,0.0005195888,0.0009484056,-9.283194e-05,-0.000110053676,0.00038626557,-0.00034875728,0.0008387245,8.706672e-05,-0.00017709918,-0.00035255065,0.00044507874,0.00018677731,-0.0001415579,-0.0003178117,0.00027400322,6.510522e-05,0.00011148818,-0.0006730778,-6.195358e-05,-0.0011745729,0.0009700861,0.0005217769,-0.00034889425,6.6864086e-05,0.00055412925,0.00023751346,-3.8667455e-05,-9.332909e-05,0.0008816065,-8.2961255e-05,-0.000108732325,0.00013143294,0.00020103823,-0.00022244353,-1.1286141e-05,0.0018220546,0.0003216971,0.00029009918,0.0004823823,-4.4248638e-05,0.00023330505,0.0002055465,-0.00038555072,0.00044370233,-0.0011822304,0.0002285608,-5.484865e-05,-7.998871e-06,0.00032229273,-0.00015380137,-0.0001783041,-0.000116871626,-0.0016093737,-0.00027670644,0.00035298982,-0.00071548193
0.0014165664,-0.0012995987,-0.0007591969,-0.0020153185,-0.0026440758,0.0008387753,0.002430761,-0.0003913127,0.0021005787,0.00014265745,0.00029547687,-2.1053314e-05,2.4530897e-07,0.00089130865,-0.00016845689,2.9568639e-05,0.0016202836,0.00087320927,0.0009825766,0.00046912613,0.00097386964,0.0006057829,-0.00013407579,0.0020752416,-0.00047595447,0.00012233197,-0.0007563132,0.00024297567,-0.0014255244,0.002793612,0.00058460014,0.00034307956,0.00043580477,-0.0006798434,-0.0013020237,-0.00011566474,-0.0001608631,-0.0007030487,9.33361e-06,-0.00063160906,-0.00023550852,0.0006823119,-0.00029429677,0.00081782637,-0.00010194526,0.0016036263,-0.0023293016,-0.0010745187,-0.002010029,-0.0005245939,0.0005053947,-0.0002392583,0.0012388368,-0.00094455504,-0.00092950574,0.0008142609,0.00033815412,0.00022688229,-0.00023941603,0.34008738,-0.00061314594,-0.00014563993,-0.00022110688,-0.00045996835,-0.0024607657,-0.00060735154,0.00010257787,-0.0005328927,0.00034144183,0.0007991504,0.00060058146,-0.00037634737,0.00038430007,-0.00040295438,-0.00094250246,-0.0014978962,0.00089184823,-8.8972134e-05,-0.002022835,0.0007065035,-0.00029259888,0.0012390405,0.0011462882,-0.00143195,-9.714398e-06,0.0030723917,-0.00023072438,-0.00021813276,-0.00012301716,0.00058717106,0.00076473673,0.00035610644,-0.000924578,-0.0013037535,0.0002899269,-0.00054293644,0.00060834474,-0.0012503205,3.6152047e-05,0.0011969592,-0.0010079317,-0.00020784001,-0.0003123848,0.0007525574,0.0010983549,-0.00015926035,-0.0030994073,-0.0006668312,-3.9854123e-05,-0.0011041532,0.00033167933,-0.00026094203,-0.00037965082,-1.0777632e-05,-1.6523987e-05,-0.000231315,-0.001480621,0.00038242212,0.00031225072,0.0006333437,-0.00038294363,-0.00039306266,-0.00049366377,-0.00023561475,0.0005695479,-0.0009561407,0.00045011798,0.0024932518,-0.00032575516,-4.0093346e-07,0.00022431149,0.000595865,0.00027325292,0.00045320747,-0.0005218363,-6.0450177e-05,0.0009375442,-0.0009582682,-0.0017590803,0.00013472079,0.00030857118,0.00088101905,0.0014569757,-0.0034188125,-0.000713684,-0.0019487973,0.0005074681,-0.00013149739,-0.00015122347,0.00048439752,0.0022243334,-0.0004702789,0.0003446317,-0.0007610861,-0.00013758487,0.00093516096,-0.0015635635,0.0035982928,-0.0015770764,0.00037507826,-9.2362476e-05,-0.00039645963,0.0008159459,0.000564901,-0.0005210285,-1.3854447e-05,-1.2856022e-05,-0.000557594,-0.00067826704,1.4043247e-05,-0.003544351,-0.00084283674,-0.00032631835,0.0008526153,-0.00042297036,0.0006207335,-0.00044272395,0.0006487671,0.0005482654,8.005391e-05,0.000538145,0.00036239994,0.0001790575,0.0015163772,0.00049626053,0.0018049559,-0.00040236188,-0.00079509796,-0.00039486063,-5.9005135e-05,-0.0015146241,0.0006171395,0.0004104357,-0.0009503485,-0.00034957312,-0.00031004075,-0.0013601249,0.00080776354,-0.00018629251,0.0022548954,-0.0013110752,-0.00041889655,-0.0019276409,-0.0007120442,-0.0001079993,-0.00044133072,-0.00016962051,-0.0008262224,-1.9715837e-05,-0.0045079226,-0.001736521,-0.0013580986,-0.00081226224,-0.0020916113,-0.00030426015,-0.001435196,-0.00070012826,0.000117512915,0.00037039473,0.0003131936,0.00055670255,-0.0026408506,9.442693e-05,0.0019007946,6.895495e-05,-0.0012290303,9.192775e-05,0.00019146995,0.00063881284,-4.4369663e-05,0.0021516953,-0.00202986,-0.00017193987,0.00027753116,3.7902966e-05,0.0005520498,-0.0005061419,0.0006728399,-0.0004486882,-0.002255089,-0.00034020035,0.0025551324,0.0015463175,1.3809864e-05,0.00035370523,0.002396916,-0.00019786328,-0.0003541292,0.000362542,-0.0010591929,0.0022068378,0.00028250625,-0.00035130777,-0.00060212566,0.0008111099,0.0001836745,6.565995e-05,4.3986765e-05,0.00070842105,4.646298e-05,0.0006289231,-0.0011304684,0.00013777772,-0.0023676516,0.0017605503,0.0004003559,-0.0007610758,4.922747e-05,0.0014063035,0.0005190655,0.00019400596,0.000119864286,0.0016566365,-4.0025938e-05,-0.00022775805,0.00022726093,4.8764272e-05,-0.00014740477,0.00034326914,0.0032451844,0.0006233362,0.00059843267,0.0005830504,0.00023682271,0.0004570766,0.00051543524,0.00045342481,0.0005932844,-0.0020603314,0.0003058474,-0.00039032067,0.00031275846,0.0011326373,-0.0009911642,-0.0005722751,0.00027872378,-0.004379807,-0.00018986137,0.00071642007,-0.0014008891
0.00045067663,0.00019265215,-0.00023568198,0.00011596413,-0.0012795798,0.0001261752,0.00035567133,-7.3009745e-05,0.00041087542,1.7638664e-05,1.6031283e-05,0.00012188345,2.762962e-05,0.00017359243,-3.920284e-05,-8.0282225e-06,0.00036763126,0.00032256346,0.00039150054,0.00013628665,0.00025441623,0.0001079673,2.6956162e-05,0.00037052543,-0.0001140576,8.484003e-05,-0.0004684063,0.00010475069,-0.0002674607,0.0005792157,-0.00018572863,9.19638e-05,0.00029757607,-0.00026474972,-0.00022114655,-0.0001785684,-0.00022386468,-0.00017007218,4.5110195e-05,-0.00018637671,-8.721191e-05,3.75585e-05,-1.9017087e-05,-8.8811685e-06,-1.6421083e-05,0.00067261636,-0.000741949,-0.00023540098,-0.00027237387,-9.1408874e-05,6.083307e-05,-5.9385748e-05,0.00045522285,-0.0002712977,-0.00019728004,6.351718e-05,4.5442965e-05,4.5737244e-05,-1.9247504e-05,-0.00025024195,0.34192485,3.2983307e-06,-4.9593993e-05,0.000121257566,-0.0006168564,-0.00033254572,3.8169754e-05,-5.9141275e-05,4.66848e-05,0.0004175913,9.955106e-05,-9.076881e-05,-0.00027970577,-9.1181544e-05,-0.00024648302,-0.00018103847,0.00017182803,3.454009e-05,-0.0004442872,0.00011599916,-7.791102e-05,0.0004280979,0.00025921527,-0.00042150103,7.621564e-05,0.0010607021,0.00011128818,0.00014472344,3.631462e-05,8.269121e-05,0.00019817856,4.6129375e-05,-0.0001833912,-0.00031886096,7.5476135e-05,-0.000199399,8.818399e-05,-0.00044314083,7.6114804e-05,-0.00019235676,-0.00019078508,-7.372031e-05,-0.0001013653,0.00034211134,0.00010928277,5.922341e-05,-0.0010332427,-0.00026432856,0.00013873879,-0.00029523377,2.8584916e-05,-7.4586584e-05,-0.0001613519,-7.1961194e-06,5.3894646e-06,-3.0779007e-05,-0.0004655563,6.152426e-05,5.0152263e-05,0.00015546085,-0.00031618812,-6.387271e-05,-1.4522653e-05,-3.975544e-05,7.690909e-05,-0.00017706558,0.00013846991,0.0007775946,5.374637e-06,-8.5139345e-06,3.353348e-05,0.0001977688,9.488604e-05,0.000102004706,-0.00012742971,8.802197e-06,0.0001741555,-0.00016016551,-0.00068181904,0.00010650531,0.00019793674,0.00021579652,0.00013274731,-0.001043409,-0.00013165611,-0.00038337585,0.00088874466,2.6692674e-06,-3.426448e-05,6.346254e-05,0.0006075038,-0.000196103,0.00013825623,-0.0002821319,0.00050452154,0.0001313602,-0.0007393925,0.00080070004,-0.00042747002,9.0345195e-05,-0.0001680368,-9.479158e-05,0.0001510227,-0.00059788034,-0.0001539507,0.00014152008,-9.2767084e-05,-8.89697e-05,-9.382674e-05,-0.000203996,-0.0009390402,-0.0002242959,-7.30845e-05,0.00031124597,-7.426712e-05,0.00028052228,-0.00012975042,1.2941186e-05,9.325322e-05,4.783091e-05,0.00013513082,2.200596e-05,2.4077659e-05,0.00041775274,0.00019731726,0.000582703,-4.58468e-05,-0.00030861437,-5.1164072e-05,-2.6045964e-05,-0.00021470212,0.00030516798,4.1337284e-05,-0.00013764939,-6.8167676e-05,-0.000101675374,-0.00030158664,0.00016392325,-0.00033137744,0.0005025788,-0.0003041943,-3.4300872e-05,-0.00065225316,-5.9437436e-05,1.8776922e-05,-8.715395e-05,-4.0184692e-05,-0.00022814001,8.726858e-05,-0.001157193,-0.0006562286,-0.00022078918,-0.00025697236,-0.00018614926,-7.894091e-05,-0.00033865048,-0.00024766463,0.00011606868,0.0001552938,-0.00021416067,0.0001451856,-0.0005849016,3.378368e-06,0.0005787779,-7.97391e-05,-0.00053812115,3.336445e-05,1.4688136e-05,0.00027747612,9.516498e-07,0.00039499658,-0.0004996472,2.1166159e-05,-4.867291e-05,0.00010128326,0.00013509778,-0.00026791182,0.0004997367,-0.00011294402,-0.0002750721,-3.4865654e-05,0.00087983283,0.0005096848,-8.379994e-05,-1.3444467e-05,0.00075858214,-4.620394e-05,-5.370136e-05,-2.9685956e-05,-0.00037848705,0.0005435006,7.8010446e-05,-9.240334e-05,-7.457207e-05,0.00021570272,0.0001429102,0.00010590225,0.00015472689,0.0002789809,3.722761e-05,0.00021737165,-0.00046383307,0.00015664102,-0.00058621593,0.00045034743,-6.630354e-05,-0.00029135763,-3.4689234e-05,0.0003950403,7.046231e-05,0.000115334355,4.895822e-05,0.000347765,9.679488e-06,-0.00010378115,2.0017991e-05,5.5579058e-05,4.846779e-05,2.3854704e-05,0.0006566809,0.00014535786,0.00016055505,3.2241915e-05,0.00023418698,6.113968e-05,0.00014818633,0.00095372705,1.3886804e-05,-0.00045314888,0.00012627973,-8.140905e-05,9.00794e-05,0.00031971085,-0.00037569733,-0.000446085,0.00011094274,-0.0020329827,0.000107043656,0.00017903028,-7.6161516e-05
0.00054424873,0.00013736112,0.00016553879,0.0013675191,-0.0019185079,0.0010673335,0.00027034327,-0.00033816192,0.0008486436,0.00022415684,0.0002245503,-8.0968515e-05,4.8840568e-05,0.00013502233,-0.0011788487,0.00027169214,0.00035811512,4.6165478e-05,0.00047273294,-1.9752963e-06,4.5363595e-05,0.0003708018,9.547282e-06,0.0012326329,8.2364415e-05,-0.00014053012,0.0015065654,0.00013876439,-0.0009253967,-7.6837605e-05,-0.0004147125,6.149978e-05,0.00081390375,-0.0005535772,-0.00017127984,-0.0001500801,-0.0009975756,-5.6971956e-05,0.00039038024,0.00020133292,-0.0001418561,0.0005257466,6.513711e-05,-0.00028531512,-4.7254045e-05,0.0015811193,3.536863e-06,0.0005144223,-0.0013959664,4.5591034e-05,0.00031725527,-5.951361e-05,0.0010793323,-6.7380344e-05,-0.00011521297,0.0009374992,9.393548e-05,-6.87281e-05,-4.477025e-05,-0.0002871498,-0.000105753585,0.34082207,8.948163e-05,0.00029019057,-0.002243703,-1.649071e-05,0.0002518982,-0.00023263259,0.00017201371,0.00035260356,2.9303024e-05,0.00060672447,0.00012592459,9.3241666e-05,-0.00019047159,0.00010890377,-5.0837356e-05,-3.5897654e-05,-0.00087893597,-3.36285e-05,-1.5267084e-05,0.00081622443,0.0015814821,-0.00031280756,0.0003044675,-0.00018388809,0.00044662404,0.00039864265,-3.187578e-06,0.00010789601,0.00039923048,0.00012099421,-0.00012322252,-0.0009461233,0.0002396172,-0.00024173065,-2.556441e-05,-0.0010433552,0.000528102,-0.0009350949,0.0003437249,-0.001209035,0.000267219,0.00033156617,-0.0012558773,0.0010362815,0.0008715376,-9.788793e-05,-0.00065268297,0.00024137748,0.00015540668,-0.00014023975,-0.00023877213,5.412493e-05,4.1976567e-05,7.4017866e-05,-0.00025839443,1.7541654e-05,0.000110078196,0.0003641106,-0.000952959,0.00013220136,-0.000100664605,-0.0003514093,0.0003535828,7.748329e-06,0.0003995706,-0.0003525052,-3.5076428e-06,6.608426e-05,-3.268852e-05,0.00037947093,-0.000102517486,-2.1679953e-05,-0.00023671804,0.00018044695,0.00038781867,-0.00020633779,-0.0013861372,0.00018965831,0.00036557825,-0.0001820143,0.0001706642,0.0022952533,-0.0001597749,0.00014691002,-0.00061965093,-0.00010801261,0.00038738325,0.00016682694,-0.00042129206,-7.8335164e-05,-0.00023823506,0.0002481312,0.0010706534,0.00014959397,0.00015772822,-0.0002720632,0.00011918555,-0.00035791975,0.0002814014,7.738502e-05,-0.0006751246,0.00026920097,-0.00012957586,0.0006399065,-0.00055349077,0.00053762406,-0.00016541222,-0.0015003164,-8.523912e-05,-0.00035774554,3.840802e-05,-2.1590613e-05,0.00010827128,0.0008442928,-0.0009979164,-0.00011220163,0.00013860683,0.0003245028,-0.00061272667,0.00038299698,2.6586436e-05,0.001003017,0.0004829781,0.0005009451,6.9608104e-05,-0.00031087679,0.00013429174,1.9458499e-05,8.236092e-05,0.00081520283,-4.4540695e-05,3.931759e-05,-3.7652513e-05,1.1888607e-05,-0.0002573969,0.000290664,-0.0013290845,0.0010862497,-0.0004274701,-0.000707409,-0.00028395065,1.3971201e-06,1.8625415e-05,-0.00047459177,0.00022164195,-0.00015376367,6.675219e-05,-4.73122e-05,-5.9892973e-05,-0.0007014672,-0.00011647482,0.0008616741,0.00024946622,1.2680893e-05,-0.00018606012,0.00011630432,-0.00036019037,0.0007698811,0.00015111349,-0.0006104732,6.344717e-05,-1.1844781e-05,-0.0005209913,-0.0011207757,0.00020307739,5.838716e-06,0.0005892492,5.9850052e-05,-0.00029569506,-0.0012089815,-9.681364e-05,0.00015089073,0.0006450305,-3.0274105e-06,-0.00010652231,-0.00013749728,-8.4217725e-05,0.0002750467,-8.9822126e-05,0.0012413884,0.00011800432,-2.366658e-06,-0.0007571,0.00059785775,7.337963e-05,-5.6943406e-07,-0.00040865768,-0.00015039265,0.0006385835,5.940628e-05,-0.00020452769,0.00024460375,-0.00018884052,-0.0007846867,0.00039237275,0.0008257142,0.00019188311,-7.058074e-05,0.00023331467,0.0007507859,0.00026506803,0.00012880661,-0.00034298812,-0.00068091654,0.0001921936,-1.7700588e-05,0.00035755197,-4.5593133e-05,5.1358747e-05,0.00015994725,-0.00022881782,2.9233603e-05,-7.276675e-05,-9.396677e-05,-0.00046701168,0.00016961285,0.00044477722,-0.00046618798,-0.00023762877,7.869798e-05,-0.00030434356,0.00014588113,-6.1476196e-05,6.327512e-05,-0.00091762876,-0.0002495418,0.00028512705,-0.00042841837,-0.00014312568,0.00032394222,0.0010236694,-0.00061943743,-0.00036941047,0.00052223855,-0.0012350531,0.00055774255,0.00018523519,-0.00071272894
-0.0006154051,-0.0011682248,-0.00037725037,-0.0030026347,0.0028843733,-0.0010876281,0.00039779325,0.00043590833,-0.0006364712,-0.00032913624,-0.000206804,2.6405021e-05,-0.00021012653,-3.3417502e-05,0.0013959405,-0.00041776028,-9.286847e-06,-0.00015196524,-0.00089383457,0.00013151177,6.537578e-05,-0.00037065413,-0.00018208887,-0.0009753781,-0.00019846241,0.00016637034,-0.001705545,-0.00016878836,0.0007483763,0.0007304223,0.0013051244,-9.882339e-05,-0.0012636498,0.00079575414,-0.00020617664,0.000541713,0.0016573686,-0.00022337421,-0.00064113596,-0.00046192878,0.00024198723,-0.00029064534,-0.00030581158,0.00040049705,5.5264747e-05,-0.0020637484,-0.00014092351,-0.0009270315,0.001140483,-0.00019744328,-0.0002460819,2.9172794e-05,-0.0015925762,5.8812806e-05,2.2751708e-05,-0.00082762394,-1.7102819e-05,0.00014288595,5.014099e-05,0.00027442694,-1.21084995e-05,0.0006200806,0.3419023,-0.00092668505,0.0022112825,0.00021909752,-0.0005244487,0.00024308251,-0.00017081354,-0.00089534896,0.00019695646,-0.00092954206,0.0005503982,-0.00025798002,0.00011949699,-0.00059371715,0.00034135496,6.351613e-05,0.00043470526,0.00019525041,-6.5368964e-05,-0.0011662369,-0.0018150539,0.00023334495,-0.00053958513,0.00017461368,-0.0010371068,-0.001163877,-5.5956163e-05,-2.1607202e-05,-0.0005597784,-7.862225e-05,2.6961196e-05,0.0010603592,-0.0002287022,0.00028657183,0.00018960972,0.0014092373,-0.00085123,0.0018600542,-0.00078787823,0.001736332,-0.00034291262,-0.0006284874,0.0021784941,-0.0015822267,-0.0013197291,2.7431404e-05,0.00044038045,-0.000564408,-8.734793e-05,9.5740266e-05,0.00044208884,-0.00011822212,-5.5330314e-05,-9.377053e-05,0.00029015812,8.8066816e-05,-0.00014188832,-0.0005316738,0.0015805389,-0.0003689608,0.00017734308,0.00027880576,-0.00033888413,-0.00033759236,-0.0004294628,0.00059817237,-0.00013765374,-4.7587833e-05,0.000131776,-0.0005315226,0.00015067279,0.00016242158,0.00032236765,-0.00032173548,-0.0002958114,0.00017610243,0.0018127826,-0.00043327565,-0.0006460448,0.00024014135,0.00051966123,-0.0033347516,6.887278e-06,-0.0006704961,0.00016885513,3.209699e-05,-0.00053821,-0.00013807983,0.00089356094,0.00014818987,0.0003343136,-0.00023273697,-0.0022645686,7.689035e-05,3.254746e-05,0.0010177145,-0.0004171321,0.00050578197,-0.00012717657,-0.00014971301,0.0011509154,0.00096322823,0.00010640622,-0.0012361759,0.000941035,-0.00084805646,-0.000120667515,0.002531312,-0.00022549446,0.0004032162,-0.00023487426,3.7948805e-05,-0.00024615193,-0.0012619635,0.0014774572,0.0006064503,2.1117343e-05,-0.0005272566,0.0010154682,-0.000502003,6.2507543e-06,-0.0011759101,-0.00076280296,-0.00062282244,-0.00013593707,0.0004153367,-0.00037578648,-1.2204851e-05,-0.0007924645,-0.0012387161,0.00025326837,-0.00023480215,5.3046977e-05,-6.438908e-05,3.8048352e-06,-0.00026538607,0.0021901273,-0.0008910901,0.00045388192,0.0007865459,0.00033040653,-0.0004883258,4.4377502e-05,0.0004621072,-0.00045453344,8.5994696e-05,-0.00028433642,-0.0008937512,0.0001681418,0.0004133381,0.00017076825,-0.002180374,-0.00026321382,-0.00032919168,0.0002388345,-0.00037177888,0.00059921644,-0.0003737074,-0.0001307863,0.00033280923,-5.774983e-05,0.00014830286,0.0009829771,0.0017847224,-0.00028077816,2.6416286e-05,-0.0008772925,-4.0566547e-06,0.0010709462,0.001326521,0.00018218222,-2.2619322e-05,-0.0010747338,-7.27726e-05,0.00037255068,-0.00020657884,0.000106987085,-0.0011861296,-6.419013e-05,-0.001660842,-0.00012417656,0.0002756032,0.0015051031,-0.000612318,-0.0001252062,-8.1689446e-05,0.00091257,0.0001716505,-0.0005182963,-7.63917e-05,0.00029347074,-0.0005339612,0.0004386916,0.00087367406,-0.00071107614,-0.0013526349,-0.00035187445,0.00011743074,-0.00038955727,-0.0008998876,-0.0005141252,-0.00057923427,0.00077176135,0.0012492553,-0.00017820881,0.00017078912,-0.00035808948,0.0001792503,-0.0002635049,-0.00024942015,0.00056112924,-6.313424e-05,0.00012328914,0.0002254165,0.0007166866,-0.00034408073,-0.00043811623,0.0015442393,0.00033494612,-5.389865e-05,0.0007558046,-0.0005079699,0.0002532458,-8.031183e-06,-0.0003386951,0.0007395957,-0.0009703937,0.0005457708,0.00020856729,-0.0005079983,-0.0012908169,0.0010249703,0.0009646229,-0.000806329,0.002263798,-0.0010755874,7.920462e-07,0.0002699837
-0.00031657904,-0.002398233,-3.8081216e-06,-0.0023048308,0.0025034773,0.00020315182,0.0011832694,0.00018279244,0.0005278941,-0.00025673682,-8.18164e-05,-0.0002845487,-0.00029918758,0.00015664265,0.0005424135,-0.00023002307,0.0006578431,-0.0003454871,-0.0010827025,0.00031056924,0.00021418396,9.0546695e-05,-0.00033041785,0.00055062625,-0.00022474988,-0.00017116484,-0.0003784234,-7.087986e-05,-0.0011653691,0.001764708,0.0018358956,4.6842346e-05,-0.002065751,0.0011174536,-0.0012263437,0.0012491002,0.0016922416,-0.00020590941,-0.0005935264,-0.000754959,0.00027635353,0.00012312882,-0.00031254068,0.000590417,0.00017569966,-0.00041584767,-0.00039744054,-0.001178363,6.0299717e-05,-0.00029600936,0.00035975451,-8.3819374e-05,-0.0008659642,6.161747e-05,-0.0004575565,-0.0008977405,0.00037449892,0.000296372,0.00016129532,0.00020375673,-0.00019751771,0.00018930895,-0.00024609093,0.33819905,0.0010688497,-9.327078e-05,-0.0006701719,3.429529e-05,-0.00012920555,-0.0015038626,0.0003174081,-0.0007926899,0.0016034706,-0.00037254216,-0.0001666075,-0.00038209325,0.0011271802,-2.9268464e-05,-1.1469492e-06,0.00063200237,-0.00028980832,-0.0010325974,-0.0015805521,-9.693584e-05,-0.00055312685,-0.0013482368,-0.0011288523,-0.001437458,-0.00019227237,6.0185237e-05,-0.0003012195,-4.084362e-05,-0.00018824512,0.00096702075,-0.00016072842,6.344544e-05,0.0005892728,0.0009910243,-0.0010115703,0.0035835223,-0.0010807067,0.0006933803,-7.2543255e-05,-0.0009290262,0.0027110295,-0.0007797747,-0.0011843672,0.00017514643,-0.0008237773,-0.0007758064,-5.7788402e-05,3.2441156e-05,0.0003525168,-0.00016504402,-0.0001068545,-2.5569312e-05,-0.00030557165,0.00010674458,8.4040206e-05,-0.00041269633,0.0014773856,-0.000581718,9.025119e-05,2.0736887e-05,0.00025995754,-0.00083414104,-0.00012360053,0.00011261033,-0.00036242773,3.7396e-05,0.00015822674,-0.00016534333,-1.8550454e-05,0.00069378834,2.1222768e-05,-0.00036824352,8.913202e-05,-0.0012553864,-0.00045984538,-0.00043706028,-0.0004849086,0.00016917194,0.0012226601,-0.0032028041,-3.51134e-05,-0.0011707111,-0.00049043325,3.9188817e-05,-0.00042112966,-7.725253e-05,0.0009847645,0.000650831,0.00017509569,-0.00040205123,-0.004553552,0.00040702577,0.00095406105,0.0017127179,-0.0006972003,0.0007872657,0.0011428107,-0.00014299713,0.0007591557,0.0033064221,3.639954e-05,-0.0012763129,0.0012509465,-0.0009167173,-0.000119890756,0.0038575889,-0.0002574921,0.00026671047,-0.00040229515,-0.00025584648,-0.00033314887,-0.00093897886,0.0010460152,0.0008715687,0.00011760858,-0.000104156185,0.00096929946,-0.00040315796,7.31276e-05,-0.0006261208,-0.00082955713,-0.00081678544,-0.00037321995,0.00011271107,-0.0004690005,8.606179e-05,-0.0015754037,-0.0012812113,0.0003403766,-0.00045734516,-0.000101096986,-0.0001518837,-0.00050167344,-3.7183032e-05,0.0027857828,0.00045701803,-1.0741633e-05,0.0003518182,0.0005528968,-0.0008998601,-3.7976537e-05,0.00047728576,-0.0004420419,-0.00031724924,-0.00062196504,-0.0011975188,0.00017292646,-0.00085109967,-0.00010835089,-0.0016287692,1.6786284e-05,-0.00076777535,0.00023521589,-0.0006987252,0.0005958561,0.0014349233,-3.4718272e-05,-0.00043366908,3.1618554e-05,-2.8951848e-05,0.0012896436,0.0014960645,-0.00045968103,0.00011706242,-0.00060941407,-0.00012309435,0.0018353139,-4.7673166e-05,0.0004787192,0.00043060383,-0.0012077979,-0.00010035953,0.00068342936,-4.0562358e-05,9.9060126e-05,-0.001448743,-0.00011854364,-0.0013456695,2.6530128e-05,0.00039608288,0.00072819553,1.3942981e-05,-0.00017848819,-0.0001674064,0.0008376515,0.0004827443,0.001096607,-0.00014714812,0.00014920726,-0.00064075046,0.0007605856,0.00020817162,-0.0008688832,-0.00092180655,-0.00022888489,5.985121e-05,-0.0011350503,-0.00081388315,-0.0009414255,-0.00015063226,0.00076446246,0.0012758009,-0.00042042596,0.00043874423,-0.00023474055,0.00027962218,2.910712e-05,-0.000259729,0.0009802288,-2.3212024e-05,8.1256236e-05,0.00031626623,0.00037514966,-0.0010292204,-0.00023388352,0.001935693,0.00037482817,0.00041571687,0.0011039143,-0.0008037399,0.0003995114,6.7926616e-05,-0.0028133953,0.0010069719,-0.0018701153,-0.00010054723,0.00020151277,-0.00037880984,-0.00057522074,0.0009787403,0.00064355123,-0.00074529013,0.0004085961,-0.0011971751,0.0003506015,-0.00085756625
0.0019492212,-0.00036172205,-0.00014798406,0.00038943143,-0.0059838686,0.002974132,0.001848192,-0.0010418487,0.0023045922,0.0005336012,0.0004798353,2.7580541e-05,0.0001934966,0.0006340751,-0.0023104066,0.00047917463,0.0016684452,0.0007205741,0.0017319106,0.00014696049,0.0005723206,0.00079502066,0.00016705452,0.0028362493,-7.093968e-05,0.00019310556,0.002944328,0.0003109023,-0.002005009,0.0004500712,-0.00034855842,0.00025913768,0.002445465,-0.0016965303,-0.00059552246,-0.00084781065,-0.002232132,-0.00035511103,0.0007448277,0.00011680743,-0.000448516,0.0016983597,-0.0002330605,-1.3120218e-05,-0.00016416603,0.004917026,-0.0009664067,0.0006408963,-0.003441185,-0.00025198274,0.0008039471,-0.0003305155,0.0028874346,-0.0005974544,-0.00041572214,0.0034931055,0.00028146934,-8.8719426e-05,-0.00030540116,-0.0011919016,-0.00033253903,-0.0010073181,8.959002e-05,0.0006481825,0.33152592,-0.00082856254,0.00063647237,-0.00074699346,0.0006054785,0.001221225,0.00031125647,0.0009712317,0.00030485424,0.000116799514,-0.00070203026,-0.0013265534,4.4353274e-06,-0.00019184587,-0.0029391418,0.00016872151,-5.59333e-05,0.0023917367,0.004146907,-0.0014601647,0.00080048526,0.0012627679,0.00081605185,0.0007256747,-3.5976722e-05,0.0005224577,0.0011048863,0.00033962305,-0.0007498861,-0.0029755514,0.000579634,-0.00081120187,0.00017226655,-0.002835685,0.0014161991,-0.002547609,0.0002953444,-0.0024997229,0.00033102836,0.00075982045,-0.0032851459,0.0018477559,7.949866e-05,-0.0006913737,-0.0012148987,8.440603e-05,0.0003825553,-0.0003723338,-0.00081936625,0.00013753126,6.112597e-05,8.663232e-06,-0.0010227234,0.00018562644,0.00023838622,0.0011068295,-0.0023439722,0.00017673401,-0.0005177062,-0.00084529887,0.0008157277,-0.0005248045,0.00082016794,0.00089426176,-0.00010615375,6.956137e-05,6.420966e-05,0.00087838323,-3.6105783e-05,-7.529828e-05,-0.00066136144,0.00031755312,0.0010997561,-0.00021595304,-0.0028477674,0.0005929624,0.00066338223,0.00026561203,0.0012227234,0.00090217,-0.0006318028,-0.000672838,-0.0002890381,-0.00016968953,0.0006893555,0.00057167315,7.664153e-05,-0.0007675935,-0.00011793685,0.00045485207,0.0036276109,0.0008287587,-0.00012172401,0.00064000604,-0.00041659686,-0.00086497725,2.2743221e-05,-6.079055e-05,-0.00072435633,0.00016202168,-0.00071468775,0.0013013092,-0.0015342911,0.0010474907,-0.00075940124,-0.0036805037,-0.0016647809,-0.001235547,7.200163e-05,0.00049308204,5.87239e-05,0.0018585998,-0.002014227,0.00026218177,0.00066504354,0.00044087245,-0.00085352757,0.0010398284,9.2359136e-05,0.0030413733,0.00134267,0.0023275316,-0.00010646821,-0.0010079702,0.00027804248,5.8451114e-05,-0.00048399033,0.0021385197,-4.0379055e-05,-0.0004299384,-0.00033835298,-0.00011949967,-0.0010564072,0.00092518347,-0.003677909,0.0034048695,-0.0013921929,-0.0018196788,-0.0021336235,-0.00045555024,-0.00011310526,-0.0016459464,0.00037296288,-0.00068309775,0.00011601977,-0.0034212985,-0.0006636887,-0.0021558711,-0.0006740452,0.00025374143,0.00097603985,-0.00048137366,-0.0008453688,0.0005820211,-0.0004374155,0.001568366,0.0005258915,-0.0020984337,0.00010516112,0.0011100553,-0.0012286701,-0.00282951,0.0006425172,9.25509e-05,0.0014918442,-1.2643705e-05,-5.8178848e-05,-0.0031195462,-0.0005530173,0.00046076314,0.0016016691,0.00054458954,-0.00038721794,-0.0006050034,-0.00046710437,-0.00022624021,-0.00043005735,0.004368467,0.00071453047,-0.00013274103,-0.0012434577,0.0023152952,8.094867e-05,-0.00012467969,-0.00052410114,-0.0010306515,0.0017613897,0.00026836223,-0.00056757487,0.00019278564,-0.000111472946,-0.0016720394,0.0009175623,0.002027841,0.00054190203,-4.656072e-05,0.0013922104,0.0015485103,0.0008110948,-0.001711046,0.00018653026,-0.0010360802,0.00044804157,-0.00014736321,0.0015187216,0.0002458562,-0.0001641297,0.00032869235,0.0003179164,0.00016377594,-0.00027830937,-4.6633664e-05,-0.0007858578,0.0008341101,0.0009164122,0.0009061695,-0.00017643168,0.0002552081,-0.00046213204,0.000460558,7.9046455e-05,0.00033890476,-0.0013459742,0.00010969302,0.00011157752,-0.0003692775,-0.00056644354,0.0008221546,0.002538068,-0.0019538153,-0.0004177767,0.0011996656,-0.0049717105,0.0007972534,0.0005114483,-0.002576604
0.00031618285,-0.0008855965,-0.00023588771,-0.0018356061,-0.00033397152,0.00042877498,0.00096977444,-0.00014562029,0.000512217,7.537732e-05,2.5606567e-05,-3.9788913e-05,-3.141419e-05,0.00015018463,-0.00012990848,-5.5112105e-05,0.0006473294,0.000110266046,7.829364e-05,9.963597e-05,0.00016436841,9.715204e-05,-0.00012727444,0.00074322143,-0.00015828887,0.00014465756,0.00041480432,4.309512e-05,-0.0002697837,0.0005676304,0.0007037724,1.0386625e-05,0.00019491685,-0.00020136546,-0.0003726404,3.410747e-05,9.3755254e-05,-0.00023935459,-3.355644e-05,-0.00014233288,-9.028738e-06,0.0005606946,-0.00027168822,0.00020333097,8.040758e-05,0.00039573645,-0.00027178618,-0.00022707629,-0.0007825394,-0.00018888313,0.00017751464,-3.1324696e-05,9.484169e-05,-0.000110002504,-6.943671e-05,0.00085783977,0.00013374878,5.9482012e-05,-1.7640616e-05,-0.00023781284,-0.00013410387,-3.911015e-05,-2.5837597e-05,-0.0002646557,-0.0010821407,0.3429485,-9.111486e-05,-9.885208e-05,0.00011052479,-0.0001653467,0.00019842607,-0.00010510412,0.0006243325,-8.046039e-05,-0.00016890226,-0.00094580103,0.00015874865,-4.370581e-05,-0.00096878613,0.00013064903,-1.7404916e-06,0.00010209987,0.0004315706,-0.00039944687,-8.211511e-05,0.00052507943,-0.00026099436,-0.00047165237,7.699189e-06,0.00014611559,6.811365e-05,7.830575e-05,-0.00018352609,-0.0006023057,9.552627e-05,-9.8339355e-05,0.00012796288,-7.566973e-05,4.2690022e-05,3.1735166e-05,-0.0002844287,7.667032e-05,-3.8649436e-05,-8.7242726e-05,0.00013237359,-0.00014503176,-0.000605951,-0.00018618579,-0.00026801304,-0.00012702,9.1510905e-05,7.941651e-05,2.0887695e-05,1.0845863e-05,1.2926005e-05,-2.1734671e-05,-0.00016914554,6.463761e-05,2.51309e-05,9.009455e-05,4.5737106e-05,-9.93124e-05,-5.658908e-05,-0.00015484236,7.157449e-05,-0.00037626748,8.4074614e-05,0.00053194637,-8.15227e-05,3.3326818e-05,5.5398414e-05,1.7692059e-06,4.192897e-05,4.7159938e-05,-2.3866138e-05,-4.1740153e-05,0.00016129714,-1.4646806e-05,9.881584e-05,-5.794689e-05,-0.000168189,0.00021771685,0.0008124676,-0.0012634408,-0.00018814599,-0.0006226846,-0.00052143657,-4.5633573e-05,-1.45048025e-05,0.00010284582,0.00047085973,-0.00018758823,0.000101034006,0.00015122516,3.7346916e-05,0.00028171437,5.060462e-05,0.000725253,-0.0003186283,-2.2939275e-05,2.4075598e-05,-6.957405e-05,0.00039540164,0.00095786934,-0.00027215434,-0.00013060344,-6.743823e-05,-3.509104e-05,-0.00034731452,2.1124106e-06,-0.0006426815,-0.00025127147,-6.0018356e-05,0.00013726755,-3.7598038e-05,2.2966327e-05,3.624352e-05,0.00043743863,0.00022215646,-0.00015346729,0.000213718,0.00010587634,2.0633794e-05,0.00052956457,2.890238e-05,0.00047396423,-0.00010266925,-0.00018486903,-7.267478e-05,-3.03617e-05,-0.0006281708,6.452571e-05,0.000104406194,-0.00015966373,-9.196346e-05,-0.00010492426,-0.0002789273,0.0001672179,-3.770183e-05,0.00084761926,-0.00021060277,-0.00027669795,-0.0005184299,-0.0004112204,-1.2353659e-05,-0.0004190642,-9.0890615e-05,-0.0002416944,-0.00022107612,-0.001644962,3.8757094e-05,-0.0006663083,-0.00013220815,-0.0014252822,-1.1371732e-05,-0.00022845673,-0.000121651006,-4.6810914e-05,7.0521266e-05,0.00046035164,7.211044e-05,-0.0006471194,3.918044e-05,0.00041269232,0.00010352285,2.5400199e-05,0.00011071138,-3.176951e-05,-1.1348435e-05,-1.0731223e-06,0.0005055566,-0.0005019166,-0.000104885985,0.0001805205,2.3837902e-07,0.00012841109,0.00010137369,-0.00046993067,-7.807588e-05,-0.0008913852,-0.00010832034,0.000638199,7.078359e-05,0.00015969506,0.00022290187,0.00040497753,8.694167e-06,-5.0900617e-05,0.00034730876,-0.0002188888,0.00011761659,1.296044e-05,1.47421615e-05,-0.00016282088,0.00012705999,-0.00017057295,-5.944276e-05,-7.1461254e-05,-7.525834e-05,4.9437607e-05,0.00033567735,0.00015246747,3.099611e-05,-0.0011168477,0.00044172633,0.00032355805,0.00015617274,4.1027077e-05,0.00028744913,0.00014087562,-0.0003237268,5.763759e-07,0.0003734522,7.4352374e-06,2.3112292e-05,7.235549e-05,5.3694886e-05,0.00010832299,0.00019835602,0.0011908207,5.8775742e-05,7.557992e-05,0.00018091574,-0.00014127763,0.00010383993,8.355871e-05,-0.0009666029,0.00046041235,-0.00048257693,0.00017448883,-2.1740329e-05,3.1522948e-05,0.00028562144,-6.655532e-05,0.00047770212,-4.7228514e-05,-4.1535885e-05,-0.00021678244,0.00020410867,-0.00086713117
-0.0010849135,-0.0027220845,-0.00011136179,-0.004163944,0.0051776185,-0.0005947219,0.0007041201,0.0005541513,-0.0005530701,-0.0004404197,-0.00024018665,-0.00024320683,-0.0005059493,-8.461128e-05,0.00130907,-0.000516459,0.00026011502,-0.0006767395,-0.0018976778,0.00014145549,-5.393601e-05,-0.0002683307,-0.00030391602,-0.00041576882,-0.00019957882,-0.00017513294,-0.00078247924,-0.00025712122,8.082544e-05,0.0010420886,0.0025374226,-0.00017193817,-0.002706838,0.0015833597,-0.0009333694,0.0015227023,0.002606927,-0.00022632092,-0.0010037009,-0.0007879615,0.00046825875,6.730964e-05,-0.00059102505,0.00046979776,0.00032218624,-0.0025241731,0.00048135477,-0.0013072202,0.0009268397,-0.00020019566,0.00010796684,2.6243079e-05,-0.0023184468,0.0004161824,-8.420286e-06,-0.0010478491,6.226275e-06,0.00025078666,0.00022256114,0.0005628608,-7.441373e-05,0.0006001634,-0.0002797067,-0.0023344099,0.0027574792,0.0006108207,0.3395328,0.00030261022,-0.0002777829,-0.0023097442,0.00033875045,-0.0011457814,0.0019501478,-0.0004276366,0.00026451473,-0.0006185995,0.00088554324,1.5101909e-05,0.0003523914,0.00041253943,-0.00025334643,-0.002063259,-0.0023714583,0.00041899132,-0.00097065716,-0.0018329863,-0.0018610116,-0.002217377,-0.00011720268,-0.0001013646,-0.0008940014,-0.0001604213,0.00010391267,0.0016825252,-0.00033678222,0.0003832966,0.00039783382,0.0023010557,-0.0014295377,0.0036692827,-0.0011707165,0.0018238917,-0.00020137963,-0.0017295041,0.0033005583,-0.0016738406,-0.00024032383,0.00034012922,-0.0005919603,-0.00069888146,-0.00013788466,0.00023238508,0.00083151256,-0.00022325601,-0.000102428734,-0.0001771507,0.0005321469,4.5931498e-05,-0.00021671163,-0.00090803904,0.0025768664,-0.00067801785,0.00012651148,0.0001583557,-0.00017576532,-0.0007570416,-0.000594009,-0.0002726359,-0.0003394568,7.695049e-05,0.00018353687,-0.00086432847,9.794667e-06,0.00047104777,0.0004373612,-0.0004828025,-0.00030014024,-0.0005130417,0.001853945,-0.00070549425,-0.0011227665,-2.2738774e-05,0.0012650397,-0.0027902462,0.000107461296,-0.0009882798,-0.0012555844,9.277379e-06,-0.00070983276,-0.0002747934,0.00072119257,0.000750286,0.00027634716,-2.1052583e-05,-0.005001422,0.00027239873,0.0015497307,0.00096877443,-0.00033427292,0.000789364,0.0009801862,-7.896318e-05,0.0013344644,0.0035857502,9.510038e-05,-0.00210694,0.0016156266,-0.0011403671,-0.00018161106,0.0044188867,0.00052819256,0.0007887588,-0.00046083392,-0.00046499463,-0.00025356605,-0.0018600384,0.0020096565,0.001266906,9.860318e-05,-0.00061615993,0.0013938277,-0.00071484665,2.9388575e-05,-0.0016585995,-0.0013635916,-0.0014946163,-0.00039133028,0.000574959,-0.0005308611,5.2713633e-05,-0.0015745469,-0.002155668,0.00041762047,-0.00022085,2.9692685e-05,-7.04366e-05,-0.00013220472,-0.00040664978,0.0042024795,-0.0005855687,0.00079437584,0.0008143128,0.0012859419,-0.0010956042,4.504705e-05,0.00058019254,-0.00065668783,2.623241e-05,-0.00073703675,-0.00044268707,0.0010715325,-0.00021459197,0.0002338773,-0.0030296238,-5.3648073e-05,-0.0004926967,0.0006283282,-0.0008302101,0.0007686034,0.0010508328,-0.00031513922,0.00040937448,-5.2231622e-05,-0.0005368859,0.0018110881,0.002888027,-0.0005818223,1.8867348e-05,-0.0013597492,-6.5538414e-05,0.0016753206,0.0013025675,0.0005359972,0.00031566306,-0.0017790116,-0.00024908595,0.0010520484,-0.0009312015,0.00026285643,-0.0016741817,-3.5020377e-05,-0.0030490377,-0.0006277391,0.0006851752,0.0016906236,-0.001242173,-0.00015311396,-9.119989e-05,0.0014621132,0.0008271999,-0.00027892113,-0.00030160692,0.00038087787,-0.0007695257,0.000620387,0.0004617163,-0.0012998317,-0.0018881538,-0.0008000964,0.00013127037,-0.001231466,-0.0005795641,-0.0011666815,-0.00025478427,0.00070345314,0.001957394,-3.5849047e-05,0.000495765,-0.000815111,0.00021444653,-0.00046775272,-0.00045466432,0.00075445825,-0.00011937933,0.00016398908,0.0003961658,0.00081834453,-0.0010012564,-0.00049291475,0.0018641901,0.0003217103,9.98052e-05,0.0013438271,-0.0012781847,0.00038236962,-8.764763e-05,-0.0035085382,0.0013326881,-0.0015284657,0.00018377174,0.00046114597,-0.0007727854,-0.0015513913,0.0018921155,0.0017114206,-0.001331092,0.0043361294,-0.001790151,0.00010948533,-0.0003896939
0.0013119997,0.00016880433,-5.7846395e-05,0.0019691742,-0.004148735,0.0014467031,0.0010864835,-0.00063798076,0.0020094872,0.0003761285,0.00042823784,-0.0001579343,0.00019715424,0.000526408,-0.0013732692,0.00037562102,0.0009667093,0.00054371526,0.0010507372,0.00014796609,0.00053433847,0.0007971555,0.00016794384,0.002428355,-9.7758544e-05,-0.00026336935,0.0007326998,0.000238529,-0.0018679611,0.0012471207,-0.0007449119,0.00023475234,0.0011083938,-0.00088644424,-0.0008125982,-0.00031664805,-0.0013775148,-0.000223736,0.00049065176,-7.927204e-05,-0.00028991557,0.00061265845,0.00011697703,0.00011196949,-6.246146e-05,0.0027880743,-0.0012700377,9.5558484e-05,-0.0021735283,-3.5056537e-06,0.0006005901,-0.0001451069,0.0020828922,-0.0005765086,-0.0006678954,0.0008366335,0.00027760467,3.1145784e-05,-0.00018202902,-0.00076885463,-0.0003515876,-0.0006366911,2.3499755e-05,0.0003273087,-0.0034634497,-0.0004077979,0.00046905063,0.34090328,0.00034725142,0.0010449047,0.00027197922,0.0005386463,-6.0775354e-05,-4.201009e-05,-0.00067299616,-0.00011277237,0.0003926909,-0.00011178669,-0.0013278122,0.00033515607,-0.00016244002,0.0015641858,0.0022206982,-0.0010107813,0.00047093298,0.0012295827,0.00070175447,0.000779924,-0.00026738903,0.00037709498,0.0008917708,0.00025380487,-0.00063428725,-0.0013910969,0.00037238986,-0.00054774474,0.0003478046,-0.0020738519,0.00059703476,-0.000407463,1.6962978e-05,-0.0017290767,0.00016988468,0.00092819036,-0.001050837,0.0013696653,-0.0006220745,-0.0004995993,-0.00066088,-0.0002659965,0.0002960563,-0.00023039678,-0.0005805881,6.48056e-05,2.026704e-05,-6.057131e-05,-0.0011535696,0.00020526924,0.00037480553,0.00078458147,-0.0015321018,1.2617003e-05,-0.00031753295,-0.0004157598,0.00071695773,-0.00028024343,0.0007097168,0.00083353743,-0.00011749128,0.00012853228,7.664689e-05,0.0008140959,-7.2648536e-06,0.0003101979,-0.0006116825,0.00026449817,0.0008737557,-0.0009553974,-0.0028123073,0.00033490302,0.0007949052,0.0002972933,0.00045827232,0.0019688574,-0.00038895104,-0.0006491042,0.0001609966,-0.00010622318,0.00032553403,0.00040647126,0.0005044683,-0.00019202664,-0.00019453086,-0.00032887937,0.001160985,0.0005883262,-0.0009283028,0.0013722419,-0.00057631225,2.7990747e-05,0.00026888677,-4.950651e-05,-0.0005893394,-0.00017651527,-0.0003007545,0.0008346084,-0.0006425698,0.00032514147,-0.00020103365,-0.0018323723,-0.0017335835,-0.0007992654,-3.3908087e-05,0.0003667037,-0.00010211299,0.0013719613,-0.001603103,-9.032198e-05,0.00030285813,0.00060242787,-0.0005040494,0.000606814,0.00010684293,0.0019188568,0.00084561674,0.0013341375,-0.00013622742,-0.0007226163,6.928543e-05,-1.2208896e-05,-0.00030545454,0.0013381982,7.360445e-05,-0.00047409147,-0.0002426944,-0.00013385218,-0.0008838129,0.0007086621,-0.0016556439,0.002035583,-0.0011882333,-0.000887988,-0.0011915166,-6.494872e-05,-4.0097206e-05,-0.0004995496,0.0002500599,-0.0005068562,0.00028078878,-0.0017522089,-0.0011955552,-0.0012208424,-0.0005757598,0.000854566,1.37281995e-05,-0.0006589163,-0.0006198388,0.00028360513,-0.0002808565,0.0008727322,0.0004516244,-0.0021874562,4.886666e-05,0.0008833978,-0.0006665275,-0.0021696638,0.00020509351,0.00017163577,0.001096509,-9.56007e-06,0.0006988581,-0.0023673112,-0.000187403,0.00015977901,0.00079742185,0.00031401135,-0.0006288711,0.000629977,-0.0003820182,-0.00032892503,-0.00022435594,0.0027377228,0.0009426774,-8.674488e-05,-0.0009746054,0.001951096,-3.959438e-05,-0.00014059007,-0.00055725017,-0.0006186522,0.0017870207,0.00022029158,-0.0003795731,4.9694387e-05,0.00015829601,-0.0007133316,0.0005674119,0.001144904,0.00072483474,-4.0253635e-05,0.00049800373,-5.818976e-06,0.0003593611,-0.0005363808,0.0003141492,-0.0008144084,-0.00043654925,-0.00016978457,0.0011075167,0.00018712568,0.0004674417,0.00013741771,0.00048568775,3.7217287e-05,-0.00020826077,-2.2141594e-05,-0.0006142763,1.2574368e-05,0.00045372377,0.00048002502,0.000105087754,0.00044683294,-0.00017496265,0.000475569,0.00014251562,0.00031059707,0.00024243574,-0.00041476527,-0.0005445869,-0.00042537693,-0.00045065873,0.00057438,0.0017692489,-0.0013301776,-0.0013356878,0.0008340589,-0.0053823357,0.00077016576,0.00044315108,-0.0011179841
-0.0012874767,0.0017437792,0.00059013173,0.00258316,0.0029526723,-0.0016204363,-0.0024338793,0.00059175247,-0.0018009851,-8.9417954e-05,-0.00033698816,6.549225e-05,0.00012423794,-0.00064023794,0.0010081896,-5.7235768e-05,-0.0017527841,-0.00043241217,-0.000813761,-0.00027517448,-0.00068547815,-0.0005073124,4.0810693e-05,-0.0022135351,0.0003374415,-0.00023607373,-0.0014828997,-0.0002639756,0.001312585,-0.0014188327,-0.0010940122,-0.00022450599,-0.0007964714,0.0008222062,0.0010991243,0.000101443,0.00036817105,0.00061647873,-6.804804e-05,0.00045028687,0.00020473608,-0.0014618834,0.0005397182,-0.00037435198,-1.556114e-06,-0.0027203646,0.0011007275,0.00038558105,0.0026730043,0.0005059926,-0.0006644957,0.0002890688,-0.0012673031,0.00057494955,0.00051910785,-0.0024196256,-0.00044893922,-0.00012084247,0.00025915296,0.0009296694,0.00048986875,0.00044106465,0.00018014424,0.00056746125,0.003924972,0.0004229139,-9.5280004e-05,0.00056633266,0.34050244,-0.00017316452,-0.0005363001,-3.4817884e-05,-0.001208372,0.00023589408,0.0006153971,0.002013909,-0.0004883348,0.00010436741,0.0027568666,-0.0004664546,0.000100594356,-0.0010815973,-0.0016545425,0.0012576332,-0.00014998045,-0.0010901358,0.0002611704,0.0005324527,0.00013634669,-0.00051882776,-0.0006196373,-0.00023641388,0.0007661009,0.0019982033,-0.00030135224,0.000544886,-0.0004993424,0.0011953884,-0.00047462975,9.730512e-05,0.0005826944,0.00067837647,-6.8533272e-06,-0.00019550658,0.0003932772,-0.00035873387,0.0013618412,0.0005314588,0.00076681067,0.00051638787,-0.00031011572,0.00021927092,0.0002886087,-3.4100816e-05,-2.6888976e-05,0.00027996482,0.0008886836,-0.00026836738,-0.00018542034,-0.00059781014,0.0006663406,0.0002325144,0.00039662607,0.0005505738,-0.00054189697,0.000953731,-0.00047413004,-0.0013712195,0.00028781308,3.282942e-06,-0.00015987686,-0.00032648313,-0.00010134104,-0.00015028515,0.0003658609,-1.6797874e-05,-0.00088466785,0.00033442816,0.0012079786,-0.00015386501,-4.3899752e-05,-0.00054322573,-0.001813794,0.0013222699,0.0005896765,0.0015342799,0.0005203917,9.308053e-05,-0.00020438046,-0.00046912374,-0.0010533117,0.0005907803,-0.00016837509,-0.00018898571,-0.000939056,-0.0009779326,0.00020013246,-0.0018565821,0.00086511497,0.00024449578,-0.00021267492,0.00019075371,-0.0004773307,-0.0011189071,0.0005953367,-0.00017475532,0.00047748984,-0.00013061496,0.00068909186,0.0009301563,0.0018876018,0.00084358157,0.00022511286,-0.0004865505,0.00015444362,-0.0006714674,0.00052847026,-0.0008945919,-0.0006962001,5.2775627e-05,-0.00023798303,-0.00060777593,-8.5378706e-05,-0.0018707234,-0.0005234896,-0.0016374015,0.0003086939,0.00067802065,0.00023665128,4.0408846e-05,0.001410074,-0.00078487245,-0.0002420137,0.00064282416,0.00030497584,0.00031168904,0.0010939148,-0.00071112986,0.0011224283,-0.00269331,0.0009974652,0.0010352263,0.0017196535,0.0010010081,8.1216385e-05,0.001190259,4.693849e-05,0.0006610323,0.00015329977,0.004298735,0.0005510527,0.0019618375,0.0006494228,0.0021351415,-9.196203e-05,0.00092434476,0.00056293805,-7.078434e-05,-2.0831176e-05,-0.0015249024,-0.00044052352,0.0019032187,-0.00014336171,-0.0012349242,0.0001268544,0.0009855441,-0.0003556739,-0.00016052696,-0.00057642336,1.4790209e-05,-0.001078231,0.0021695117,0.00033152325,-0.00050390704,-0.0004368192,-0.00048479435,-8.993861e-05,0.00068604073,0.00036281586,0.0015692037,0.00042395922,-0.0025958188,-0.00056665204,-0.0001351354,-6.825992e-05,-0.0016801673,5.1151997e-05,0.00025996473,-0.00042976774,0.00080949743,-0.0014067229,-7.867692e-05,0.0003395485,0.00033654738,-0.00042458114,0.00076625857,-0.00012216903,-0.00075979176,-0.00021008532,-2.9535797e-05,-0.0008105553,-0.00050878245,-0.00025684622,0.0025049625,-0.0010132809,-0.00027332432,-0.00021667466,-8.7059125e-05,-0.0011246543,-0.00049834774,0.00046386942,-1.49263005e-05,-0.0008394315,-7.642962e-05,0.00016638839,-0.00014162713,7.636946e-05,-0.00027701518,-0.00060085126,-0.0024774498,-0.00020925385,-0.00029653547,-0.00036715856,1.7434173e-05,-0.00031359473,-0.00037570673,0.0016847907,-0.00086165237,0.00102171,-8.983025e-05,0.00033213623,-0.00037477445,-0.0014058104,0.0008099977,-0.0004706015,-0.0003788312,0.0026861962,0.00012398788,-0.00072108395,0.002298331
-0.00055713864,-0.001639903,-7.3010466e-05,-0.0020996823,0.002871791,-0.00017537359,0.0003449396,0.00031741807,-0.0004590902,-0.00029681806,-0.00020057603,-6.658425e-05,-0.00024675168,-0.00015964394,0.0006575355,-0.0002711805,0.00011050367,-0.00043297434,-0.0011334814,5.0837043e-05,-0.0001463451,-0.0002622564,-9.4212475e-05,-0.0004622406,-9.3995644e-05,-7.971147e-05,9.672633e-05,-0.00014495404,-5.0655217e-05,0.00032871793,0.0014655583,-9.058017e-05,-0.0013862293,0.0009457963,-0.00032429557,0.0008042012,0.0014981246,-4.8137597e-05,-0.00057953206,-0.0003229005,0.00032923982,5.4656273e-05,-0.00032398212,0.00019693981,9.5233496e-05,-0.0009580654,0.000475746,-0.00059173803,0.00073880365,-0.00011002096,-2.2354901e-05,1.180579e-05,-0.0012331365,0.0003729274,0.00013089429,-0.00050367025,3.111003e-05,0.00010882274,0.00022100785,0.0003656187,0.00013433828,0.00035002132,-0.00017244942,-0.0013652797,0.0012690817,0.00017727495,-0.00052246393,0.00022720493,-0.0001546052,0.33921674,6.883603e-05,-0.00059547165,0.0011453367,-0.00012761395,0.00019943192,-0.00031238174,0.00037466595,-2.6994185e-06,0.00012795522,0.0001501214,-7.854147e-05,-0.0011748853,-0.0014396685,0.00031733993,-0.00045076615,-0.0017657164,-0.00086467306,-0.0012539632,5.8952515e-05,-0.00010923787,-0.00054762705,-9.741352e-05,0.00018460175,0.0010586315,-0.00014825433,0.00022435145,0.00012883027,0.0013185726,-0.00069110177,0.0017898235,-0.0005361176,0.0009698343,-6.893863e-05,-0.0010160069,0.0015366388,-0.00087748293,-3.117833e-05,0.00024909416,-0.00033140994,-0.00023931092,-0.00015262015,0.00013216627,0.00040003052,-8.334457e-05,-4.002865e-05,-0.000104060025,0.0004309429,1.15527055e-05,-0.000101354606,-0.0005225427,0.0013535293,-0.00030404367,9.2133094e-05,0.00015298722,-0.00017715826,-0.00038583283,-0.00038252387,-0.0003641058,-0.0001464622,3.2499975e-06,8.39824e-05,-0.00046185474,-1.332732e-05,0.00015574277,0.00031211422,-0.00035272897,-0.00020853456,-0.000166644,0.0010299843,-0.00037773888,-0.0008184357,-0.00011135886,0.0006331033,-0.0017443781,0.0001228956,-0.00035481938,-0.00053169427,5.286015e-06,-0.00031844812,-0.00019388195,0.00019930322,0.0003989371,0.00013165137,0.0001485608,-0.0027879346,9.557129e-05,0.0010863628,0.0003096885,-7.125446e-05,0.00031893223,0.0005995011,-3.4610017e-05,0.00070805603,0.0020938977,8.581491e-05,-0.0010473649,0.00079135486,-0.00051154196,-3.2769312e-05,0.0027246962,0.0008137379,0.0004521717,-0.00022170765,-0.00033330877,-0.00011290284,-0.00116047,0.0012329385,0.000633902,3.0106825e-05,-0.0003588324,0.00069445645,-0.0004490049,8.265488e-06,-0.00093519426,-0.0007641598,-0.00094378507,-0.00013319992,0.0003464989,-0.00025219814,5.4387707e-05,-0.00084303756,-0.0012335409,0.00012961595,-3.1800064e-05,6.550784e-05,7.765851e-05,0.00011262307,-0.00029852334,0.0020586855,-0.00032243007,0.0005102593,0.0003957981,0.0007008582,-0.00054680795,2.9801851e-05,0.00024793178,-0.00033917767,-1.8413357e-06,-0.00046451276,-7.909151e-05,0.00079122104,-0.00018789049,0.00015309038,-0.0013600517,0.0001625391,-0.00010407392,0.00029231614,-0.00040333057,0.00029155397,0.0007138557,-0.00023061683,0.0005669662,-2.0138885e-05,-0.00043195114,0.00091822544,0.0016227867,-0.00026388746,-1.30973185e-05,-0.0008501368,-9.181871e-06,0.00063030643,0.0007226398,0.0004020891,0.00020225537,-0.00090886245,-0.00024374945,0.00072130706,-0.0006969637,0.00018653226,-0.0006571922,8.022507e-05,-0.0016931173,-0.00051934214,0.0002467442,0.0008386146,-0.00084421656,-4.884251e-05,8.434379e-07,0.00078281533,0.0005184719,-0.00026667782,-0.00021599478,0.00014103766,-0.00033925503,0.0002848674,0.00019361921,-0.00071571505,-0.0008114621,-0.0005362531,4.0111925e-05,-0.0007154258,-9.361249e-05,-0.0005899753,5.1496325e-05,0.00018752941,0.0010719462,0.00016143885,0.00033708676,-0.00054791954,9.9970726e-05,-0.0003201327,-0.00029214064,0.00027055692,-1.2605133e-06,0.00010844831,0.00016586191,0.00046435156,-0.00046213536,-0.00023792713,0.0009623962,7.9240825e-05,2.1390239e-05,0.00063386036,-0.00066322443,0.00015051354,-0.00013559195,-0.0022369402,0.0008746899,-0.0006756979,0.000111390276,0.0002979623,-0.00042079657,-0.00088416925,0.0010597035,0.0010956143,-0.00073468045,0.0022992794,-0.0009946036,-4.170449e-05,-0.00037580953
-0.00038215896,0.0002639648,0.00024772758,-0.00012507776,-0.00011846788,0.0005225853,-0.0007924524,-4.4794542e-05,-0.0010103151,-6.566673e-05,-0.000111270456,9.388988e-05,-1.5932865e-06,-0.0005131443,-0.00071304076,6.0703176e-05,-0.00038789897,-0.0003313233,4.6145844e-05,-0.00038043485,-0.000561507,-0.00037160263,0.00011408616,-0.0010746461,0.0003407405,0.00020545279,0.0024144172,-0.0001407206,0.00096711377,-0.002394951,8.279461e-06,-0.00020450675,0.0009666736,-0.0003085115,0.0009858604,-0.0003544167,-0.00057966256,0.00023159299,0.00023469362,0.000639551,3.6715704e-05,0.00042605115,-4.3755586e-05,-0.0004353531,-2.4694668e-06,0.00046358025,0.0016984101,0.001141074,0.00010546463,0.0001874323,-0.00020896671,8.377143e-05,-0.00013731632,0.00056993705,0.00078720466,0.0015772106,-0.00019234784,-0.00026663236,-6.2707244e-05,0.00027381207,0.00036529973,-0.0001308186,0.00018601106,0.00074221793,-0.0008911508,0.00032207498,0.00011574637,0.00017838011,-1.9148601e-05,-0.00030751605,0.34125394,0.00058279483,0.00025028602,0.00036883084,0.0005806263,-0.00022164325,-0.00094937603,8.402315e-06,-0.00023356703,-0.00054298004,0.0003175179,-0.00014824574,0.0005950658,0.0005726117,0.00020222575,-0.0023596568,0.0003328554,4.158486e-05,0.00016225173,-0.0002157439,-0.00029197225,-0.00016301169,0.0004913423,-0.0006631075,-1.0632213e-05,0.00012672713,-0.0005200175,0.00030390927,0.000659872,-0.0022769775,0.00085167505,-0.00039748318,0.00027780508,-0.00030889903,-0.0022810288,0.00048592183,0.0023829725,0.00025370746,-0.00019849317,0.0010058556,-0.00011942462,0.00016288411,0.00014779868,5.356774e-05,3.766792e-05,0.00021164374,0.0009750501,-0.00023452994,-0.00017690146,-0.0001563903,-0.0005160898,0.00038621848,0.00035856088,-0.00015932336,-0.0003490913,0.0004242371,-0.00020377309,-0.0015678577,0.00023563916,7.7070596e-05,-0.00019427564,-0.00024418585,-0.00017560388,-0.00065151305,0.00028732646,0.000105743966,-0.00040337522,0.0012576068,0.0016548334,0.00020776699,-0.0003252203,-0.00052475376,-0.00042347243,0.003279092,0.0003164225,0.0011153496,-0.001034365,4.3051554e-05,0.00037499864,-0.00016713094,-0.0017180522,-0.0002618021,-0.00020443907,0.0011181599,0.002347916,-0.0003693709,0.001514721,-0.002714766,0.00109081,-0.0009140695,-0.00018383916,0.0002483586,-0.00052132993,-8.596294e-05,2.278707e-05,0.0005734358,-0.00079589523,0.0009479537,1.10418305e-05,-0.0015222105,0.0023709848,8.592033e-05,0.0003002701,-0.00044455894,0.00040821778,8.23048e-05,-8.197169e-05,-0.00016498318,-9.73907e-05,-0.00018330663,-0.0006625239,0.000107205,-0.00013696184,9.6847434e-05,8.831138e-05,-0.0003207413,0.00027682507,0.00021742299,0.00035039254,-1.0595885e-05,0.0008134256,0.0002670251,-0.00035782822,0.00071167905,0.00013170156,0.0002151205,0.0007047677,-0.0002886357,-0.0015932865,-0.00034026406,0.0005814481,-0.00049489073,0.00040907555,0.00019809484,9.461494e-05,-0.00069654034,0.00020128668,0.00052436074,-7.940664e-05,0.0013553378,0.0015213545,3.913154e-05,0.00043460215,0.0007024535,0.0004809077,0.0010635079,0.00012752923,0.00017527974,-0.00045853402,0.0004459316,-0.00021259207,0.0014834203,1.7118557e-05,-0.00094893697,-0.0005381508,0.0001969334,0.00029384118,-8.6298925e-05,-9.211835e-05,9.431948e-05,-0.0019854011,0.00057647895,-0.00017884503,-0.0001016334,0.0006454555,-0.00019332048,0.00052328635,-0.0015159803,0.00017574044,0.0014014053,9.288011e-05,-0.0001073211,-0.0011284587,-0.000119062235,-0.0005854111,-0.0012399883,0.0002506545,0.00019347192,-0.000132321,0.0002994822,-0.0013548128,-9.4346906e-05,8.023496e-05,0.0005424646,-0.00079172006,-0.00084378995,0.00028757993,0.0007771271,-0.0006105888,-8.820518e-05,0.000457268,0.0019248102,0.00033436244,0.00030992905,-0.001170714,-0.00039425842,0.0012279606,-8.080291e-05,-0.0005145351,-0.000264403,-0.00066775986,4.678969e-05,-0.0011999374,0.00013265695,0.00010402136,-0.00019617578,-0.00022124923,0.0007677975,0.00029694155,-0.0015708733,-0.0006081448,-0.000559242,-0.00065576355,-2.3558183e-05,-0.0003114713,-0.00031376202,-0.0010826162,6.287884e-05,0.0018939681,-2.5405203e-05,0.00017841869,4.7823785e-05,-2.1893262e-05,0.00013421242,0.0009901227,0.00016274289,0.0028109518,0.00036425728,-0.0003059929,-0.0002874562
-0.0004924715,-0.0016650553,-0.00051452225,-0.003550115,0.00294015,-0.0010108753,0.0008181538,0.00037862625,-0.0002582978,-0.00039666393,-0.00017113643,-3.7358473e-05,-0.00018778387,0.0001447319,0.0016495096,-0.00045737298,0.00028624167,-0.00012043901,-0.00083976047,0.0002753421,0.00028172415,-0.00037036973,-0.0003022044,-0.00065246376,-0.00041158023,0.00013912485,-0.002233452,-9.5087795e-05,0.00041106017,0.0014066978,0.0015859738,-2.838781e-06,-0.0017659133,0.001012301,-0.000629996,0.00077627826,0.0020333037,-0.00030084822,-0.00082161993,-0.0007517395,0.00026326263,-0.00034671027,-0.00035920728,0.0006743628,7.834419e-05,-0.0017759284,-0.0007981423,-0.001402946,0.0012714721,-0.00029411702,-8.5143365e-05,-1.9253826e-05,-0.0015736988,-0.00011016155,-0.000287089,-0.0010290461,0.0002384711,0.0002927259,8.106974e-05,0.0001834347,-0.00012349781,0.0006360685,-0.00026369913,-0.0014369381,0.0023747205,-0.00020029358,-0.0006107864,0.0001221046,-0.0001305585,-0.0010191924,0.00034642132,0.33991554,0.0006502355,-0.00041218594,-0.00012281054,-0.0007110674,0.00076584396,7.061112e-05,0.0002241542,0.00046913733,-0.00012463379,-0.0011982023,-0.0023050609,-9.107283e-06,-0.00058105116,0.00029725602,-0.0011855332,-0.0013352375,-0.00021805782,0.00010875156,-0.00047241306,-3.3448632e-05,-0.00022473728,0.0013250168,-0.00022972796,0.00013927738,0.00040694195,0.0014947313,-0.0011127709,0.003120643,-0.0011724149,0.0019380384,-0.000442353,-0.00067239086,0.0030799508,-0.0018336503,-0.0022487578,-3.8116832e-07,0.00034390308,-0.0009775487,-7.391658e-05,-1.9015482e-05,0.00046379113,-0.00014288723,-0.00012381344,-0.0001230918,-6.2108855e-05,0.00017473102,-2.5324744e-06,-0.0004613543,0.001847721,-0.0005793047,7.067558e-05,0.00038198175,-0.00014337113,-0.0006633843,-0.00039853706,0.001052536,-0.0002658188,-9.310935e-05,0.00025367996,-0.0003819395,0.0001955787,0.00039462151,0.00018016667,-0.00039718635,-6.201587e-05,-0.000335436,0.0013464214,-0.00051516166,-0.0005885923,0.00037601637,0.0008107154,-0.005702033,-9.0165326e-05,-0.0012201169,0.000643627,3.163436e-05,-0.0006942995,-9.327519e-05,0.0015021618,0.00025315623,0.0004500761,-0.0005850351,-0.0032810634,0.00031975342,-0.00024556142,0.0017783315,-0.0008174374,0.0007869883,7.243182e-05,-0.0002561744,0.0014892711,0.0016811056,2.039982e-05,-0.0014184573,0.0012763232,-0.001211978,-7.178298e-05,0.0034844542,-0.00082346745,0.00033816288,-0.00030643435,0.0001794871,-0.00038087243,-0.0013645355,0.0018142775,0.0008026171,0.00010798057,-0.00049061805,0.0013524333,-0.00051670236,9.4518924e-05,-0.0012082155,-0.00089647464,-0.00053692644,-0.00034950863,0.00024312893,-0.00053515565,1.5442445e-05,-0.0012479791,-0.0014664303,0.00040918277,-0.0005678697,-2.2946775e-05,-0.0001079085,-0.0003632417,-0.00012544301,0.0029696415,-0.00066610397,0.00023326807,0.0009118388,7.413288e-05,-0.00073293835,1.0095537e-05,0.00059547194,-0.00055831665,-5.459652e-05,-0.00038205564,-0.0017021623,-0.00012374688,0.00019447075,-5.2502814e-06,-0.0026673174,-0.00025595707,-0.0007556091,0.00021864142,-0.00052707904,0.0008068322,-0.0003550388,-3.534248e-05,3.2816686e-05,-5.8467103e-05,0.0005222314,0.0012696282,0.0018737994,-0.00043348098,-1.0862226e-05,-0.00089400244,-4.4655077e-05,0.0017029122,0.0011120567,0.00028768135,4.4808807e-05,-0.0013864947,-5.328431e-05,0.0003656401,0.00016418942,4.1214054e-05,-0.001624709,-1.2297569e-05,-0.001691259,0.0002010263,0.00032536464,0.0015131702,-0.00015675108,-0.00024398699,-0.00017659701,0.001060195,7.70854e-05,8.846149e-05,-8.082132e-05,0.00023541362,-0.00077490957,0.0008260809,0.0010286889,-0.00086403464,-0.001486904,-0.00034059797,0.00014571987,-0.0005973865,-0.0014567228,-0.0006812726,-0.0008747949,0.0012429977,0.0015543825,-0.000485252,0.00032392005,-0.0001573901,0.00029060076,-0.0001230949,-0.0002857039,0.0010072573,-5.4692027e-05,0.00010235531,0.00031608954,0.00079937687,-0.00064618146,-0.00044905415,0.0023814824,0.0005931508,0.00019742144,0.0010468356,-0.00057071703,0.00038481617,0.00012392583,-0.00038221155,0.0010801109,-0.001641445,0.000569346,0.00015451714,-0.00052346714,-0.0014204023,0.0010550625,0.00088264426,-0.00093810586,0.0010969479,-0.00135677,0.00024856362,0.00012579006
-2.4054203e-05,0.0015115466,-0.00010790658,0.0014446112,-0.00050787575,-0.0007620976,-0.000906348,6.5857064e-05,-0.00046222197,7.876569e-05,2.931932e-05,6.932059e-05,0.00015411577,-8.792616e-05,0.00024396906,5.3882635e-05,-0.0006324025,0.00016330097,0.00046046908,-5.0168892e-05,-3.9486487e-05,-0.00022235935,5.6296663e-05,-0.0007327776,5.6217163e-05,5.478842e-05,-0.0011564435,-2.65958e-05,0.0007227671,-0.0005083302,-0.0011021792,-2.1890864e-05,0.0005375816,-0.0003112719,0.00065236655,-0.0005071801,-0.0005025318,0.00011372655,0.00016881774,0.00031555217,-8.164426e-05,-0.0006261786,0.0003039731,-0.0001909709,-0.00011906859,-0.0006221642,-0.00015163465,0.00024790602,0.0007452444,0.00018537237,-0.00030052455,-8.965091e-06,0.00022020315,-0.00014954546,8.1970975e-05,-0.00067980005,-0.00018900378,-5.2085237e-05,1.290905e-05,1.832224e-05,0.00011238372,8.086102e-05,0.000127112,0.0009302418,0.0007949795,-0.00018705994,0.0002656897,6.5802895e-05,-3.0065756e-05,0.0008660755,-0.00021886874,0.00013529055,0.33958516,0.00019279004,2.5913041e-05,0.00069236924,-0.00039149084,-2.321775e-05,0.0006462664,-0.00024685965,0.00010055765,0.00036770912,-2.0999032e-05,0.00017522486,0.0002358546,0.001126066,0.00051378,0.0008307938,0.00014106103,-7.764732e-05,7.716886e-05,-2.7360387e-05,9.347959e-05,0.00014513748,-3.486911e-05,1.7161397e-05,-0.00020623021,-0.00023769536,0.00021691881,-0.0010511224,0.00039142248,6.131723e-05,-4.5551307e-05,0.00054996985,-0.00037621986,3.5917546e-05,-0.00018695352,-3.0977993e-05,0.0008061639,0.00015086107,-1.7425864e-05,5.1271993e-05,-0.00016534423,5.4104825e-05,5.335997e-06,5.9384805e-05,5.546793e-05,-2.426574e-05,4.3828393e-05,9.177791e-05,-0.0003291644,0.00024179548,6.291368e-05,0.00019372617,-0.00015725408,0.00045368867,2.2620283e-05,0.00017883904,0.00015289627,-5.1386236e-05,-9.992845e-05,0.00019283043,4.6227095e-05,-0.0002086601,-2.7335274e-05,9.3228606e-05,-0.000119815726,0.00041036794,3.7612008e-05,0.00012712795,0.0003804676,-3.6393503e-05,-0.000946615,-0.001294743,6.384828e-05,0.0005863643,0.001104416,-7.144199e-07,8.525058e-05,-8.207914e-06,-6.1122664e-05,-0.00017942795,-4.1203293e-05,-0.00024366715,0.0011981854,-0.00031315914,-0.0008742665,-0.0005069881,0.00014294026,-8.6538916e-05,-0.0006721104,-3.6656882e-06,-0.00030744367,-0.0019345356,0.0001582236,0.0004728314,-0.00023516694,6.943251e-05,0.0002422967,-0.0008759236,-0.00018708351,-1.3772866e-05,0.00018325374,0.00022565055,4.5969828e-05,0.0003315436,-0.00026976864,-0.0006308251,-0.00022234906,0.00012353029,-0.0003010538,5.5852208e-05,-1.4225165e-05,-0.00026512123,0.00026360474,0.0001590093,0.0001370347,1.834525e-05,0.00016638327,-4.2439988e-05,0.000860805,0.00035332103,-0.00012484101,0.000142757,0.00010688013,9.662224e-05,0.00026838938,-2.7616506e-05,-0.0008036034,-0.0006818844,5.1142353e-05,0.0002953756,-0.00017099691,0.0006171859,0.000101963466,0.00026943447,0.000106396896,0.00016530415,0.00043020578,0.000817385,-0.00043114036,0.00085924065,4.1922634e-05,0.0011532975,-8.021734e-05,0.0002043471,-7.512922e-05,0.00023580356,-8.445006e-06,-0.0013246853,-4.7141875e-06,0.00046248717,5.440303e-06,0.00012926932,-0.0004368915,-0.00046492013,6.3973275e-05,-7.575855e-05,0.00016743358,-9.535697e-06,-0.0005129107,0.000520681,-0.00013468806,-0.00032371253,0.0003054664,2.1414706e-05,-0.00050934474,0.0006990937,4.1117797e-05,0.0007264873,6.997182e-05,-6.2908606e-05,0.0002502006,-0.00027017083,-0.00020734426,1.7838447e-05,1.1522668e-05,6.296504e-05,-0.0004718033,-0.0002090233,-0.00038246776,0.00010354978,1.6182821e-05,0.00021519474,-0.00017254545,0.0004294395,0.00032457378,1.7439077e-05,0.00026750844,-2.184113e-05,0.00019807865,-0.00041307745,0.0003088799,0.00041377748,-0.00020225871,-0.0005334923,-0.00026553014,-0.0001569494,1.4845262e-05,-0.00015148055,0.0002649686,0.00016372488,-0.00027301617,4.9159407e-06,3.546984e-07,-0.00013578283,-0.00010854867,0.00025075662,-3.6016114e-05,-0.0008931438,-3.3270142e-05,-0.00015279476,-0.00044289685,0.00048663054,-0.00015194362,-3.8460144e-06,0.0025799766,-0.00060377206,0.0005258948,0.00011538428,-7.4512674e-05,6.335667e-05,-0.00018945523,-0.0003585546,-0.000644951,0.0002546976,-0.00044452134,0.0004483557,-0.0001673285,0.0011344813
7.829149e-05,4.220985e-05,0.00035106542,0.0021221845,7.845806e-05,0.00026284996,-0.00011973192,-2.7780665e-05,0.00072606123,0.000215846,0.00013595409,-0.00017396039,2.1696407e-05,0.000118369106,-0.00029017104,0.0001426565,4.4681416e-05,-5.6419467e-06,-0.00019982168,0.00014055413,0.00013364955,0.00038066675,-2.2968934e-05,0.0008414592,4.3904187e-05,-0.00035746317,-0.00041880077,0.0001211653,-0.0012030661,0.00085646095,-0.00035643688,6.0155013e-05,-0.0006491631,0.00029742962,-0.00061039714,0.00044610628,-7.711191e-05,2.4853014e-05,3.5895464e-05,-0.00010456625,3.0748728e-05,-0.00024203194,0.0001935869,-9.3354975e-05,-1.2008708e-05,0.0003154493,-0.00041811427,-0.00019779593,-0.00024034269,6.5324166e-05,0.00026291306,-8.120239e-05,0.00044913695,-7.079251e-05,-0.00036689307,-0.0011651404,9.471274e-05,8.779932e-05,-6.842771e-05,7.790304e-06,-0.00015302825,-0.00018865213,-6.560999e-07,-0.0004786039,0.00015719091,9.8053504e-05,-5.650106e-05,-0.000113830625,-6.23049e-06,-3.96041e-05,0.00010312037,4.9641305e-05,-2.5979978e-05,0.34172907,-0.00016547601,0.0009623618,0.0005429678,-8.075947e-06,0.00036181544,0.0002310064,-7.7797864e-05,9.5575575e-05,0.00013902315,-0.000119267504,9.5656345e-05,-0.00019322865,0.00016555696,0.00028675757,-0.00021050256,1.8175222e-05,0.0001910792,8.097507e-05,-0.00012475382,0.000607076,2.8862098e-05,-6.303655e-05,0.00024214176,-0.00038811465,-0.0002440402,0.0012021961,-0.00012867022,-0.0005719336,0.00014751109,9.369573e-05,0.0006401683,0.00057247217,-9.074136e-05,8.150934e-05,-0.000608559,-0.00023753943,6.157179e-05,2.3782235e-05,-9.786044e-05,6.9573827e-07,-2.4695268e-05,2.1082393e-05,-0.0005012915,6.981206e-05,0.0001505271,7.3381496e-05,-1.2374974e-05,-0.00014667126,-0.00011809756,1.762572e-05,0.00036143357,-8.4062776e-05,0.00021335883,-0.00016250713,-9.790479e-05,7.279139e-05,5.9337763e-05,0.00029740957,-8.2104896e-05,0.0004918686,-0.00023535603,-1.5547097e-05,0.00023028292,-0.0010869763,-0.0019618296,2.8082963e-05,0.00024737825,2.2211865e-05,-0.00012801157,0.0001123461,5.2501957e-05,-0.0001283985,0.0003002574,-1.0844663e-05,-5.11248e-05,1.5427333e-05,0.00015212237,0.00048884394,-0.00019428511,-0.00047672173,-0.0019317372,0.00010947268,-9.882096e-05,0.0005573803,-0.00022876258,0.00049941934,0.00066244684,6.1740775e-06,-0.00041272677,0.001008634,4.69144e-05,-0.00014950636,0.0003364981,-0.00020460394,0.0002118501,0.00087163656,-0.0002684368,-8.972623e-06,-0.000117801515,-0.00012465606,-0.00012661156,0.0002587632,-0.00039131608,-0.0001490918,-5.7571844e-05,0.00039829727,-4.818291e-05,-2.1186432e-05,5.2501273e-05,8.1926315e-05,-3.5795783e-05,-0.0002797347,-7.7491524e-05,-0.00017513674,-7.8282814e-05,7.1810275e-05,-0.00013353498,2.2049044e-06,9.6331525e-05,-0.00013762744,-3.4638437e-05,-0.00010249136,-0.00024313286,0.00012039281,0.0006365312,0.0002930004,-0.00033454696,5.1179075e-05,0.0003633383,9.41428e-05,4.4599847e-06,0.00047275086,4.2623975e-05,-7.24779e-05,-2.7420854e-05,0.0006683117,-0.00042398195,-0.00021880322,-0.000100733676,0.0011175954,0.0001504977,-0.00030973373,2.4944307e-05,-0.00012246448,1.1176933e-05,0.00042746554,6.965047e-05,-0.0005978376,-1.8654682e-05,-0.0001010432,0.00015910454,-0.00039521966,-0.0002300768,2.0542271e-05,0.00022462473,-5.803668e-06,0.0006133303,-0.00068306207,0.00026246763,0.000118275566,-0.0001657501,-9.1855414e-05,-0.00014721163,0.00081519864,1.7927498e-05,0.0001281996,-3.952218e-05,-8.6290034e-05,0.00029892643,7.581435e-05,-0.00047884742,0.0004876583,-8.6238244e-05,-6.0518225e-05,-0.0003235705,0.00022371564,0.0010414391,2.9294384e-05,-4.2521464e-05,-7.914509e-05,0.00023559197,-1.6905555e-05,-4.9391623e-05,-4.0579638e-05,0.00034406807,-2.0701996e-06,-0.00070737523,-0.0005716032,-0.00029182553,0.00093453017,-3.655104e-05,-0.00019729805,-0.0006267858,9.346511e-05,8.8066416e-05,1.1237227e-05,0.0005738442,-3.484539e-05,0.0002698816,2.8390401e-05,-5.991919e-05,2.2284406e-05,-0.00022607896,-0.0006042648,-7.505759e-05,-0.00022689215,0.00010830799,0.00034399147,0.0001868575,-5.2479005e-05,8.520431e-05,6.62549e-05,-0.00018905076,-0.00030614334,-0.0006616658,-0.00050045556,-8.455746e-05,2.9097091e-05,0.0002804645,-9.808055e-05,-0.00084940885,4.793921e-05,-0.0023124816,9.461441e-05,6.48206e-05,8.676765e-05
0.000507908,-0.0005460127,7.801126e-05,0.0017003998,-0.0002885245,1.1374689e-05,0.00079880684,-2.7076196e-05,0.0016637697,0.00015352534,0.00024254878,-0.00032773043,0.00012866723,0.000577263,2.6006614e-05,0.00010031056,0.00051638525,0.00031381773,-4.00297e-05,0.0004559058,0.00060259656,0.0007157259,-8.891198e-05,0.0016013273,-0.00036327384,-0.0005277042,-0.0015873106,0.00018410185,-0.0019439862,0.0026672059,-0.00021981412,0.00026725125,-0.0013383222,0.000449346,-0.0015145357,0.0007285002,0.00041051942,-0.00025795185,-2.396266e-05,-0.00082528946,-3.4109842e-05,-0.00043660015,0.00024239975,0.00036323705,2.456225e-05,0.00034753443,-0.0018274852,-0.0010677715,-0.0007414598,-5.1551968e-05,0.00049704383,-4.8164326e-05,0.0007207745,-0.0005446055,-0.0011195579,-0.0021031657,0.00035865878,0.00025740432,-5.4512835e-05,-0.00028407454,-0.00046485034,-0.00013818567,-8.373517e-05,-0.0010958696,0.001003114,-0.0005398595,-0.00015385429,-0.00027200056,1.1616297e-05,0.00015605081,0.00034844154,-0.00035754376,0.00018115265,-0.0002774033,0.3407082,0.0007070594,0.0013223098,2.3018152e-05,0.00026234236,0.0007755112,-0.0003619129,0.00035261206,-0.00075895916,-0.0006321081,-0.00014062459,0.0010284487,-6.301598e-05,0.000207704,-0.000381806,0.00024581206,0.0004744982,0.0001553133,-0.00053148234,0.0005876792,-3.5237856e-05,-0.00022716628,0.00080027984,-0.0006163964,-0.0006783753,0.0035104791,-0.000859292,-0.00044154044,-5.874138e-05,0.00049971347,0.002375938,0.00028939688,-0.0020334895,-0.00014759506,-0.00031173666,-0.0010116682,0.00020148499,-0.00011186076,-0.00025172022,-6.892744e-05,-8.85202e-05,3.387719e-05,-0.0013836169,0.00022556934,0.00040031064,0.00023506588,0.00024435477,-0.0004176689,-0.00028351368,0.0001289231,0.00067723467,-0.00050838146,0.00042492338,0.0009195712,-0.00026793135,0.00014638381,0.00023640213,0.00055474835,4.6885107e-05,0.0010086772,-0.0005075773,-3.846837e-05,0.00059450645,-0.002146473,-0.0027735452,-2.8371067e-05,0.0005296216,0.0004084621,0.00022355125,-0.00013857153,-0.00027182448,-0.0011489647,0.00071046926,-2.4677644e-05,-0.00034099715,0.00016099773,0.0015180296,0.00060401787,-4.7523932e-05,-0.0013125608,-0.0032921347,0.00039802064,-0.0011289218,0.0028912844,-0.0011672606,0.0011158761,0.0009206806,-0.0002065724,-1.994968e-05,0.0010183149,4.3879223e-05,-0.00032597088,0.00087779725,-0.0008728033,0.00018314937,0.0020245626,-0.002095289,-0.00014639128,-0.00029997228,0.00022037647,-0.0004019336,0.00034702301,-0.0003858784,3.5731435e-05,8.666649e-05,0.00057694525,0.00044174783,-5.547489e-05,0.0001292684,0.0003305779,-5.3849602e-05,9.138009e-05,-0.0003195255,-0.0004311027,-0.0004437196,6.530603e-05,-0.0008646349,-0.0001462811,0.00034913665,-0.0007301194,-0.00020469041,-0.0002215083,-0.0008893329,0.00041707605,0.0017203618,0.0010891433,-0.00093769626,0.00029174142,-8.562116e-05,-0.00015311425,-3.8068672e-05,0.00086363475,-0.00010621619,-0.00048464874,-3.8667997e-05,-0.0009894148,-0.001583526,-0.00055729103,-0.00054054015,0.00059584243,-0.0007491948,-0.0012230931,-0.00015053104,-0.00028917124,0.0003543584,0.0005199827,0.00029336888,-0.0018669313,1.1757403e-05,0.000657318,0.00054517295,-0.0005864005,-0.0004422671,0.00024366079,0.00038350775,-2.2799764e-05,0.002131086,-0.0015450236,0.00032146342,0.00021930684,-0.0006009702,0.0001542614,-0.00043001186,0.0018580972,-0.00020465153,-0.0010242745,-0.00012290307,0.00022449868,0.0012753989,0.00017902484,-0.00031031418,0.0015236784,-0.00026108805,-0.00023429228,-0.00016361423,-1.3239838e-05,0.0023713019,0.00016128854,-0.00016684658,-0.00048234916,0.0008674682,0.000493516,-0.00023394561,-0.0003210496,0.00081454846,-6.760459e-05,-0.00090618886,-0.0019578,-0.00054187595,0.00040432916,0.00095099607,0.00016127976,-0.0014553145,0.00013837816,0.0005700003,0.00024565362,0.0010930091,-2.090052e-05,0.0013658965,-2.8357772e-05,-0.0001900118,0.00017962333,-0.00015231852,-0.0012083676,-0.00012491153,0.0011608131,0.00054735143,0.00089216157,0.0006849636,0.000102101396,0.00031967592,0.00031560098,0.0005624743,-0.00025649334,-0.002125172,-0.00046857184,-0.00014978007,8.1847145e-05,0.00050570065,-0.00029746976,-0.001667826,-1.4601722e-05,-0.0041542444,-0.00014439234,0.00043010042,5.525351e-05
0.00041688292,-0.0013269637,-0.00058496196,-0.0033297343,-0.00063997664,0.00034207548,0.0015139324,-0.00012913143,0.00034278247,-0.00011957798,0.0001436683,2.2538377e-05,-0.00013845049,0.00028646414,0.00022293968,-0.00016796609,0.0008981014,0.00028248705,0.0002137198,0.00017156548,0.00033202238,7.42315e-07,-6.06937e-05,0.00045637257,-0.00019262872,0.00034508202,0.00022082128,6.16687e-05,0.00015455711,0.0006592121,0.0011419414,7.623785e-05,0.00014256837,-0.0002648966,-0.00033879932,-6.817593e-05,0.00046881306,-0.0004320943,-0.00019313232,-0.00035136988,-4.3641026e-05,0.00066009216,-0.00044306568,0.0005839776,3.0178879e-05,0.0004391283,-0.0005330099,-0.0005368879,-0.0009663404,-0.00038004463,0.00017846105,-5.197865e-05,-0.00016051656,-0.00028927988,-0.00014708712,0.0014253316,0.00024932518,8.668715e-05,-5.939074e-05,-0.0004208367,-0.00028466288,7.194743e-05,-0.00014413062,-0.0004701034,-0.0011954475,-0.00011958327,-5.8252557e-05,-0.00018097632,0.00019925153,-0.0001387845,0.00041470042,-0.00035768928,0.0008202487,-0.00029742898,-0.00018533597,0.33879346,0.00019587332,-1.0638598e-05,-0.0014590083,0.00023278744,-3.6297475e-05,8.5358915e-05,-5.424054e-05,-0.00053205155,-0.00017953094,0.0010060646,-0.0005455721,-0.00077084807,-7.213424e-05,0.00028799401,0.00010769708,0.0001350044,-0.00040938848,-0.0009052107,-7.145054e-06,-0.000133597,0.0002079597,3.8472288e-05,-5.448454e-06,8.142366e-05,-0.0006150856,0.00053270196,-0.00022346941,-6.7105524e-05,0.00045215327,-0.00072410924,-0.0012453609,-0.00032852104,0.00015679421,-0.00044057533,0.00010868849,-0.00010628039,2.8457696e-05,-3.4183133e-05,-2.8802178e-05,-0.00013515793,-0.00022491449,0.00013762557,-2.7898099e-05,0.000118519354,0.0002487326,-0.00021163192,-6.770298e-05,-0.00015633574,6.04884e-06,-0.00058347033,2.9706905e-05,0.0011005976,-0.00013397909,-4.764672e-05,0.00013801914,-0.00012528044,0.00018966754,-6.808692e-05,-2.9817838e-06,-6.363497e-05,0.00029121703,0.00026788903,0.00092207367,-7.07743e-05,-0.000379214,0.00032924555,0.0011249224,-0.00097312086,-0.0004258396,-0.0010827879,-0.00043713293,-5.5813813e-05,-0.00013379914,0.00023172834,0.0007953468,-0.00047938354,0.00032682542,0.00012800259,0.00069358654,0.0004400568,-7.054261e-05,0.0011021296,-0.000499794,-6.457736e-05,-0.0002651681,-0.0002234738,0.00092242856,0.00041232613,-0.00024100294,-0.0002908914,-4.1045125e-05,-0.00024335246,-0.00043048692,-0.00016093152,-0.001111273,-0.00034600205,-0.00017963581,0.00037913694,-0.00013380779,-0.00017670711,0.00045099604,0.00070194324,0.00041847493,-0.0004064378,0.00056062324,0.00015722928,6.0189508e-05,0.00045886586,3.3032484e-06,0.0007573685,-0.00024427,-0.0001915381,-0.00022603374,3.997055e-05,-0.0009014963,-4.414924e-05,0.00023789765,-0.00046068578,-0.00013687924,-8.6968466e-05,-0.00054202566,0.0002682228,0.00014664787,0.0008397878,-0.00028204123,-0.00017920419,-0.0009469134,-0.0006778941,-6.0087274e-05,-0.0005945755,-0.00017985045,-0.00029365774,-0.00023359306,-0.0027958634,-0.00015554066,-0.0007205137,-0.0002640171,-0.0025479428,-0.0002436207,-0.00051268126,-0.00022391442,-2.983036e-05,0.00024263537,0.00030788145,0.00018168348,-0.0007624687,2.8210176e-05,0.0008277503,0.00023893807,0.00032728008,0.00014332795,9.233477e-05,-6.824931e-05,1.41220235e-05,0.00078222307,-0.0003506471,-0.00011120502,0.0001919295,-0.00013810828,0.00028483674,0.0001563048,-0.0007599068,-0.00014762355,-0.0013514458,-0.0002180343,0.0008015832,0.00020605575,0.00014594656,0.00087520765,0.00045918557,-3.2729422e-05,-0.00015513592,0.00069071923,-0.0004944289,-2.6475209e-05,0.000120558914,-5.864542e-05,-0.00034972015,0.00031426467,1.1762542e-05,-0.0001680363,-7.011627e-05,-9.574722e-05,4.362909e-06,0.00067185715,3.6325786e-05,4.5426168e-05,-0.0019828493,0.00092401484,0.00072580244,0.00023388285,3.0746494e-05,0.00047486622,0.00028703857,-0.0005057343,-3.515597e-05,0.0005949995,-6.1579276e-06,-7.3522046e-05,0.00013320456,0.000280456,0.00022880132,0.0001532469,0.0020262138,0.00026165516,2.7651993e-05,0.0004117037,-0.000113984934,0.00022411646,0.00018842006,-0.00065131264,0.0008330043,-0.00055196264,0.00047956646,-6.291655e-05,6.320559e-05,0.00014559113,-3.937134e-05,0.0007979895,-0.00014583787,0.00022112034,-0.00040992573,0.00033989217,-0.0010732968
-0.0002977344,0.0019642925,0.00013830306,0.0005731358,-0.0009186351,-5.0446106e-05,-0.0015136461,-8.150559e-05,-0.0017617253,7.306666e-06,-6.855612e-05,0.0002928586,3.295499e-05,-0.0005743151,-0.00038586662,4.06066e-05,-0.0009414286,-0.00013806006,0.0006607547,-0.0005346704,-0.0007133193,-0.00068007584,0.00029566378,-0.0017349994,0.00050599,0.00047092463,0.0016661485,-0.00013615059,0.002157991,-0.0033513813,-0.001032033,-0.00022294765,0.0021822646,-0.00095136615,0.0021116454,-0.0012959472,-0.00131703,0.00038757705,0.0004845707,0.0011574593,-0.00013271788,0.00017894652,0.00010155046,-0.00070944737,-3.634609e-05,0.00014929294,0.0018852832,0.0016537423,0.00062900997,0.00026893997,-0.0006640888,0.000104279505,-4.0366183e-05,0.00038808127,0.0011426053,0.0020400179,-0.00054186303,-0.0003807848,1.3641513e-06,0.00018001976,0.0005119226,-2.7863845e-05,0.00027052022,0.0020263148,-0.001079808,0.00042230438,0.0004592322,0.00022767723,3.8725277e-05,0.000749894,-0.00060533785,0.00081292,-0.0011426791,0.0005104888,0.0007476407,-0.00011222948,0.3393715,-2.4714844e-05,-0.00012843097,-0.0010892365,0.00037892064,0.0003418972,0.0015109818,0.00068599783,0.0004951746,-0.00041779352,0.0008947902,0.00080544833,0.00046645402,-0.00028140703,-0.00027248572,-0.00017044751,0.00059010246,-0.0010315399,6.640835e-05,0.0001664324,-0.0009675285,-4.801838e-05,0.0011666918,-0.0046585533,0.0014416485,-0.0002432973,0.00018013868,0.00014851101,-0.0035180883,0.00039812384,0.0025156813,1.2661507e-05,0.0007604176,0.0013621548,-0.00014868929,0.00012795627,-5.4041597e-05,0.00015406121,6.275953e-05,0.0001813476,0.0013072395,-0.0002975649,-0.00027412034,4.058139e-05,-0.0012016708,0.0007520445,6.276373e-05,-0.000110966364,-0.00068823254,0.0009866047,-0.00023926375,-0.0011778857,0.00044431197,-0.00011454122,-0.00031419852,-0.00026279635,-5.281537e-05,-0.0012387818,0.00041071652,0.00017589735,-0.0005539572,0.0024190494,0.0021162406,0.0002935917,-6.7871304e-05,-0.00052948,-0.0010785627,0.0019949228,0.00035539313,0.0018268159,-0.00032815893,4.1968437e-06,0.00056290283,-0.00014691838,-0.0020181576,-0.0007710104,-0.00013943503,0.0012960455,0.0054637664,-0.0006572635,0.000541836,-0.0036826662,0.0014859096,-0.0014603338,-0.001315894,0.00023628822,-0.0006044703,-0.002768202,4.4023545e-05,0.0010034489,-0.001442013,0.0013006653,5.3592477e-05,-0.0037709135,0.0021740505,-4.434686e-06,0.00046002478,-0.00012066666,0.000548514,0.00039023423,-0.00042193415,-0.00070074847,-0.00022366094,-0.00032664867,-0.0009956643,0.00024793763,-0.0001753065,-1.7810216e-05,0.00049836934,0.00023838063,0.00050469255,0.00041280582,0.0006434759,-7.0729635e-05,0.0017968346,0.0008781834,-0.00055218727,0.00092771836,0.00021002583,0.0002931917,0.0011285819,-0.00039801048,-0.0032069897,-0.0010909354,0.00083965575,-0.0004165893,-7.0226764e-05,0.00073662266,9.1946844e-05,-0.00092178327,0.00034161736,0.0006446983,0.0004216918,0.002022255,0.0012328775,0.0009679679,0.000538754,0.0010270597,0.00049600453,0.0015077958,2.7011656e-05,0.0006179948,-0.00069881824,-0.0011320335,-0.00026847524,0.0020567868,-1.0155706e-05,-0.0007205559,-0.0012162894,-0.00035315275,0.00056886574,-0.00016523269,6.149148e-05,8.0782134e-05,-0.0030664285,0.0011880182,-0.0005756715,-0.00034684854,0.0012352611,-0.00014810287,1.9579258e-05,-0.001417368,0.0001436999,0.0019998762,0.0001419367,0.00043233726,-0.0011182063,-0.0004865621,-0.0003699184,-0.0013702436,0.0003188935,0.00029919136,-0.00048659556,-0.00016560202,-0.0027304885,-1.4272528e-06,9.7407166e-05,0.000772066,-0.0011394954,-0.0005439869,0.00070894934,0.0010089943,-0.00051799696,-0.00010588272,0.001250341,0.0021499617,0.000937974,1.7744811e-05,-0.0013978321,-0.0010209057,0.0014317296,-0.00034392922,-0.00044958352,-0.0004082524,-0.0008241963,0.00034483906,-0.0019302676,8.980923e-05,0.0001390103,-0.00031433758,-0.00016993229,0.0015539196,0.00026216047,-0.002547606,-0.00072357355,-0.0009801838,-0.0012653238,0.00046870756,-0.00050915347,-0.00033774358,0.0014277858,-0.0005698597,0.0029314307,0.00030695368,9.428146e-05,0.000119021024,-5.2007323e-05,-0.0003192837,0.00095356576,0.00045029385,0.003217374,0.0008126284,-0.0006026634,0.00060023926
-0.00040748267,0.0008705633,2.5713101e-05,0.00070848264,0.001208338,-0.001188729,-0.000924342,0.00018682146,-0.0005806208,4.258783e-05,-8.399086e-05,4.1848958e-05,9.1878555e-06,-0.000118178024,0.00071948883,-0.00010231527,-0.0006074861,-2.698733e-05,-0.00019744047,2.1451637e-05,-4.46974e-05,-0.00029535723,5.062868e-06,-0.00094874256,6.497741e-05,-4.8038048e-05,-0.0015533187,2.1291573e-06,0.0007779155,-0.00020543295,-0.00050152035,1.2569594e-06,-0.00032908726,0.00024761766,0.00026505615,-3.6063408e-05,0.00025736843,0.00014196022,-6.279989e-05,2.168964e-05,-3.2213236e-05,-0.00070463767,0.00017960888,-9.942341e-05,-2.6428184e-05,-0.0013283174,-0.00013759814,-0.00012960749,0.0011684897,0.00011923175,-0.0002782166,7.0838025e-05,-0.00050775876,6.6228986e-06,-1.6345666e-05,-0.0013621437,-5.267331e-05,2.797509e-05,2.6647858e-05,0.00016458577,6.116911e-05,0.00025738592,7.2115836e-05,0.00020308999,0.002481643,8.345477e-05,-1.1129935e-05,6.041129e-05,-0.00012390333,0.00017323195,-0.00012476523,-0.00020516159,-0.0007155774,-1.2131106e-05,8.6713684e-05,0.0006607535,-4.5326586e-05,0.34184852,0.0010223404,-5.8159087e-05,4.9268125e-05,-0.00035852686,-0.0013260688,0.0002987729,-2.4725e-05,0.0002892081,8.313445e-05,0.00029425923,-0.0001274737,-0.00013318929,-7.7571254e-05,-0.00010618015,0.000113758506,0.0007729745,-6.209135e-05,0.00018274684,-5.667207e-05,0.00055392773,-0.00027765502,0.00016844661,2.4277992e-06,0.0005847148,-0.00017429964,0.00025871524,0.0007752455,-0.0004377264,-0.00037957457,7.3335475e-05,0.0006201645,-0.00014338928,-8.354435e-05,8.380348e-05,-4.7778976e-05,-4.214332e-05,2.535813e-05,3.558915e-05,7.1931914e-05,-3.1495347e-05,5.7853144e-05,-0.00012832362,0.0003783326,6.393988e-05,0.00010272252,0.00020779524,-0.0002163371,0.00025317565,-9.074016e-05,0.00011401755,0.000108117856,4.6103696e-06,-1.0310337e-05,-5.9263803e-05,4.8917256e-05,4.2907436e-06,6.342089e-05,-4.017321e-05,-0.00020749959,0.000116818315,0.0005708196,-4.8759677e-05,9.547009e-05,-6.803832e-05,-0.0007247662,-0.0013301168,9.094531e-05,0.00027598368,0.00089373096,5.5057415e-05,-0.00012755654,-0.000109905835,6.380086e-05,0.000110991976,0.00010430595,-0.00038228204,-0.0005615573,-0.0002975497,-0.000540964,-0.00024815477,5.5669978e-05,0.00030167995,-0.00030159813,-7.08405e-05,6.613049e-05,-0.00084972894,0.00020707525,5.678924e-05,0.00030682673,-0.00026196078,0.00035130602,0.00062182866,0.00023911921,0.00023544417,6.720872e-06,8.067824e-05,-2.213931e-05,-0.00020805617,0.00033899784,-0.0003280887,-0.00020814574,-1.649674e-05,0.00013624171,-0.00017308927,-4.107729e-05,-0.0008162345,-0.00014582566,-0.00034687383,5.9320704e-05,0.00035191467,-9.156068e-05,5.366349e-05,0.00044685727,-0.00034621998,2.9329141e-05,7.110902e-05,7.6360884e-05,-7.648355e-06,0.00024012604,-0.00013381425,0.000587448,-0.0010796948,0.00019972194,0.0005216469,0.0004509784,0.00033619677,3.9066334e-05,0.00058953074,1.7841143e-05,0.00013671968,0.00012813097,0.0012084737,-0.00020440723,0.0009273321,7.925454e-05,0.0001745911,-0.0004819777,3.8819082e-05,0.000142451,3.2793047e-05,0.00017351493,-0.0011110372,-3.2433592e-05,0.00060873805,-4.463674e-05,-3.1425123e-05,0.00010283041,0.00042136048,-0.00011079258,-5.2169537e-05,-0.00014420702,-4.2710075e-05,-2.99596e-05,0.0009046033,5.8638318e-05,-0.0002301054,-0.00024661658,-1.9131046e-05,-0.00018968541,0.0007697735,8.117328e-05,0.00034270398,3.708124e-05,-0.0009562559,9.718139e-05,-0.00011494811,0.00022240452,-0.00045527113,-4.0649873e-05,4.294392e-05,-0.00010740275,7.266311e-05,-0.00034557367,4.9577426e-05,5.0476643e-05,5.1328447e-05,4.9623468e-05,0.0007396953,-6.475758e-05,-0.00052388874,2.224504e-06,-4.154159e-05,-0.00035241692,-0.0008025209,-1.445683e-05,0.00070248364,1.4517958e-05,1.4443891e-05,-0.00035895276,-1.0962588e-05,-0.00020063383,-0.000105980485,0.00026056336,6.247909e-05,-5.331686e-05,-4.5570927e-05,5.3041265e-05,-2.8262642e-05,0.00018273684,-0.00017106402,-0.0002652807,-0.00069458026,0.00013419041,-1.670441e-05,-2.2627219e-05,0.00015761664,-9.6835865e-05,-1.6822141e-05,0.0020959047,-0.00036266798,6.952914e-05,0.00014470288,-1.3636327e-07,-0.000100837606,-0.00065791974,0.00024860815,-0.00032070169,-0.00011810548,0.00058333675,0.00017156849,-0.00016924251,0.0012689872
0.0012651123,-0.0015742106,-0.00045593214,-0.0023496314,-0.0030493983,0.0016553443,0.0022359912,-0.0005786138,0.0017433872,0.00018073621,0.00030985285,-5.8825397e-05,-0.00011314329,0.0005504448,-0.0009146068,7.578057e-05,0.0016692397,0.0005447578,0.00092498533,0.00024565042,0.00054228824,0.0004684695,-0.00010414757,0.0020218715,-0.0002630747,0.00026727514,0.0014396204,0.00024675325,-0.0012659878,0.0012528535,0.00094138895,0.00019423262,0.0010837021,-0.00092278316,-0.0008678801,-0.00025166827,-0.00057798484,-0.0005341337,0.00015696297,-0.0002865407,-0.0002028943,0.0013539174,-0.0004643088,0.00033441046,-6.7387155e-05,0.002988812,-0.001041348,-0.00027674064,-0.0023638022,-0.00045444752,0.00053111603,-0.00023668296,0.0013843382,-0.00054044666,-0.000399871,0.0023884517,0.0004282115,7.074244e-05,-0.00018182848,-0.0008804532,-0.00035333057,-0.0003744639,-7.8682286e-05,-0.00032061985,-0.004058508,-0.00058706326,0.00015918142,-0.00043717123,0.00042447104,0.00028968175,0.00047071584,0.00010897014,0.0009240461,-0.000106752224,-0.00050309027,-0.0018526954,0.0003391251,-0.00011173199,0.3371374,0.0003542375,-0.00011394362,0.0011783086,0.0020623768,-0.0011905113,0.00019545508,0.0010924598,-6.122667e-05,-0.00042079837,-5.9501534e-05,0.00045826824,0.00056820107,0.00026149777,-0.00066583144,-0.002024663,0.00033494437,-0.0005413019,0.00034737302,-0.0012921004,0.00058197696,-0.0003959185,-0.0004367472,-0.0007171785,2.3430764e-05,0.00028705603,-0.00061971816,0.00043763546,-0.0012303714,-0.0006401226,-0.00067524915,-0.00038048683,0.00025934927,-0.00019857392,-0.00035102162,6.83761e-05,8.677728e-05,-7.762082e-05,-0.0008368513,0.00021706922,0.00024011948,0.00057176984,-0.0008297859,-0.00014775262,-0.00052422925,-0.00050997006,0.0004692924,-0.0008461566,0.000433369,0.0012599396,-0.00022350479,-1.3573297e-05,0.0001374884,0.000339362,0.000111268455,3.2834803e-05,-0.00032550105,4.398655e-05,0.00077856093,-0.00024330072,-0.0011756517,0.00016588403,-0.00012527677,0.00042489075,0.0015998231,-0.0015298546,-0.00048332236,-0.0013345416,-0.00039548796,-0.00013920137,0.00012903928,0.00039986792,0.00093637896,-0.000606237,0.00019982552,0.0002149504,0.0012193235,0.0007754827,-0.0002557298,0.0017658486,-0.0007842788,-0.00030014475,7.8130375e-05,-0.00017061009,0.0004048687,0.0012598068,-0.00061237824,0.00026142265,-0.00060911354,0.00021382536,-0.00059942855,-0.0009333845,-0.001794522,-0.00092310866,-0.00017866526,0.0004874327,-0.00013214006,0.00074232713,-0.00059358013,0.0007399924,0.00066491496,-6.740824e-05,0.00011408015,0.0005554851,8.5010804e-05,0.0018433909,0.0005738566,0.0016462832,-0.00024268054,-0.0006985995,-0.000114186856,-3.895875e-06,-0.001237415,0.00092073047,0.00015395762,-0.0005344577,-0.00023890162,-0.00018845045,-0.0009670274,0.00064479816,-0.0014358525,0.0026165415,-0.000898766,-0.00108493,-0.0017367864,-0.000834153,-7.787997e-05,-0.0011638761,-5.4046337e-05,-0.00062024646,-0.00015381404,-0.003944806,-0.0005556678,-0.0018889843,-0.00060435786,-0.0014925662,0.00029556899,-0.00069419376,-0.00052629877,0.00020554902,3.6962654e-05,0.0012443427,0.00037855303,-0.0018059597,0.00010930874,0.001127134,-0.00028089056,-0.0011150691,0.00036206332,0.00010195061,0.000615545,3.7991995e-05,0.0007419496,-0.0021431197,-0.00037578927,0.0004009625,0.0005261447,0.00045392834,4.5388406e-05,-0.00069452194,-0.00026818662,-0.0013660198,-0.00037698582,0.0027150677,0.00056361203,-3.451442e-05,-9.772755e-05,0.0016714584,-6.64001e-06,-0.00022344747,0.00035364594,-0.0008417924,0.0013495721,0.00015708816,-0.0002740305,-0.00025128567,0.0002790705,-0.00077052356,0.00023328046,0.00075605494,0.00016483346,9.0763024e-07,0.00089925324,0.0005547321,0.00034526957,-0.002499943,0.00088966213,0.00012144633,0.00024138855,3.422872e-05,0.001110781,0.00036739546,-0.00042846004,0.00010269651,0.00070168363,8.894492e-05,-0.0001800182,0.00012310369,-0.00013455388,0.0004177137,0.00055068306,0.002330411,0.00011163291,0.0002710333,0.00021518825,8.621552e-05,0.00026234423,0.0003235005,-0.0015726064,0.00078197476,-0.0008694281,0.00011475809,-0.0002964537,0.00033811858,0.0013816376,-0.0008676123,0.000469628,0.00041246336,-0.0028596611,-3.8726725e-05,0.00059927016,-0.0021165677
-0.0005245507,0.0015869021,0.0004089756,0.0015804352,-0.00023109032,-0.0003783715,-0.0016551728,8.9545654e-05,-0.0013802068,-2.3822657e-05,-0.00014906716,0.00018574859,0.00018123336,-0.0005288733,-0.00015023498,9.176256e-05,-0.0010165027,-0.00027350042,7.323485e-05,-0.00031397355,-0.0006245802,-0.00039921145,0.0001427827,-0.0014513887,0.00047167065,0.00015185087,0.000796009,-8.622118e-05,0.001290026,-0.002260122,-0.0009484121,-0.00014786974,0.0008933284,-0.00020908305,0.0013080414,-0.0006158289,-0.0007237123,0.00042264687,0.00020096905,0.00078700343,1.8193708e-05,-0.00028678298,0.00024463687,-0.0008905193,1.18408525e-05,-0.0005777629,0.0013824771,0.001117184,0.0010474246,0.00036824678,-0.00048045203,7.750389e-05,-0.00020529013,0.0003959394,0.00074566645,0.0004241224,-0.00030105872,-0.0002721869,0.00016465478,0.00042151875,0.0004143236,2.5451393e-06,0.00020596631,0.0012755825,0.00046551463,0.00022888447,0.00024417,0.00026416167,-0.00013123875,0.00030962972,-0.0004872964,0.00054426823,-0.0008755548,0.00038558606,0.0005808643,0.0006383996,-0.0010481935,1.1651558e-05,0.000919813,0.3410471,0.00018604106,-0.0001934865,0.00021924413,0.0007393294,0.0002470193,-0.0010146338,0.0005822773,0.0006823276,0.0002939015,-0.00033010473,-0.0003076582,-0.0001692132,0.00057765,1.4901945e-05,-5.9245904e-05,0.0002799207,-0.0006754542,0.00020024875,0.000526008,-0.0026894668,0.0010380615,-0.00020324925,0.00020204576,-7.717923e-05,-0.0020980937,0.00035717463,0.0021019406,0.00023306525,0.00033226245,0.00094388425,-0.00019126575,0.00015911179,9.901378e-05,7.819437e-05,7.0585054e-05,0.00020611795,0.0009051339,-0.00025017024,-0.000269861,-0.00016885366,-0.00052560476,0.0004984284,0.00011461276,4.323731e-05,-0.0004462637,0.00081095163,-0.00020767027,-0.0012134275,0.00032194372,-3.9804792e-05,-0.00020130014,-0.00024273871,-0.00010905057,-0.000635296,0.000287149,0.000113910195,-0.0005880955,0.0012124479,0.0012970619,0.00013324094,-6.016524e-05,-0.00048202995,-0.0011609988,0.0014671723,0.00034679886,0.0015330688,3.4250552e-05,5.311472e-05,0.00028841745,-0.00024573924,-0.0015511861,-0.00014845053,-0.00014221224,0.0006213697,0.0023915586,-0.00070636894,0.0005547566,-0.0026667998,0.0011214265,-0.0007089983,-0.0005474031,0.00027017374,-0.00063701463,-0.0019448445,0.00031030146,0.00059944764,-0.0006362139,0.0007708234,0.00027139075,-0.0018102751,0.0019506506,0.00026965604,0.00037284018,-0.0003126203,0.00036954027,6.645422e-05,-0.00017027123,-0.0006720151,-0.00035582428,-3.0669362e-05,-0.0007206416,-3.8030812e-05,-0.000114333794,-0.00038452298,0.00012700305,-0.00039988666,0.00040090285,0.0003821175,0.00046131248,-8.460613e-05,0.00140988,0.00030262468,-0.00040522285,0.00069399504,0.00024312823,0.0002695451,0.0009459008,-0.00044156372,-0.0012396293,-0.0014003541,0.000732573,-2.1616068e-05,0.00059282273,0.00067775516,4.5419256e-05,-0.00011010937,0.00024238034,0.00052734284,0.00019769823,0.0025602714,0.000820209,0.0010121852,0.0004902023,0.0016487452,0.00035275854,0.0011643247,0.00015850388,0.0002742133,-0.00039977624,-0.0008351627,-0.0002792941,0.0016337275,-5.2063256e-06,-0.0008732488,-0.00066098035,-5.7547928e-05,0.00019723111,-0.00019076078,-7.389781e-05,2.9431949e-06,-0.0019899507,0.0011142124,-0.00015221808,-0.00034587146,0.0005767055,-0.00021298627,-3.2872907e-05,-0.0004627584,0.00018690803,0.0017592459,0.00022317648,-0.00039875702,-0.00081390305,-0.00031346205,-0.00035986607,-0.0012195506,0.00019313922,0.00028812196,-0.0005115755,0.000250313,-0.0014008799,-4.7441805e-05,9.1627975e-05,0.00058059377,-0.0007769458,-0.00023221633,0.00037144253,0.000424411,-0.00033593687,-2.4916653e-05,0.00032817628,0.0011492218,0.00039539652,0.0013296357,-0.0011855592,-0.0007881004,0.0006893548,-0.00018782563,-0.00060194376,-0.00039409613,-0.00022804168,8.435421e-05,-0.0012959678,2.5089179e-05,0.000113508286,-0.0002469951,-0.00017613081,0.00067985064,8.651627e-06,-0.0023689314,-0.0005182998,-0.0005615203,-0.0008119447,0.00021327303,-0.0003984972,-0.00029822852,0.0010350766,-0.00057176145,0.0019748046,-9.315261e-06,0.00014935124,-6.402188e-05,-0.00029555816,3.4884048e-05,0.00014594583,0.00019846641,0.0024626986,0.0005600353,-0.00061018363,0.00092330546
-0.0005086042,-0.0010947324,1.0300152e-05,-0.0013903137,0.0023184095,-0.00052435475,0.00030496597,0.00026347075,-0.00015686997,-0.00014415204,-0.00012474418,-0.00010921823,-0.00014604144,-3.536579e-05,0.00068869966,-0.00020239588,6.620843e-05,-0.00031645488,-0.00091160566,4.8913465e-05,2.4096922e-05,-5.0454273e-05,-0.0001549505,-0.00015614716,-0.00013056952,-0.00013051841,-0.0007552761,-9.625049e-05,-8.592372e-05,0.00088119914,0.0009686272,-8.383269e-05,-0.0015009207,0.00082040124,-0.0006049738,0.00074523524,0.0012803064,-3.8295588e-05,-0.0005116446,-0.00043505718,0.0002718177,-0.00016400115,-0.00017064929,0.00018053199,7.31078e-05,-0.0013352615,-4.0591385e-07,-0.00070636085,0.00044422096,-0.00015891569,5.129999e-05,8.980779e-05,-0.0010326288,0.0001625432,-0.00017706136,-0.0010528725,0.00011319887,0.00014714309,1.8887487e-05,0.00029572155,-7.0707705e-05,0.00026762337,-9.009905e-05,-0.0010907188,0.0017925417,0.00013807708,-0.00046327594,0.00011864447,-0.00014913034,-0.00094692124,0.00018160736,-0.0005540383,0.0007649854,-0.0001991024,-3.960291e-06,-5.422224e-05,0.00055703946,2.5465706e-05,0.00045378608,0.00027327825,0.34223583,-0.0008992769,-0.0014639425,0.00021434676,-0.00040625475,-0.00044513476,-0.0008328094,-0.00090932025,-0.000119306525,-3.290405e-05,-0.00039113848,-6.792472e-05,5.0768096e-05,0.0011214615,-0.00019494953,0.00021395084,0.0003156722,0.001066888,-0.0007579163,0.0022411123,-0.0005979075,0.00081074995,-7.413465e-05,-0.0006066109,0.0020616222,-0.0007417583,-0.000494854,0.00018700882,-0.00021555366,-0.00036518113,-3.8862112e-05,0.00023524371,0.0003834957,-0.00010772975,-5.8668673e-05,-0.00016311524,6.418527e-05,3.4265482e-05,-6.372412e-05,-0.00042947716,0.0012165973,-0.00033283702,0.00015832674,0.00015471014,-1.86655e-05,-0.00030386122,-0.00020099079,-7.0842296e-05,-0.00016786081,3.361192e-05,0.00013869994,-0.00028466375,-9.598996e-06,0.00036535866,0.00016429341,-0.00024406434,-0.00017254661,-0.00053913577,0.0005124034,-0.00036024614,-0.0003913288,5.1049516e-05,0.00046322015,-0.0012289964,2.1210773e-05,-0.00048498422,-0.0003207921,2.0883428e-05,-0.00039521168,-0.000120123615,0.0005031985,0.0004507375,8.109554e-05,-0.00023363774,-0.0027381238,5.0269904e-05,0.0003239745,0.00078354025,-0.00028047603,0.0005268507,0.0005276065,-4.5018463e-05,0.00056637684,0.0018229856,3.198526e-05,-0.0010440436,0.000893554,-0.00066967926,-1.6225744e-05,0.002246914,-4.6730212e-05,0.00040336367,-0.0002262366,-0.00021129556,-0.00015136732,-0.0008848181,0.0008544146,0.0004958824,-4.0526465e-06,-0.00018583007,0.00065504666,-0.00036846,2.298953e-05,-0.00088782987,-0.0006635073,-0.00078891276,-0.00019467718,0.00020712496,-0.00031652808,4.4515407e-05,-0.00072983844,-0.0010109312,0.00020515898,-0.00022858733,3.6475543e-05,-8.645005e-05,-0.00010593034,-0.00017661552,0.0020504054,-0.00026747017,0.00026348783,0.00046984927,0.00065313425,-0.00043286404,-8.280934e-06,0.0004970451,-0.00030233388,-5.278125e-06,-0.00028200538,-1.782911e-05,0.00018013282,-3.834986e-05,7.892528e-05,-0.0013070853,-0.0002597869,-0.00027136054,0.00033095753,-0.0004472845,0.00031005545,0.0003495007,-0.00013794511,-7.5153284e-06,-9.0144735e-05,-0.00019184257,0.0009067115,0.0013067181,-0.00031408653,1.4395935e-05,-0.0006040153,-1.9023213e-05,0.0009504876,0.00053346576,0.00020787417,0.00017214527,-0.0009138032,-0.000126811,0.00036576076,-7.2347786e-05,0.000102212965,-0.00083047146,8.0959304e-05,-0.0014658113,-0.00013219145,0.00028599735,0.000580207,-0.0003833668,-9.905458e-05,-5.854809e-05,0.0005763688,0.00040520885,0.00017653128,-0.00014261306,0.00016718598,-0.00038320065,0.00038266962,0.0003973651,-0.00063189655,-0.000909415,-0.0001511287,2.901224e-05,-0.00074330415,-0.0007100411,-0.0006291336,0.00012250617,0.00037555615,0.00087513326,-0.0002769951,0.00030729445,-0.00038821317,0.000104887076,5.8381454e-05,-0.00027504633,0.00053278863,-0.00010256684,0.00011229744,0.00017137134,0.00031784372,-0.0006457743,-0.0002460899,0.0008828639,0.00019890594,0.00014257082,0.00065790035,-0.000499349,0.00019323081,-4.4574495e-05,-0.0010271802,0.00046896804,-0.0009644283,-2.2340648e-05,0.0002203116,-0.00035250225,-0.00073253235,0.0008769522,0.00041120857,-0.00063177873,0.0013987371,-0.0008237052,4.392384e-05,6.9039015e-05
-0.001842544,-0.00096749834,0.00021722302,-0.0024772407,0.006206466,-0.0017539877,-0.0011900491,0.00084913004,-0.0022203124,-0.00057813484,-0.00046198152,-8.2283266e-05,-0.00035712618,-0.0005917909,0.0018222864,-0.0005252609,-0.0010369222,-0.00090677856,-0.002065499,-0.00013827656,-0.0005712828,-0.00084991526,-0.00023699335,-0.002419273,-4.4794746e-05,2.3417644e-05,-0.0013641134,-0.00029356495,0.0016782868,-0.00087174505,0.001489184,-0.00032997617,-0.002445724,0.0017646031,0.00037268398,0.0010953405,0.0024849784,0.00028821506,-0.0009512786,-0.00019789781,0.0005695327,-0.0008244486,-0.00021720026,5.47594e-07,0.0002318731,-0.003923979,0.001481806,-0.00057745236,0.0027637377,0.0001416551,-0.00046576138,0.0001940627,-0.0030205126,0.00084681716,0.00054907415,-0.0017988825,-0.00023502248,0.00012407318,0.00035145646,0.0010884802,0.000344325,0.0008120163,-0.00021173495,-0.0013509347,0.0047931573,0.0008001999,-0.00090642524,0.00067481276,-0.0005077287,-0.0020734651,-0.00013917888,-0.0009558944,0.000776144,-0.00014069524,0.0007458483,0.0003863368,6.686749e-05,0.00010523452,0.0020133713,-4.9631035e-05,-9.2691495e-05,0.3378828,-0.003405281,0.0013490615,-0.000871123,-0.0025621478,-0.0014185928,-0.0016081623,-4.800939e-05,-0.00046400924,-0.0012346638,-0.0003682312,0.00067609426,0.002536791,-0.000523991,0.0007102828,-7.788331e-05,0.0030262189,-0.0013323596,0.0022740401,-0.00038507592,0.0022592698,-0.0002140642,-0.0016545972,0.002425983,-0.0018514188,0.00089697365,0.00065642066,0.00022093499,-8.7680746e-05,-0.00038985093,0.00040270487,0.00094382244,-0.00016762623,-9.704904e-05,-4.797095e-05,0.0013570172,-0.00015788896,-0.00038559202,-0.0011981353,0.002582991,-0.00033511742,0.00039588427,0.00050958805,-0.0007132465,7.48072e-05,-0.0008874441,-0.0012963695,-3.500265e-05,-2.4989647e-05,3.418143e-05,-0.0011150962,-6.197151e-05,2.1751435e-05,0.000708616,-0.00043939124,-0.00094241486,0.0004055782,0.0032159525,-0.0006599742,-0.0011641422,-0.0003496106,-0.00019562336,-0.0023683521,0.00049326575,0.0004799627,-0.0005642127,9.786525e-05,-0.0006164541,-0.0005559841,-0.00045710648,0.0007907934,0.00016990921,0.0001801234,-0.0039972877,-0.000508602,0.001804285,-0.0013993416,0.0005418683,0.0005118186,0.00038496236,9.842219e-05,0.00091971585,0.0016926638,0.0005135191,-0.0017302108,0.0014831319,-0.0008073482,0.00029136147,0.0038921481,0.0024179614,0.001234781,-0.00019228147,-0.0006610402,-4.7605667e-05,-0.0021105914,0.0022915201,0.0005012488,-0.00039406278,-0.00063491653,0.0010110809,-0.0009969802,-5.7706886e-05,-0.0026682774,-0.0014897158,-0.002333815,-4.660476e-05,0.0010688835,-0.00024769123,5.0717128e-05,-0.00019997417,-0.0022948063,8.623109e-05,0.00032679216,0.00034055408,0.00013274509,0.00086939393,-0.00089237996,0.0038490458,-0.0027179779,0.0014799308,0.0013094371,0.002147327,-0.00027169328,4.1174324e-05,0.0010446833,-0.0005090832,0.00058509776,-0.00054877286,0.002465173,0.0016238205,0.0013327503,0.00068098074,-0.001584247,-1.1144371e-05,0.00042009534,0.00088091084,-0.00073171884,0.00051506545,-0.00032139441,-0.00057445245,0.0022942915,-0.00012799563,-0.0012860202,0.0014671818,0.0033027213,-0.00060047995,-0.0001687255,-0.0016252071,-3.7049344e-05,0.00011952504,0.002958597,0.0005145142,-8.5455824e-05,-0.0016288464,-0.0005130155,0.0009982866,-0.0007570142,0.00045703605,6.911392e-06,0.00026135825,-0.0043450054,-0.0012719778,0.00042085393,0.001445303,-0.0025819077,-8.141623e-05,0.000116521835,0.0010165339,0.0011590732,-0.0017393633,-0.0004037449,0.0005750878,-0.00032928245,0.0001280192,0.0008792008,-0.0011375531,-0.0018995831,-0.0010588482,6.7921246e-05,-0.0012976669,-0.00034557047,-0.000998721,0.0012422231,-0.00025131917,0.0014840699,0.00025646668,0.00039087457,-0.0015694984,-0.00018109502,-0.0004059121,-0.00040511516,-0.0003481597,-0.000114012815,0.00029795786,0.0001693388,0.0008540811,-0.0006770111,-0.0007858346,-0.000316935,5.2385658e-05,-0.0003296659,0.00074035506,-0.0010319236,5.0060546e-05,-0.00034128403,-0.0015677492,0.0007725141,-3.068566e-06,0.00028342663,0.000614753,-0.0008917892,-0.0025038791,0.0021980389,0.0015647446,-0.0013566281,0.0067751957,-0.001376822,-0.00040345275,0.0011899911
-0.0012425479,-0.00091056817,-0.00010976804,-0.002044491,0.004359397,-0.00207462,-0.00046460898,0.00076099305,-0.0014208058,-0.0005511675,-0.00039445708,-0.00012251189,-0.00022264986,-0.00028706022,0.0019813755,-0.00049752486,-0.00068663486,-0.00041814268,-0.0014932128,0.00015436705,-0.00018367171,-0.0005706404,-0.0002831367,-0.002006724,-0.00010779855,1.1678527e-05,-0.0023073128,-0.00014530044,0.0012596914,0.000261426,0.0011270413,-0.0001538518,-0.0023924324,0.0013864244,-4.6474743e-05,0.00095117226,0.002316535,9.015063e-05,-0.000800067,-0.0005109005,0.000369006,-0.0009974061,-0.00015088913,0.00056212535,9.2210896e-05,-0.003245699,0.00037114508,-0.0010029577,0.0022821126,-7.0823844e-05,-0.00038042883,0.00015831873,-0.002284854,0.0003686282,6.0856888e-05,-0.0023694094,6.000563e-05,0.00021811473,0.00022793515,0.0007492827,0.00018378826,0.0008384069,-0.00023520555,-0.0012814695,0.0048015136,0.00034944978,-0.0007332503,0.0004932178,-0.00039420783,-0.0013402792,9.594112e-05,-0.0010874951,0.00053717487,-0.00033436416,0.00037059665,0.0001522385,0.00040801382,0.00017825786,0.0016693156,0.00018033222,-5.0271065e-05,-0.0019313039,0.33533806,0.0007657083,-0.0008031608,-0.0012259524,-0.0011256968,-0.0011548919,-0.00017267077,-0.0002471086,-0.0008498208,-0.00023318554,0.00031957374,0.0020910967,-0.000504239,0.0005348154,0.00020932392,0.002297871,-0.0013287865,0.0029394834,-0.0008140717,0.002191207,-0.00035446812,-0.0008975654,0.0030233471,-0.0018071894,-0.0011220645,0.00043876562,0.0009024367,-0.00052132615,-0.00020168304,0.000121320234,0.0006422236,-0.00017241719,-0.00013549841,-9.7219505e-05,0.0005246312,-4.2409396e-05,-0.0001527918,-0.00089321367,0.0021447975,-0.00041014733,0.00029654542,0.0005591554,-0.0005135775,-0.00011612534,-0.00065111165,-0.00012403526,-0.00012419386,-2.8952833e-05,0.00012989815,-0.0007893262,9.844495e-05,0.00027494808,0.00048113285,-0.00042663328,-0.0006138855,-5.5405082e-05,0.0023773895,-0.00063495734,-0.00070467044,1.964963e-05,-0.00024674862,-0.00054881035,0.00030046454,-0.00021637458,0.00021402007,7.009448e-05,-0.00070305454,-0.0003313774,0.00049472105,0.00048323607,0.0002872752,-0.00042454418,-0.003419112,-0.0002897518,0.0003360927,0.00046959808,-8.456415e-05,0.00081585586,0.0001893087,-3.2921627e-05,0.0010593655,0.0009192612,0.00031062058,-0.0014294292,0.0014163187,-0.0010899805,0.00045505093,0.0037456267,0.0008857035,0.0008454906,-0.00020381404,-0.00027333148,-0.00020143433,-0.0017081251,0.0019603844,0.00035643397,-0.00025313327,-0.00054296467,0.0011553318,-0.00085853593,-8.824007e-06,-0.0021588851,-0.001238727,-0.0015649886,-0.00016859734,0.0006359004,-0.0005200341,1.559118e-05,-0.00034887312,-0.001897084,0.00026760058,-7.089112e-05,0.00010154814,2.7566577e-05,0.00039861008,-0.0005930607,0.0032032977,-0.0019974736,0.0009264117,0.0013073303,0.0012828556,-0.00025872965,4.3688226e-05,0.0010749071,-0.00052190386,0.00023760794,-0.0003061682,0.0011318458,0.0004602412,0.0010676563,0.00030462976,-0.0016005508,-0.0010916028,-9.040744e-05,0.0004786175,-0.0005323531,0.00058987824,-0.00064933416,-0.00030478448,0.0012031852,-4.218926e-05,-0.00037507564,0.0013543314,0.0025863694,-0.00053404446,4.8519483e-05,-0.0012707256,2.5426272e-05,0.0008394525,0.0020490356,0.0005342075,-0.00020302898,-0.0015741257,-0.0002292741,0.00054344005,0.0003021424,0.00030719716,-0.00058437616,0.0002923891,-0.0030273031,-0.0004203308,0.00024693002,0.0015046344,-0.0015841298,-0.00013963667,-3.6602203e-05,0.00088605314,0.00066000817,-0.0008274985,-0.0002248451,0.00038076125,-0.0005320923,0.00048272987,0.0012915296,-0.0009867008,-0.0015342165,-0.00046949324,4.0986637e-05,-0.0009989379,-0.0013879404,-0.0008664242,0.00039061805,0.000477906,0.0014034706,-0.00033775246,0.00025266627,-0.00097576936,6.4474545e-05,-4.7665795e-05,-0.0004451851,0.00035012426,-0.00012231592,0.00014589728,0.00019573161,0.00088926364,-0.00080732885,-0.00065563497,0.0006329697,0.00039473485,-4.9372415e-05,0.0008622591,-0.0004785965,0.00018768186,-0.00012432113,0.00030279864,0.00047546314,-0.0007356854,0.00045971575,0.0004698314,-0.0007071618,-0.0019198162,0.0016178704,0.00068698335,-0.0011859963,0.0034913635,-0.0012659186,-0.0001832449,0.0012607932
0.0011849938,-0.0010301057,-0.0003816976,-0.00057726045,-0.0026851564,0.0011456861,0.0019098372,-0.00040168012,0.0020112044,0.00021424067,0.00026639795,-0.00012232954,3.574248e-05,0.0006512492,-0.00061763305,0.00010599602,0.0013306871,0.0005483966,0.00071952917,0.00033144263,0.0006867825,0.000661691,-4.100736e-05,0.0022922656,-0.00045013783,-2.9968529e-05,0.00014037326,0.00014766585,-0.0017367386,0.002126118,0.00030734198,0.0002350938,0.00041718967,-0.0005860357,-0.001182638,-1.4557475e-06,-0.0003518009,-0.0004853492,7.749127e-05,-0.0005392446,-0.00021707384,0.0006740345,-0.00018647635,0.0003869008,-2.0742875e-05,0.0022912344,-0.0016418003,-0.00061765505,-0.001927809,-0.00039636204,0.0005033934,-0.00013889898,0.0013737162,-0.00063654984,-0.00074146374,0.00082736614,0.00034498316,0.00016765312,-0.00017205103,-0.00073788135,-0.0004507359,-0.0003083342,-9.3761286e-05,-0.00044561728,-0.0026435903,-0.0005887782,9.115824e-05,-0.00045431167,0.00027299422,0.0005591432,0.00045695834,-6.1912004e-05,0.00045974416,-0.00027250216,-0.0007125841,-0.00087791565,0.00076459866,-6.3225794e-05,-0.0017036052,0.0005187513,-0.00015014848,0.0010876447,0.001341733,0.3403081,0.00012532435,0.0018529783,-3.3012482e-05,-1.36052e-05,-0.00017808574,0.0004216754,0.0006251995,0.0002568743,-0.0007160694,-0.0011011771,0.00018407078,-0.0005119792,0.0005569144,-0.0013616357,0.0001388653,0.0011344427,-0.0006506467,-0.0007284103,-6.6671986e-05,0.00047156718,0.000492176,0.00043653007,-0.0018625193,-0.00044108278,-0.0004870981,-0.0006921379,0.00025689634,-0.00024711867,-0.00029103347,9.211715e-07,-8.054201e-06,-0.000118037744,-0.0012380768,0.00028194746,0.00025595367,0.0005377165,-0.0005525553,-0.0002103115,-0.00036211283,-0.00028903483,0.0006138557,-0.0007370022,0.00046544534,0.0014971874,-0.00026794238,5.234486e-05,0.00018951928,0.000502538,0.0001266673,0.0004050494,-0.00046763,7.8070014e-05,0.00071452616,-0.0010564062,-0.002207965,7.9493766e-05,0.00046131833,0.00062111276,0.0011534634,-0.0016302366,-0.0004440792,-0.0014061902,0.00023526231,-8.772399e-05,-2.7111979e-05,0.00038535433,0.0013848117,-0.00020112393,9.033267e-05,-0.00048741934,-0.00013417553,0.0007204679,-0.0009975544,0.0026002876,-0.0010748846,0.00026341935,0.0002804284,-0.00021853612,0.00019950507,0.00086556096,-0.0004938961,0.000113412505,-0.00012858315,-0.00021935525,-0.00045996584,-0.00028940514,-0.0024568893,-0.00070953026,-0.00022456654,0.00048771207,-0.00026988226,0.00073608774,-0.00069045374,0.00042849145,0.00040735572,0.00021820361,0.00023095749,0.00035569642,0.00014533853,0.0014515667,0.00045222993,0.0013310395,-0.0003383926,-0.00065102684,-0.00019474688,-3.66785e-05,-0.0011087713,0.0007036679,0.0002449089,-0.00074976316,-0.0002498671,-0.00028624755,-0.0011032524,0.00065785716,-0.00048135195,0.0021390708,-0.0011062679,-0.00056716835,-0.0014460341,-0.00055189687,-4.91694e-05,-0.00040097907,-5.898732e-05,-0.0006759232,-1.5656264e-05,-0.003512742,-0.0012597609,-0.0014237447,-0.0006216163,-0.0009946697,-4.5975197e-05,-0.0010148423,-0.00050391594,6.0794973e-05,0.00022283333,0.00093041616,0.00040471973,-0.0023350252,8.3210296e-05,0.0012197723,-1.7938699e-05,-0.0012162011,8.9743175e-05,0.00016731111,0.000636428,-5.343361e-05,0.0015443218,-0.0020941687,-0.00023755411,0.0002588977,0.00019915486,0.00037914634,-0.00036053496,0.00041902,-0.00032686073,-0.0014475476,-0.00023273863,0.0022273953,0.0010525618,1.1437379e-05,-7.051119e-05,0.0020488948,-0.00012748266,-0.00026390626,0.000100355974,-0.0006795699,0.0017264474,0.00014633231,-0.00030883323,-0.0003777102,0.0005763719,-0.00028115851,0.000108531865,0.0004663759,0.0006143435,7.064095e-05,0.0003624888,-0.0005759385,6.788015e-05,-0.0015058462,0.0010989796,5.136732e-05,-0.0005560243,3.903019e-06,0.001101062,0.00040988563,0.00026894323,0.000118961194,0.0012668659,-1.8275132e-05,-0.00018313456,0.00014780342,-0.00017352193,-0.00016710634,0.00030368444,0.0020893812,0.0003840753,0.0005460367,0.00037817477,0.0001329595,0.00033899004,0.00035225227,-0.00035816873,0.0003126677,-0.0015094317,-9.880106e-05,-0.00030982113,0.0003115108,0.0012551802,-0.00083963404,-0.0006576804,0.00033497688,-0.004460843,-2.1131016e-05,0.00055433536,-0.0014055631
-0.0010886688,-0.0003623039,0.00013287332,-0.000528197,0.00369485,-0.0012868565,-0.0008351715,0.0005515407,-0.0012064906,-0.00025821986,-0.00028471655,-4.4951623e-05,-0.00016438332,-0.00034662496,0.0011397069,-0.00024534244,-0.00075017626,-0.00046306907,-0.0011717064,7.235309e-05,-0.0002618803,-0.00043734515,-0.00023496224,-0.001553863,-5.2969015e-05,-0.00018795999,-0.0014988626,-0.00020485128,0.0006404384,-5.0224113e-05,0.0005522295,-0.00013115424,-0.0017562041,0.0012324153,9.059006e-05,0.00077708974,0.0015194312,0.00019854805,-0.00050431496,-0.00016973198,0.00030196123,-0.00089202926,7.9276266e-05,3.3318305e-05,0.0001037979,-0.002213947,0.0005017168,-0.0005377286,0.0021342013,0.00016777197,-0.00029019534,0.00010953352,-0.0015443942,0.00035069374,0.00010197533,-0.0019119451,4.6832552e-05,0.00014698919,0.00014479226,0.00070884055,0.00024214634,0.0004966396,-3.0489682e-05,-0.0008817873,0.0033417232,0.00031313516,-0.0004112611,0.00038728616,-0.0003281227,-0.0010803223,-0.0001190319,-0.0006582022,5.5641656e-05,-5.371951e-05,0.00035127814,0.0008362806,0.00026992513,7.873236e-05,0.0015663609,4.4663284e-05,-2.1378248e-05,-0.0014244603,-0.0021725667,0.0007673754,0.34124357,-0.0014129308,-0.00062116235,-0.0006244183,-6.605912e-05,-0.00027915882,-0.00063857064,-0.0001757083,0.00035847237,0.0021135467,-0.00036671263,0.00041032684,6.348987e-06,0.0016316425,-0.00092737435,0.0022493594,-0.00031246213,0.0012954891,-0.000101287136,-0.00072127476,0.0019970983,-0.0010307132,-0.00025569758,0.00036892065,0.00024575967,-0.0001945949,-0.0002458497,0.00018945735,0.000507165,-0.00010675324,-0.00010107516,1.8167775e-05,0.00052038906,-8.4161475e-05,-0.0001164245,-0.00066603965,0.0015225845,-0.00022664864,0.00032148077,0.0004057192,-0.0002981493,6.960847e-05,-0.00047788426,-0.0006314974,-3.200209e-05,-9.103401e-05,3.709839e-05,-0.00047450734,-3.8225404e-05,0.00022403992,0.00031370178,-0.00023194848,-0.0005285025,-0.00019211926,0.0011746963,-0.00035234133,-0.00044005484,-0.00015330044,-0.00046913908,-0.0032405804,0.00040221284,0.00022817653,0.0006015342,9.536087e-05,-0.00047810862,-0.00033442574,7.807702e-05,0.00065335777,9.125427e-05,-0.00030040502,-0.003072573,-0.00019470254,0.00058424234,-0.00014426194,9.821898e-05,0.0005949043,0.0002940374,-5.8980586e-06,0.0004371552,0.00094663043,0.00029338064,-0.000945144,0.0010411049,-0.0006823041,0.0004402231,0.0031164747,0.001229051,0.0007362218,-0.00016918602,-0.0004130044,-0.00011744525,-0.0010449106,0.0013551326,2.2996788e-05,-0.00033122738,-0.00018939027,0.0006127555,-0.00059893733,-8.5939355e-06,-0.0017065809,-0.000915395,-0.0015486506,-0.000117220305,0.0006713067,-0.00022448428,2.3092063e-05,-7.331762e-05,-0.0014110735,6.4661326e-05,8.2933955e-05,0.00025192145,7.652706e-05,0.00043026693,-0.000500807,0.0024187055,-0.0016650707,0.0007941591,0.0010033824,0.0011721129,5.5097305e-05,4.5318196e-05,0.0009824815,-0.00027747,0.0003568719,-0.00027763148,0.0015801577,0.0004810391,0.0009119408,0.00037422398,-6.534236e-05,-3.92293e-05,0.000118850396,0.00056188914,-0.00036534492,0.0003698675,-0.00031289176,-0.00031354334,0.0013248816,-7.5520606e-05,-0.00070096646,0.0009402996,0.0017958663,-0.00051125075,-7.230825e-05,-0.00085662317,-6.7473105e-05,0.00041530348,0.0016705221,0.00047767424,-0.0001154218,-0.0011197029,-0.00039780873,0.00044579315,0.00027358712,0.00032506205,0.00014625995,0.0001639032,-0.0028326206,-0.00041345318,0.00020680609,0.00057963334,-0.0011913715,-0.000109459565,2.8961967e-05,0.00037161345,0.00071639876,-0.0005067408,-0.0002311404,0.00034282933,-0.0002434972,0.0002460905,0.0007286338,-0.00068722,-0.0011038808,-0.00038542552,-1.1870067e-05,-0.0011141418,-0.0008468639,-0.0007013881,0.0010086335,-6.808807e-05,0.00076993456,-0.0003097716,0.00018067994,-0.000909706,-6.52171e-05,0.00016887717,-0.00026701496,7.398481e-05,-5.3905627e-05,0.00018378107,0.000109568835,0.00048266136,-0.0006622588,-0.0005276864,-0.00014793244,0.0001378279,-3.4013916e-05,0.00046775612,-0.00045517276,3.6344245e-05,-0.00019155904,-0.00017173031,0.00027614384,-0.00039566463,4.037185e-05,0.00029020788,-0.0004960821,-0.001514856,0.0011950429,0.00046562197,-0.0007695939,0.0020586117,-0.0007946954,-0.00024447896,0.0010911037
-0.0009947864,-0.0005372018,0.00044197368,-0.00016738586,0.0018407041,0.00024240348,-0.0008210589,0.00023491136,-0.0011122011,-0.00031521966,-0.00022606301,-8.027705e-05,-0.00014375607,-0.0005270864,-1.6371207e-05,-8.185708e-05,-0.00059727667,-0.0008189925,-0.0010036646,-0.0003346555,-0.0006631989,-0.00047904326,-1.7129096e-05,-0.0013299935,0.00031880144,-3.31116e-05,0.0013875845,-0.00023299143,0.00050920265,-0.0016255508,0.0007271154,-0.00023766574,-0.00083921803,0.0008223154,0.0005281544,0.0005409888,0.0006786386,0.0003332737,-0.00026350605,0.00021814508,0.00023001418,1.1788986e-05,-0.00012412817,-0.00037727895,0.00010519274,-0.00032933638,0.0017000366,0.00042256716,0.0010724326,0.00017876009,-0.00010980748,5.83306e-05,-0.0009898355,0.0007661161,0.0006451849,0.00013449664,3.089814e-05,-7.8384655e-05,0.00021245988,0.0007074363,0.00043252442,8.2976214e-05,5.7477337e-05,-0.0005945425,0.0010989003,0.000319779,-0.00028959452,0.0003852916,-0.00020493992,-0.0013772267,-0.00017664711,5.969847e-05,0.00074960536,9.994837e-05,0.0006413571,0.00032674475,-0.00029209652,2.1279739e-06,0.00078277034,-0.0002686837,-2.669356e-05,-0.0011824222,-0.0013085273,0.0008468558,-8.590237e-05,0.33634952,-0.0004588907,-0.00069415785,-6.995708e-05,-0.00029971733,-0.00069036137,-0.0002148852,0.00054437754,0.0007683639,-0.00020967452,0.00039100845,-0.0002829614,0.0011195308,-0.00021624709,0.0003428417,0.0003320453,0.00031254976,0.0002258926,-0.0011078914,-0.00039693108,-0.00015594893,0.0018679478,0.00055329,-0.0005540644,0.00062149094,-0.000219736,0.0002580869,0.0005003608,-2.4749357e-05,-3.5147496e-05,0.000109449276,0.0010644756,-0.00020291853,-0.00023227374,-0.0005849087,0.00066751754,3.828162e-05,0.0003555271,0.00014652383,-0.00027970082,0.00018000048,-0.00048606514,-0.0019690753,4.356238e-05,-5.0975603e-05,-6.988142e-05,-0.0005618796,-0.00021235576,-0.00017249676,0.00042338308,-9.772045e-05,-0.0005263129,0.00041877507,0.001473849,-0.00017776985,-0.00062923605,-0.00058740564,-0.00023858294,0.0015402082,0.0004985852,0.0008208246,-0.000798008,0.000109076835,3.102108e-05,-0.00031676318,-0.0014167455,0.00044236987,-0.00016024442,0.0007504438,-0.00077461096,-0.0002693277,0.0018859408,-0.0021213668,0.000897359,-0.0002958025,0.0005509225,0.00029522722,-6.60925e-05,0.0013504918,0.0002559497,-0.0005593684,0.00029134547,0.00024990013,0.0003001952,0.00089606305,0.002547626,0.0006126131,5.5851175e-05,-0.0007178322,0.00021227717,-0.0008610258,0.000799368,0.00017236227,-0.00018093303,-0.00022233685,-3.6340774e-05,-0.00028933815,-7.599942e-05,-0.0009395157,-0.0006703127,-0.0014633039,7.740781e-05,0.00048133757,0.00023447089,-2.3042268e-05,0.00024439604,-0.00084469235,-0.00024089904,0.0004891795,0.00023028426,0.00013810932,0.0006900786,-0.0005876545,0.00072673685,-0.0010229914,0.0009208081,7.500739e-05,0.0013015701,-0.00012469401,4.1674688e-05,6.547212e-05,-5.401123e-05,0.00057389867,-0.00031612834,0.0021976815,0.001569692,0.00024060706,0.00052554294,0.00044802213,0.00051502924,0.00077417545,0.0005013304,-0.00030425418,-1.0045544e-05,0.0007968402,-0.00039922592,0.0018752166,-3.6319238e-05,-0.0013755787,0.00039812957,0.0013995181,-0.0001462392,-2.5422145e-05,-0.0006913527,-1.6418585e-06,-0.0009846698,0.0012778791,0.00030673444,4.0359104e-05,-0.0003633403,-0.0004895766,0.00091154693,-0.001073404,0.00038456338,0.001057365,0.00022038555,-0.0019375276,-0.0013513095,0.00022073537,4.4951943e-05,-0.0017107414,0.00012916302,0.00014375315,0.00025497473,0.0009248713,-0.00097363174,-0.00040173178,0.00021830444,0.00017814625,-0.00039177036,-0.00044093037,-0.00040135602,6.7156296e-05,-0.00079497474,-2.8769413e-05,-0.00060456723,0.0011139064,-0.00041838936,0.0011301086,-0.0009916628,0.0003484153,0.00080034585,0.00016370064,-0.001047866,-0.00018062307,-0.00043790851,-0.00033007006,-0.00093080534,7.08872e-05,0.0001993166,-3.5094163e-05,0.000122013626,-9.032197e-05,-0.00018743129,-0.0012456449,-0.00040154345,-0.00036208663,-6.810351e-06,-0.00061589165,-0.00012680066,-0.00036515092,-0.002152615,0.00036864405,0.0009865756,-0.00021932962,0.00035642352,-0.000354829,-0.000912067,0.0010401516,0.001188969,-0.00046782708,0.0032871654,-0.000556769,-0.00032222495,-3.3124248e-05
-0.00095991313,-0.0035369827,-0.0005087221,-0.0058710943,0.005212911,-0.0007641087,0.0016088192,0.0006475523,-0.00017815843,-0.0006082456,-0.0002308487,-0.00021093978,-0.00046765542,0.00015700852,0.0018946083,-0.0006878062,0.000616688,-0.00039884995,-0.0018960534,0.00043559825,0.00027052526,-0.00023526346,-0.00048758744,-0.00020543681,-0.0005987347,0.00013492069,-0.0018327717,-0.0002599103,-2.6862188e-05,0.002286513,0.0031470489,-0.0001150812,-0.0030715358,0.001686136,-0.0013983068,0.001592059,0.003319882,-0.00044075077,-0.0013044376,-0.0011401986,0.00050405227,1.8641189e-05,-0.0007711948,0.0010892891,0.00026205505,-0.0028219046,-0.00044399864,-0.001966792,0.0010358978,-0.0006034898,0.00013362133,7.71392e-05,-0.0026000305,0.00017339509,-0.00022765013,-0.0011554108,0.00034036767,0.00036733583,0.00015539066,0.00043186973,-0.00023437326,0.0008704153,-0.0004423893,-0.0027016604,0.0026976254,0.00024649734,-0.0011491114,0.000272213,-0.00024923927,-0.002314866,0.000533587,-0.0016664405,0.0020823085,-0.0007383693,-6.831555e-05,-0.0012975419,0.0012963705,-4.0231917e-05,0.00022703267,0.0007730856,-0.00012759646,-0.0022301718,-0.002930297,0.00010653134,-0.0012268922,-0.0005587614,0.3379601,-0.002694734,-0.0001913515,0.000100507685,-0.0009013359,-4.9453814e-05,-0.00020749713,0.0018097154,-0.00038915325,0.00038026294,0.00063176634,0.0023975156,-0.0017963073,0.004920352,-0.001745015,0.0026644093,-0.00044344165,-0.0016562411,0.004615193,-0.0024784962,-0.002018508,0.00024822867,-0.00037778614,-0.0012449455,-0.000101987236,6.56487e-05,0.000945312,-0.000269754,-0.00012257183,-0.00031937045,0.00016506104,0.00019012013,-0.0002544615,-0.0009064847,0.003164262,-0.00096312445,9.638078e-05,0.0003279642,-0.00018956132,-0.00110429,-0.0006512194,0.0007931994,-0.0004760181,-3.281765e-05,0.00031118828,-0.0008960883,0.00015819515,0.0006733696,0.00043156787,-0.00065155636,-0.00018451802,-0.0007197453,0.0020157238,-0.00094654213,-0.0012459233,0.00043544197,0.0018474201,-0.0057768174,-0.00018032153,-0.0018925521,-0.0008574978,-1.1494646e-05,-0.0010311073,-0.00018297143,0.0018350217,0.00068521843,0.00051748304,-0.00044770035,-0.0061355615,0.0005119638,0.0010369743,0.0025014728,-0.0010337586,0.0011171144,0.0007958538,-0.00026147504,0.0021158447,0.0042053,2.6119062e-05,-0.002571855,0.002055024,-0.0017064639,-0.0004526967,0.0055279625,-0.00092026126,0.00068140513,-0.00057203753,-9.6591226e-05,-0.0005001905,-0.0023621547,0.002499665,0.001667519,0.00025739204,-0.00079820055,0.0020089487,-0.0008123079,0.00013379662,-0.0017182553,-0.0015310455,-0.0012957933,-0.00050724414,0.0005143191,-0.0007741311,4.6025245e-05,-0.0023268384,-0.0024880248,0.0006402278,-0.00069223094,-1.9000061e-05,-0.00016383702,-0.0004212867,-0.00031178488,0.004815691,-0.00050517044,0.00059532473,0.0010865086,0.0008117612,-0.0014372483,-5.120675e-05,0.0007213089,-0.00084804156,-0.00023530539,-0.00090029225,-0.002213878,0.0005199805,-0.00032115073,0.000104923995,-0.004587291,-9.8723205e-05,-0.001059329,0.0005784,-0.0010308739,0.0012123842,0.0007286128,-0.00019026236,-0.00016154599,-7.914569e-05,0.0001775572,0.002236243,0.0032494813,-0.00066325016,2.9335808e-05,-0.0015524284,-0.0001040842,0.0027257618,0.0015158219,0.00048121467,0.00039005192,-0.0022246235,-0.00017261022,0.0009954132,-0.0007279552,0.0001754403,-0.0028785253,-0.00012019543,-0.00297713,-0.00019630426,0.00081566843,0.002541043,-0.000694128,-0.00027354967,-0.00020510617,0.0019195895,0.0005548312,0.0001799259,-0.0003036934,0.00041297034,-0.0012053305,0.0010810255,0.0009555523,-0.0015880029,-0.002409539,-0.0006456189,0.00015555137,-0.0011937757,-0.0014233442,-0.0013370768,-0.0009503633,0.0015484946,0.0026211878,-0.00036973375,0.00061540544,-0.00053032534,0.0004010711,-0.00043135692,-0.00055223505,0.0015218268,-0.00015196872,0.00018401313,0.0005658072,0.0011273316,-0.0011818201,-0.000591822,0.0035283267,0.0006810963,0.00025428267,0.0018310787,-0.001412505,0.00062155735,3.5970574e-05,-0.0035225693,0.0018477762,-0.002547968,0.00048808003,0.00042036496,-0.0008921585,-0.0018317307,0.0020389226,0.0018282174,-0.0015928623,0.0037395624,-0.0023452854,0.00027564232,-0.000652057
-0.0008232242,-0.0023541905,-0.0001636513,-0.004928879,0.0033737924,-0.00014508469,0.00081606157,0.00035422013,-0.00095337414,-0.00052615406,-0.00029643666,-6.459881e-05,-0.00037322365,-0.00023713616,0.0009421926,-0.00047141628,0.00030646438,-0.00050627906,-0.0012772228,-2.8513423e-05,-0.00020732415,-0.0005008267,-0.00023678395,-0.00079552276,-0.00015495239,0.00032265365,0.00066156214,-0.00023306275,0.00078659353,-0.00018234574,0.0024480862,-0.00022558143,-0.0012974165,0.0008907791,-0.00015533694,0.00080821826,0.0018903641,-0.00013964155,-0.0007612916,-0.00026479742,0.0004130997,0.0005365557,-0.00069034,0.00041964164,0.00014757803,-0.0015957238,0.0010413721,-0.00053966534,0.00065302773,-0.000313838,-8.6008105e-05,5.171807e-05,-0.0020094013,0.0005178145,0.00045105023,0.00078587513,7.4463125e-05,6.888057e-05,0.00021133154,0.0004414789,0.00016005107,0.00053726067,-0.0001394556,-0.0014401431,0.00094102847,0.00039225357,-0.00069821946,0.00034208715,-0.00015128753,-0.0019253942,0.0001704329,-0.0007840509,0.0017329471,-0.00025498908,0.00039715855,-0.0014451283,0.00013802119,-8.641536e-05,-0.00042502955,6.540201e-05,6.210438e-07,-0.0016633364,-0.0014391288,0.0003928352,-0.0007150798,-0.00185868,-0.0015288276,0.33857673,9.336462e-05,-7.603124e-05,-0.00085691054,-8.2555256e-05,0.00018768369,0.0006262503,-0.00025976493,0.00034936506,5.6533503e-05,0.0019908363,-0.00071148993,0.0014654192,-0.0006507661,0.001707099,-0.00016343914,-0.0014620236,0.0013721127,-0.0015518487,0.0002190323,0.00022316333,-0.00032182861,-0.000115945215,-0.00016887243,9.247282e-05,0.00073396397,-0.0001423539,-4.609329e-05,-7.358669e-05,0.00094900024,7.467762e-06,-0.0003476043,-0.00069993426,0.0017680314,-0.00037697642,0.00015399573,8.762432e-05,-0.000447341,-0.0005175928,-0.0006118874,-0.0003609043,-0.00015378406,-5.8160644e-05,9.993389e-05,-0.0009086468,4.742561e-05,-9.185642e-05,0.0005376564,-0.00042274437,-0.00037532183,0.00059603684,0.0029745915,-0.0005386387,-0.0012419343,-7.953589e-05,0.0013032047,-0.002223173,7.518471e-05,-0.00058983936,-0.0014060134,-2.0869513e-05,-0.00045564777,-0.0001911568,6.649381e-05,0.0001466766,0.0002783686,0.00064700894,-0.0022023679,0.000152269,0.0017542256,-0.00023679927,0.000118785785,-1.7211014e-05,0.0002809623,-1.8779852e-05,0.001293062,0.002474032,-3.865044e-05,-0.0014353113,0.0007719686,-0.00046621132,-0.00036455895,0.002527543,0.0009869569,0.0005475133,-0.00021384264,-0.0003108222,-9.30686e-05,-0.0016301327,0.0018215494,0.0011400378,0.0001961585,-0.0008172174,0.0010190369,-0.00045190885,-1.6084095e-06,-0.0010371943,-0.0009979623,-0.0009653169,-0.00014232883,0.00045717933,-0.00019875923,-6.1593887e-06,-0.0011449542,-0.00149439,0.00018921065,-1.4909567e-05,8.576272e-05,8.4005056e-05,0.00016864692,-0.00041142062,0.0020371357,-0.00049395696,0.0009198024,0.00032871487,0.0006639729,-0.0010023166,-2.155364e-05,-0.0002053758,-0.0005177736,0.00023566393,-0.0006510115,-0.0009072506,0.0014883804,-0.0003233563,0.00033018272,-0.0032883824,0.00037155635,4.4411303e-05,0.00037818417,-0.0005190315,0.00043395144,0.0008255721,-0.00031865414,0.00097003387,-3.0640529e-06,-0.0003982285,0.0011542746,0.002506782,-0.00015195867,-8.1393264e-05,-0.0012223244,9.104583e-06,0.00050247397,0.0014360538,0.00017861249,0.0002063406,-0.0010584956,-0.0001922115,0.001107487,-0.0018441302,0.00025407047,-0.001161876,-2.399229e-05,-0.0018928092,-0.0009566259,0.0005044437,0.001573397,-0.0014440411,-1.3893283e-05,-2.5078018e-05,0.0013828469,0.00047361836,-0.0011765088,-0.00030937602,0.00033285524,-0.0005103591,0.00015880515,2.7327718e-05,-0.00090813707,-0.0011324754,-0.0010194296,0.00012627337,-0.00032807502,0.0005583909,-0.0005991939,-0.0008841775,0.0003480363,0.0016194313,0.00078127324,0.0003785043,-0.0007008034,0.00013664349,-0.0010215602,-0.00041663268,8.7999746e-05,-3.8902825e-05,0.00018824614,0.00025531175,0.00072823005,-0.000100235055,-0.00017611812,0.0015735369,4.8519436e-05,-0.00030020898,0.0008088448,-0.0010436287,0.00022153338,-0.00019526607,-0.0035138365,0.0014760842,-0.0003927979,0.00047135554,0.00045126746,-0.0005682238,-0.0012584497,0.0015290258,0.0022952156,-0.0010473205,0.005023316,-0.001538507,1.32424775e-05,-0.0008648265
0.0003225164,0.00023215656,-0.0001616989,0.00071949465,-0.0006205394,-2.5483132e-05,0.00036303906,-4.950519e-05,0.00071197905,0.00021661978,0.0001007175,-6.892228e-05,9.851671e-05,0.00027342507,8.3807965e-05,2.1105392e-05,0.00022918553,0.00024854287,0.00017107648,0.00017271037,0.0003408508,0.00032040104,-2.2251295e-05,0.0008608994,-0.00025413546,-0.00014047847,-0.0011918658,9.818252e-05,-0.0006757278,0.0012149059,-0.00036828298,0.00013095481,-0.00021873985,-4.896507e-05,-0.00056592585,8.53089e-05,-5.0845905e-05,-0.00011598338,-7.979874e-06,-0.00027115556,-3.29054e-05,-0.00020675364,0.000104680614,0.00031102198,-2.4610637e-05,0.00014615041,-0.00094565685,-0.0004936038,-0.00024271011,-0.00017304404,0.0001342665,-4.7316742e-05,0.0003941336,-0.00036565124,-0.0004702524,-0.00069080683,9.6536416e-05,9.208786e-05,-2.8814162e-05,-0.00023995446,-0.00015775955,-1.824865e-05,-5.1083472e-05,-0.00016342764,4.9553193e-05,-0.00020913643,1.0897968e-05,-0.000154708,3.4023604e-05,0.00037991395,0.000122751,-0.00018361525,-0.00027172943,-0.00015424934,-0.000374998,0.00023380174,0.00047908621,-1.1285454e-05,-2.5952133e-05,0.00028990363,-0.00013057374,0.00038995905,0.00020073011,-0.0003983287,-4.182235e-06,0.0017558765,3.9351984e-05,0.0002456032,0.34238833,0.00012266167,0.00029151567,8.3568535e-05,-0.00028385455,5.354805e-05,6.787651e-05,-0.00013176067,0.00023003407,-0.00048016684,-0.00020601718,0.0009383446,-0.0003590183,-0.00014884949,-0.00015767345,0.00035997253,0.001006037,2.3575643e-05,-0.0011475969,-0.00018865147,7.977547e-05,-0.0005025269,8.638386e-05,-4.3189633e-05,-0.00020566645,-1.7110297e-05,-7.173374e-06,3.2992153e-05,-0.0006410017,0.000113949216,0.0001551234,0.00017880563,7.7780205e-06,-0.00013597147,-0.00013309853,-5.272992e-06,0.00024974786,-0.00019102084,0.00022286756,0.00092750206,-0.00011468974,4.4069962e-05,8.01268e-05,0.00028278882,9.068308e-05,0.0003345688,-0.00023927222,6.3499765e-06,0.00026066985,-0.0006911157,-0.0011799486,5.5253775e-05,0.00026385236,0.00033416876,0.00016360948,-0.00071092683,-0.00017247425,-0.0005369882,0.00054137135,-5.480631e-05,-0.00010358475,0.0001233847,0.0008453394,8.498374e-05,3.7648693e-05,-0.0006457034,-0.00052049046,0.00013914151,-0.0011132275,0.0013841637,-0.00060319464,0.0003920646,6.115281e-05,-0.0001677029,6.70467e-05,-0.00020998159,2.7869311e-05,5.3960764e-05,0.00023685809,-0.00036331717,-9.2056245e-05,0.00012829863,-0.0013824172,-0.00012367692,-0.00010011219,0.0002663732,-0.00019582409,0.0002884606,-0.00023883354,-2.607578e-05,3.0949745e-05,0.0001985955,0.00023343481,-6.6038956e-07,7.6867414e-05,0.00021028196,0.00011897252,0.0003585972,-9.083856e-05,-0.00026928098,-0.0001647765,-1.9945648e-05,-0.0002780719,0.000107979606,0.0001510312,-0.00032881845,-9.5726304e-05,-7.991578e-05,-0.00042240598,0.00026768324,0.00043399824,0.00043488393,-0.00045391495,0.00014136662,-0.0003512061,-1.7316583e-05,-8.052182e-05,0.0003285509,-7.127981e-05,-0.00041874705,6.5325694e-05,-0.0007451924,-0.00092121173,-6.54259e-05,-0.00025730624,-0.00012483796,-0.00036280707,-0.00056459924,-0.0001665133,4.040894e-06,0.00017252855,-0.0003279154,0.00012986941,-0.0009724949,-1.1776585e-06,0.00052074995,9.143527e-05,-0.0004734771,-0.00011557389,-1.1659207e-05,0.0002508373,-6.3019994e-05,0.0010002238,-0.0006409927,-1.0072654e-09,-1.9020263e-06,-0.00014037704,0.00013695828,-0.0004471655,0.00088146015,-0.000119122735,-0.0006039738,-5.2480904e-05,0.00039500647,0.0006729462,-2.4538316e-05,-2.6979438e-05,0.00093046465,-0.00014329469,-0.000102365804,-0.00011256503,-0.00024936255,0.0010521292,0.00017821098,-5.760564e-05,-0.00019060979,0.00041107007,0.00034031234,-1.4059546e-05,-0.00021259116,0.00045048367,1.635877e-05,-0.00010747709,-0.0009659127,-8.137584e-05,-0.0002750902,0.0005837926,-9.298999e-06,-0.00068903615,2.9482919e-05,0.0003996687,8.962854e-05,0.00044903532,0.00013084996,0.0006827975,-5.820604e-05,-6.5101296e-05,4.762981e-05,-6.300243e-05,-0.00034707188,-5.769406e-05,0.0005897658,0.0003016737,0.00034564617,0.0002145005,0.00013444682,0.00013459584,0.0001888579,0.00084178307,-0.00024102084,-0.000884849,-2.6451684e-05,-9.878722e-05,6.0285955e-05,0.00025992026,-0.00031645753,-0.000847347,5.2211988e-05,-0.0023668406,5.9627168e-05,0.00015824707,0.0001492261
-0.001700919,0.00036475333,0.00045941837,0.00045815366,0.0046695145,-0.0014981473,-0.001964263,0.0007207473,-0.0021944195,-0.00037658127,-0.0003790293,1.1153814e-05,-0.00011131682,-0.0006367632,0.0011473835,-0.00026567772,-0.0015722135,-0.0009103443,-0.0016054205,-0.00028799524,-0.0007327687,-0.000647157,-8.731158e-05,-0.002342759,0.00032055014,-0.00023226648,-0.000571344,-0.0002767786,0.0014557228,-0.0016529436,0.00022732149,-0.00030049487,-0.0016638718,0.0013319388,0.00074712053,0.00071690674,0.0013723434,0.00046139586,-0.0005038967,0.00022746876,0.00038839833,-0.0010006673,0.00015230422,-0.00028010822,9.5770716e-05,-0.0032903242,0.0017408242,0.00010997197,0.0026098075,0.00024599762,-0.00051626586,0.000311822,-0.002206166,0.00086681993,0.00062198937,-0.0018789414,-0.00034065382,-3.2413536e-05,0.00035247108,0.0010854906,0.00041845356,0.00056873466,-7.694682e-05,-0.00035344434,0.0042405133,0.00071293116,-0.00051392213,0.0006071977,-0.00044807483,-0.00139391,-0.00033022324,-0.0003132971,7.474439e-05,7.271978e-05,0.00076841615,0.0012243844,-0.0003037781,4.9806367e-05,0.0022852959,-0.000321947,5.1998562e-05,-0.0019377809,-0.0025402931,0.0014688632,-0.0005521637,-0.0027618662,-0.000544332,-0.0005996379,0.000101182006,0.34046844,-0.0009394549,-0.00032544826,0.00076637196,0.0020992274,-0.00044298157,0.0006842865,-0.00033522747,0.002153186,-0.00084239664,0.0011603043,0.0002446432,0.0012048715,-3.6152633e-06,-0.0010360908,0.0010530427,-0.00087774976,0.0019014733,0.0007410048,0.0003564164,0.00041327983,-0.00034300465,0.00032176854,0.0006838877,-0.00010873066,-5.9709233e-05,0.000101041434,0.0013404002,-0.00024622353,-0.0003420998,-0.00092324807,0.0016163505,1.366904e-05,0.00040480823,0.00042661792,-0.00060906867,0.0005945505,-0.00066912564,-0.0018961732,8.332518e-05,0.0001227859,-6.4545246e-05,-0.0008343846,-0.00015347553,-0.00013488837,0.0005400014,-0.00023709465,-0.0009427446,0.00039905505,0.0023303067,-0.00044354226,-0.0006358454,-0.00060111674,-0.0010059598,0.0020146833,0.0006344133,0.0011983879,-0.0007313889,0.00012968475,-0.00036687142,-0.00048282676,-0.0012575561,0.00075239746,-9.244862e-05,0.00025841448,-0.0020728288,-0.0007286213,0.0014552616,-0.002221715,0.0009831603,0.00017559262,0.0003012048,0.00018345412,-2.263158e-05,0.00040987472,0.0005875297,-0.0009187753,0.00093602017,-0.00029721836,0.00049294863,0.0020080241,0.0026552388,0.0011028439,4.0674662e-05,-0.00078850077,0.000126666,-0.0014716832,0.0013142659,-0.0001944774,-0.00054441125,-0.0002666997,0.0002469296,-0.00071377866,-8.654931e-05,-0.0022485827,-0.0010344293,-0.0022059774,0.00017206525,0.0008850068,-5.6057725e-06,3.0452158e-05,0.0007392347,-0.0015705418,-0.00012519678,0.0005610755,0.00036040042,0.0002362504,0.0010964775,-0.00083300075,0.0024705187,-0.002657607,0.0013191638,0.0010879876,0.0022180285,0.0003358853,8.7944194e-05,0.001002088,-0.00017591476,0.0007172995,-0.00019610544,0.0042360034,0.0014292041,0.0015464472,0.0007463559,0.0004349697,-0.00011010578,0.0007975053,0.00077837263,-0.00049176643,3.2927524e-05,-0.0005030938,-0.0005495627,0.0022917518,-0.00012739313,-0.0016252839,0.0007991211,0.0022821773,-0.00046406942,-0.00015742761,-0.0011540416,1.932035e-07,-0.0008750878,0.0024908874,0.0004566651,-0.0001262662,-0.00095634337,-0.00058831193,0.00062613963,-0.00044411406,0.00045643456,0.0010628694,0.0002838881,-0.0037818253,-0.0012067561,0.000142389,0.00062898657,-0.002478144,2.307812e-05,0.00022532503,0.00023666296,0.0011680708,-0.0019340788,-0.0003389754,0.0004636675,9.38265e-05,-0.000327263,0.00050263386,-0.0006396139,-0.0010885459,-0.00073360093,-2.822564e-05,-0.001115745,7.515811e-05,-0.00064716506,0.002081517,-0.00095928705,0.00053390366,0.00026755827,9.3168994e-05,-0.0015134485,-0.0002912461,-7.4446245e-05,-0.00028666784,-0.00091983785,-0.000104547034,0.00027257096,-6.9116286e-06,0.00036432117,-0.000467773,-0.00057967106,-0.0019199977,-0.00016924358,-0.00034328076,0.00010370616,-0.0005805887,-0.00013095832,-0.00040569587,-0.0005573394,-0.00018355122,0.00088822586,-6.6242676e-05,0.00050605065,-0.00059360126,-0.0018443101,0.0016164121,0.0007238927,-0.0008341442,0.005408879,-0.000641859,-0.000621268,0.0015851058
-0.0009665251,-5.2277e-05,-8.7731e-05,-0.0025316607,0.0020936138,-0.0006655732,-0.0008130587,0.0003028755,-0.0020999738,-0.00040348724,-0.0002636736,0.0001808313,-0.00022732838,-0.00058324845,0.0006333128,-0.0002953556,-0.00069601694,-0.0005305953,-0.00048067173,-0.0003051447,-0.0006106989,-0.0009342723,3.0654468e-05,-0.0022227862,0.00028445572,0.00048551196,0.0008927412,-0.0002601703,0.002245453,-0.002450635,0.0007773387,-0.00025610096,3.630249e-05,0.0002254553,0.0013270039,-0.00020932185,0.00072419527,0.00021771349,-0.00023290984,0.00044466014,0.00018250103,4.7759357e-05,-0.00027641316,-2.295557e-05,2.6142575e-06,-0.0014368197,0.0017906234,0.00061869965,0.0013906378,7.826175e-06,-0.0005626489,8.5411964e-05,-0.0016021538,0.0006548822,0.0009625504,0.0010626258,-0.00029705817,-0.00015540344,0.00019176056,0.00053303374,0.00042228986,0.0003928069,3.0475203e-06,0.0002956195,0.0010807026,0.00054797117,-0.00016039927,0.00039947534,-0.00015788725,-0.00082925457,-0.00028294852,-0.00010844275,0.00020993598,0.00017601467,0.0007505782,-0.00061403343,-0.00096963596,1.1983119e-05,0.00017752139,-0.0005665788,0.00014901771,-0.0011680481,-0.0011786022,0.0008735485,-0.0001492377,-0.0018458256,-0.0004395046,-0.00066467316,0.00022165467,-0.00030913585,0.34032992,-0.00022437797,0.0005866291,0.00014258061,-0.00021509951,0.00040737694,-0.00053415715,0.0015043233,0.000101772486,-0.001744227,0.00042423338,0.0012461419,-6.050863e-05,-0.0008643205,-0.0010308655,-0.0009563595,0.0014642371,0.00032933158,0.00053196715,0.0007157296,-0.0002567044,0.00010597653,0.0004424671,5.7100233e-06,-1.3378406e-05,9.039071e-05,0.0014864912,-0.00023021536,-0.0003658125,-0.0005317951,0.0007015466,0.0002212349,0.00017938142,8.2305836e-05,-0.00077082566,0.00034143994,-0.0006265381,-0.0010909665,0.0002270597,-0.0001189211,-0.00013873316,-0.00073129684,-2.104114e-05,-0.00079883484,0.0005982108,-0.00011083514,-0.0007406996,0.001841199,0.0036351294,-0.00013837975,-0.0008577531,-0.00036129207,-0.00024517043,0.0006729968,0.00041834882,0.0008938892,-0.00066472404,7.923629e-05,-1.37605375e-05,-0.00028160354,-0.0012596423,-0.00030957055,3.4224788e-05,0.0010611019,0.0016425016,-0.00044414244,0.0013199993,-0.0025247405,0.0010272824,-0.0007541213,-0.0006232058,0.00015645311,0.00041944016,-0.0003956301,0.00011568635,-0.00025430214,-0.0002038951,0.00037857972,4.474463e-05,-0.0001524716,0.0023636173,0.0005233685,0.00019056565,-0.00031547874,0.00029579454,-0.0009482233,0.0011549923,0.00013562938,-0.00012841917,-0.00070811744,5.8312482e-05,-0.00023802872,-0.00013548108,-0.00110172,-0.00044275465,-0.00077915785,0.00017503495,0.0006313502,0.00023071545,2.7266231e-05,0.00061483023,-0.00069531426,-0.00024633127,0.00064631033,0.0002047583,0.00022590383,0.0009330029,-0.00060423673,-0.00038777367,-0.0016188126,0.0011698034,0.00021149055,0.0006526326,-1.3104969e-05,2.7570311e-05,-0.000384313,-7.0475304e-05,0.0006348895,-0.00013099435,0.0014623051,0.0017341162,0.00079478894,0.0005796647,-0.0010937608,0.0002006379,0.0010026997,0.0003750818,-3.2348213e-05,-0.0001900164,-0.0004735655,-0.00037861516,0.0023004143,3.4204e-05,-0.00087979785,4.5850153e-05,0.0016773485,0.00012451556,-0.00013105398,-0.00089743023,6.314523e-05,-0.0017147276,0.0020907104,-0.0001263121,-0.00017165538,-0.00012310222,-0.00019960798,0.00073147204,-0.001736544,0.00030520183,0.00074167177,0.00019696142,-0.001612475,-0.0013300314,-2.6143976e-05,0.00074354507,-0.0021043168,0.00017396291,0.00020512825,0.00050323806,0.0003604117,-0.002377509,-0.00018403943,0.00031391595,0.00022427252,-0.0005466491,-2.2420047e-05,-0.00018922907,-0.00022824071,-0.0010255312,-1.0752801e-06,0.00035357213,0.0013648095,9.585482e-05,-0.00021501868,-0.00073671417,0.00047615138,0.0012701721,-8.544746e-06,-0.0009145014,-0.00021491115,-0.0010343657,-0.00016816729,-0.0010535333,4.8965972e-05,0.00019555533,-0.00010950313,0.0004638475,0.0007250045,-8.153159e-05,-0.00080055103,-0.00036206096,-0.0007732478,-0.00024041702,-0.00029923505,-0.00024258577,-0.0003526925,-0.00068781327,0.0004930793,0.0016666371,0.00056915096,0.00036104384,-0.00030751908,-0.001238186,0.0009554156,0.0019240855,-0.0004251845,0.0055239457,-0.00043746256,-0.00035350875,0.0003997981
-0.00067179743,-0.00060572656,-0.0003581807,-0.0022290966,0.0029367094,-0.0012117379,-8.230031e-05,0.00045398803,-0.0008401924,-0.00024535484,-0.00020200998,6.1341285e-05,-9.3748655e-05,-9.142103e-05,0.001271306,-0.00033039792,-0.00025412947,-0.00018039955,-0.00074797263,0.00011113972,-1.6295191e-05,-0.00035801786,-0.00016402731,-0.0011560372,-9.27579e-05,8.988186e-05,-0.0014096956,-0.0001240487,0.00092809735,0.00026121587,0.0008666616,-7.478699e-05,-0.0010384165,0.00069832266,2.526084e-05,0.00036244013,0.0013626269,-5.8187128e-05,-0.00045980382,-0.00021269912,0.00024639358,-0.00040434187,-0.00018524901,0.00044791118,5.7891106e-05,-0.002293237,6.551723e-05,-0.0006622145,0.0012392469,-8.6208485e-05,-0.0002811114,0.000101717196,-0.0014718369,0.00013302668,0.00013349202,-0.00095743674,-1.082585e-05,0.00012091431,0.00019073037,0.00030871038,2.1263297e-05,0.000556842,-0.00014198666,-0.0005822386,0.0023356287,0.00033356124,-0.0003881112,0.00025217238,-0.00017280245,-0.0007298244,5.7711608e-05,-0.0007439696,0.00028480365,-0.00016245157,0.00017238596,-0.00029671547,0.00017831696,1.0150819e-05,0.0005588402,5.8591104e-05,-0.000105213585,-0.0010152904,-0.0016302064,0.00035247797,-0.0004376283,8.5528496e-05,-0.00066381635,-0.00085289375,9.4346746e-05,-8.988688e-05,-0.00047002026,0.34139472,8.8972825e-05,0.0010110675,-0.0002064498,0.00025069542,3.9920167e-05,0.0014127224,-0.0007101303,0.0011062981,-0.0005085474,0.0014089398,-0.00025991313,-0.00043291616,0.0018208927,-0.0012828626,-0.00085002714,0.00013927385,0.00047948572,-0.00036725745,-0.00012650772,8.745697e-05,0.00038034367,-9.319892e-05,-2.6705038e-07,7.5234175e-06,0.00036454512,2.5414814e-05,-8.023431e-05,-0.00044541177,0.0013656357,-0.00026590956,0.0002101685,0.0003626013,-0.00036094288,-0.00011575276,-0.0003763146,0.00028585774,-4.4492448e-05,-0.00010640833,6.2077685e-05,-0.0005364582,0.00012454888,4.0194565e-05,0.00028256341,-0.00024695694,-0.0003498154,0.00026087288,0.0018001217,-0.0002468092,-0.0006782631,0.00013050443,0.00014958295,-0.0020465076,7.9137426e-05,-0.00032400741,5.6396617e-05,1.5664458e-05,-0.00045886842,-0.00016531073,0.00052178267,0.00014813102,0.00026445297,-0.00014657543,-0.0016773276,-4.0717652e-05,4.537401e-05,0.0004188798,-0.00016072259,0.00041096134,-0.00015384541,-0.00010906418,0.0008867785,0.00033343586,4.8672828e-05,-0.00074353017,0.0007093087,-0.000660564,-6.4970877e-06,0.0020133087,0.00011024414,0.00037996392,-0.00015783086,1.2419827e-05,-0.00013778279,-0.0010659758,0.0013040968,0.0003046063,-7.031592e-05,-0.00042808146,0.00079805666,-0.00042809529,1.2683127e-05,-0.0012077485,-0.00065592217,-0.0007480178,-0.00012026874,0.00034040987,-0.00025598746,1.3843534e-05,-0.00034524925,-0.0010432148,0.00020226388,-3.180763e-05,6.3805026e-05,5.937105e-05,0.0001752233,-0.00025291974,0.0017078769,-0.0010051575,0.00049154426,0.000751323,0.00051169103,-0.0002363972,-1.6578399e-05,0.0004559634,-0.0003260642,0.00017258838,-0.00016442807,3.00432e-05,0.00031369805,0.000632943,0.00010591846,-0.0015343999,-0.00028312308,-0.00016746606,0.00024282504,-0.00034283398,0.00032225234,-0.00066169887,-0.00014401971,0.0006191189,-4.616095e-05,-6.895216e-06,0.0007567652,0.0015410957,-0.0002764987,-5.693875e-06,-0.00074418774,-2.3063101e-05,0.0005833392,0.0013234828,0.00021758482,-6.0521823e-05,-0.0008780865,-0.000102611666,0.00024075001,-5.5627468e-05,0.00011700361,-0.0007163637,0.0001345454,-0.001624938,-0.00021809137,0.00020462493,0.0010925469,-0.00081810245,-0.000102880666,-6.366235e-06,0.0006506461,0.00021714294,-0.0006257468,-5.0743074e-05,0.0002457376,-0.00034723975,0.00027268278,0.0007944171,-0.00052696315,-0.0011661849,-0.00033598405,8.91543e-05,-0.00035810386,-0.0007125765,-0.00039370585,-0.00024733425,0.00047111817,0.00089857494,-0.00010732304,0.0001113476,-0.000431163,9.1786584e-05,-0.0001868647,-0.00019950782,0.00037001196,-8.574789e-05,0.00011915653,0.00012841045,0.00059338065,-0.00027091947,-0.0003874821,0.0008322372,0.00027633787,-5.8578997e-05,0.000512198,-0.00035563187,0.00012828258,-5.1490104e-05,-3.0078438e-05,0.0005023469,-0.00048521048,0.00046360653,0.00019223733,-0.00037864115,-0.001137309,0.0009004161,0.00074420875,-0.00069199625,0.002365791,-0.00078858197,-8.950089e-05,0.00060553453
0.00159094,-0.0011096827,-0.00063865853,-0.00093152025,-0.0033218442,0.0011026672,0.0024098016,-0.00056396704,0.0025404717,0.00025437793,0.0003917041,-0.000105223335,3.1373223e-05,0.0009584024,-0.00065206527,0.00013155931,0.0017137617,0.0008368988,0.0010825691,0.00046298484,0.0010577869,0.00083280844,-8.525195e-05,0.0028950921,-0.00048358276,-1.15999155e-05,-0.00033946845,0.0003616707,-0.0019587525,0.0028785935,0.00034305375,0.00043249197,0.00043964174,-0.00073235505,-0.0016323382,-3.695608e-05,-0.00036471532,-0.0006949479,0.000110240406,-0.00072041014,-0.00028899495,0.0007981214,-0.00020769102,0.00060926523,-6.468456e-05,0.0022401882,-0.0024204273,-0.0009496837,-0.002515401,-0.00048204744,0.00073419826,-0.00023670141,0.0016930172,-0.00097156723,-0.0010759436,0.0007702186,0.00057328417,0.00022938357,-0.000239058,-0.0010790607,-0.0007021174,-0.00040608863,-0.00022030163,-0.0005802207,-0.0028308283,-0.0008304886,0.00016406811,-0.00064492197,0.00039854704,0.0008963946,0.0005995452,-0.00018378551,0.00046447228,-0.0003564811,-0.0010472403,-0.0012146069,0.0010672373,-8.914137e-05,-0.0020306525,0.0008377467,-0.00023819163,0.0014500314,0.0016269963,-0.0015779628,0.00010520075,0.002964279,-1.9018657e-05,1.4561254e-05,-0.00034652263,0.0006275154,0.0009515126,0.00036023196,0.33983785,-0.0013184642,0.00036792978,-0.00062014896,0.00084763067,-0.0016495818,0.00010723703,0.0015147257,-0.0009780594,-0.0007663039,-0.00019763276,0.0008580654,0.0008774743,0.00038187628,-0.0027040155,-0.00069934,-0.0004143476,-0.0011234373,0.0003710156,-0.00032914575,-0.0004771052,-1.536315e-05,1.3812658e-05,-0.00029489922,-0.0017328792,0.000391202,0.00034656053,0.0007770898,-0.00069669395,-0.00041846687,-0.00043895998,-0.00033135983,0.0008050918,-0.0009610584,0.0006755046,0.0023586692,-0.00035023797,-6.889909e-05,0.00021684275,0.0007588327,0.0001913186,0.0006446357,-0.00066805544,6.208925e-05,0.0011317875,-0.0014109192,-0.002662402,0.00017944301,0.0005539315,0.00079721183,0.0014798824,-0.0014133421,-0.00071044377,-0.0020245803,0.00044256682,-0.00012706386,1.0992993e-05,0.0005339742,0.0020324679,-0.00036422594,0.00014675978,-0.00081492204,-0.00025657014,0.001058025,-0.0015925007,0.0034622997,-0.0015312554,0.0005072248,0.0002189864,-0.00037527204,0.000418554,0.0010349986,-0.0005375282,0.00013017035,-8.52759e-05,-0.00043427065,-0.0005691412,-0.00017241226,-0.0033754862,-0.0009671536,-0.00032190428,0.0007694378,-0.0004083745,0.0009957504,-0.0008686769,0.000581037,0.0006000117,0.0003138378,0.00036319552,0.00050190865,0.00018175444,0.0018537571,0.0006508064,0.0018615266,-0.00041869655,-0.0010069218,-0.00031792858,-2.7259257e-05,-0.001468973,0.00085751526,0.00040742825,-0.0010798512,-0.00033044745,-0.00039104663,-0.0015424815,0.00095261814,-0.00034412654,0.0028895438,-0.0015352374,-0.00065995846,-0.001887524,-0.0006784649,-0.000118186465,-0.000463061,-7.303365e-05,-0.0009631394,5.824552e-05,-0.004405125,-0.0018447596,-0.0017327251,-0.000877972,-0.0014180396,-0.00016523812,-0.0015276591,-0.00073232147,6.303647e-05,0.00023272118,0.0008529981,0.00062255963,-0.0029800215,9.068058e-05,0.0019027074,-1.7417438e-05,-0.0016512569,0.00013331904,0.00014713986,0.0008688436,-2.8947343e-05,0.0020918623,-0.0026622713,-0.00023932762,0.0004610788,0.0001808367,0.00057043694,-0.0005688859,0.0007999207,-0.0005245522,-0.0019930322,-0.0003338771,0.00287684,0.0016480281,6.987825e-05,-5.698912e-06,0.002709315,-0.0002104498,-0.00033467106,0.00015573272,-0.000999518,0.0027121857,0.0002493553,-0.00045461656,-0.00054320035,0.00086503656,-0.00010434014,0.00017861158,0.0003457602,0.0009348653,4.2891013e-05,0.00046736136,-0.0010681398,0.00012494352,-0.00201558,0.0016499655,0.00014027668,-0.0008850491,6.64687e-05,0.0015689402,0.0005181605,0.00036772212,7.2299656e-05,0.0016632265,1.0421541e-05,-0.00030703717,0.00018762797,-0.00020437426,-0.0002829186,0.00034132192,0.0028757176,0.0005892919,0.00079379615,0.00056991086,0.00029237574,0.00045442293,0.0005905156,8.050516e-06,0.0003683394,-0.0021279082,6.3600337e-06,-0.0005101577,0.0004351554,0.0015754062,-0.0011678153,-0.000994799,0.00046278085,-0.0051152147,4.7718568e-05,0.00083117484,-0.0015590934
0.0017809586,0.00035050284,-6.0466882e-05,0.00059001555,-0.0061862417,0.0023600205,0.0013555022,-0.0009703965,0.0016729329,0.0004928002,0.00049816363,0.00014311155,0.00014517998,0.00045075332,-0.0023927793,0.00048766652,0.0012368531,0.00066748314,0.001981396,-9.821368e-05,0.00036799346,0.00056860055,0.00035050797,0.0022340876,0.00023276763,0.000360734,0.0032750578,0.00038134572,-0.00101376,-0.0006339433,-0.0007287127,0.00024841065,0.0028933904,-0.0019549015,3.7345002e-05,-0.0011910644,-0.0025349117,-0.00026534076,0.00089934265,0.00038995055,-0.0005349777,0.0015927701,-0.00013083949,-0.0001769693,-0.00021749586,0.0043997914,-0.00037166872,0.0010655259,-0.0034488284,-0.00036150092,0.0005452033,-0.00021276159,0.0027600923,-0.0004809723,-9.725547e-05,0.0036630728,0.00012897958,-0.00019254653,-0.0002721292,-0.0010949806,-0.00023957413,-0.0009685414,0.00022923813,0.0012608798,-0.0061431895,-0.00057270844,0.00087469467,-0.0006775221,0.0006050001,0.001522192,0.00013551464,0.0012169465,2.640071e-05,0.0002040811,-0.00045119206,-0.0013798692,-0.0005522868,-0.00015882886,-0.0028295093,-0.00013194946,1.664139e-05,0.002406613,0.0037761065,-0.0011603213,0.00081121596,0.0009865175,0.0011923028,0.001032143,0.00012987008,0.00047169192,0.001076247,0.00030183882,-0.0005838236,0.33628234,0.0005735844,-0.00066626456,-3.0687213e-05,-0.0027391987,0.0017394193,-0.0037379167,0.0007027932,-0.0023850019,0.00033582698,0.0011153882,-0.0039100638,0.0018710834,0.0006867916,-0.00063572166,-0.0004921804,0.0004902365,0.00040518836,-0.00044778356,-0.00083705294,0.00021239101,0.00014278415,-1.1598281e-05,-0.00066426396,9.5795804e-05,0.00021692133,0.0011336607,-0.002664443,0.00043472744,-0.0004933043,-0.00079916604,0.00056478643,-0.0001359615,0.0007564686,0.0005204473,2.7852995e-05,5.8372807e-05,-0.00010114369,0.0008433614,-2.4731176e-05,-0.00048840226,-0.00051554735,0.00042178153,0.0009710326,0.00047174233,-0.0017258087,0.0006063449,0.0006450565,0.00011432936,0.0006263161,0.0041701747,-0.00048625673,-0.00012458311,-0.0006977452,-0.0001361385,0.0009293946,0.0005819072,-0.000540692,-0.0010934512,-0.00020748893,0.000782526,0.005496084,0.00053970894,-0.00040227242,-0.00037639207,7.098649e-05,-0.0012092859,-0.00038759623,6.209486e-05,-0.0007961131,-0.0013935792,-0.00055027,0.0017758698,-0.0019699105,0.0013809843,-0.00054478477,-0.0049137725,-0.0010806919,-0.0012115185,0.00025300114,0.00047796048,0.0002435808,0.0019331527,-0.002133409,-9.654937e-05,0.00056237075,0.00035851967,-0.0012227475,0.0011588592,2.708254e-05,0.0028549694,0.0015119662,0.002338289,0.00015974323,-0.00094699673,0.00037738113,-0.00010173645,0.00023842596,0.0023929572,-0.0002080852,-6.3569416e-05,-0.00031405353,-8.438443e-05,-0.0006789982,0.00083583803,-0.004692528,0.0028343594,-0.00120365,-0.0018877044,-0.0020223127,-9.997411e-05,-7.376156e-05,-0.0018181541,0.00055675075,-0.0004969531,0.0002910033,-0.0022719544,-0.00043393997,-0.0016927823,-0.0005268829,0.00044818854,0.00015206366,3.0132607e-05,-0.0008619466,0.00076386164,-0.00079211424,0.0011117348,0.00047736827,-0.0014719921,0.00019363487,0.0008920066,-0.0016186519,-0.0028191654,0.0008483795,2.9793679e-05,0.0014668221,8.326639e-05,-0.0011015869,-0.0027803606,-0.0007584992,0.00020877154,0.0019434732,0.0005744059,-0.0004300543,-0.0008226459,-0.0004804484,0.00028067443,-0.00030243347,0.0044193324,0.00046158693,-0.00036913398,-0.0013462248,0.0017252617,0.00021235149,-7.4524134e-05,-0.00072039064,-0.0011160836,0.00072300277,0.00030016064,-0.00061703887,0.00048250236,-0.00048315723,-0.0016547343,0.001153695,0.0023100546,0.00039991376,-0.000117655676,0.0018004037,0.0019327193,0.0011327679,-0.0016978626,-0.00019331081,-0.0013486265,0.00082821393,-0.00025815715,0.0013487403,0.00017016893,-0.00038477517,0.00039594693,-0.0004102307,0.00014190526,-0.00023731141,-0.00020024201,-0.00075657904,0.0012315216,0.0011018025,9.851725e-05,-0.00038569636,-7.03979e-05,-0.000905688,0.0007530747,-8.833841e-05,0.00022350792,-0.00014205655,-0.00025588064,0.0010569821,-0.00021042892,-0.0004748432,0.0009167712,0.00249853,-0.0020150316,-0.00033633388,0.0013921291,-0.0037693551,0.0012645115,0.00038161705,-0.002011912
-0.00068444095,0.00022215508,-0.00019532017,-0.0011671772,0.0028062593,-0.00155837,-0.0006009904,0.00047490196,-0.0010596481,-0.00013338553,-0.00021968459,6.317552e-05,-0.00011787931,-0.00013453112,0.0013554136,-0.00030926347,-0.00058528694,-0.000147584,-0.00064429996,8.149537e-05,-3.348599e-05,-0.00040157788,-0.000103161154,-0.0011286377,-0.00013551961,2.6424903e-05,-0.002046372,-0.000137274,0.001154393,0.00018328418,0.00024359867,-0.00010348154,-0.0009326342,0.0006753062,0.00015890456,0.00023868027,0.0010971052,6.609631e-05,-0.0004133367,-0.00017498755,0.00018633773,-0.000733121,-2.5721423e-05,0.00032737025,9.068929e-05,-0.002673185,-0.00010214844,-0.0005584499,0.001657997,4.3010405e-05,-0.0003703325,0.00013259746,-0.0013155765,2.566307e-05,8.22315e-05,-0.001501358,-0.00013779639,9.1326016e-05,0.00015514767,0.00034221265,6.645955e-05,0.00057878764,-0.000109198045,-0.0002871839,0.002935506,0.00029765168,-0.00032057767,0.000297385,-0.00023944041,-0.00035942852,-1.0697511e-05,-0.0006524669,-0.00029060338,-0.00014140274,0.000107022344,0.00026721632,0.0001185658,7.034878e-05,0.0010302934,-3.4658966e-05,6.6759417e-06,-0.0009127424,-0.0016923517,0.0004039924,-0.00041068904,0.0004783133,-0.0005428515,-0.00038827112,3.1638083e-06,-0.00013294721,-0.00044032666,-0.00012010649,0.00016581512,0.0012952434,0.34141445,0.00027348232,2.0280815e-05,0.0013014614,-0.0007159999,0.0010520961,-0.00038873707,0.0014791867,-0.00032458088,-0.00022150576,0.0018285022,-0.0011744335,-0.00087200373,0.00016795887,0.00073402864,-0.00033762577,-0.00010499526,0.0002207766,0.00032169768,-9.4530034e-05,-8.670178e-05,-5.826893e-05,0.00029457125,2.0262694e-05,-0.00013052876,-0.00042834342,0.0011960438,-0.00015783022,0.00013947503,0.00038017993,-0.0003861669,7.94383e-05,-0.00034581745,0.00037371283,-2.9890562e-06,-4.0306062e-05,6.689967e-05,-0.0003935123,0.0001326558,7.2265626e-05,0.0002634434,-0.00021532392,-0.00042087547,0.00019432291,0.0015396719,-0.0003490053,-0.00028253088,7.274015e-05,-0.00028327614,-0.0023370092,7.709242e-05,-4.1891195e-05,0.00047126267,6.7353135e-06,-0.00039426933,-0.00017432978,0.0005248653,0.00017699266,0.00020289047,-0.00039446465,-0.0013819535,-0.00022068608,-0.00034910353,0.00031342194,-0.000121534256,0.00044098764,-0.00036323263,-0.000142266,0.0006367642,-0.00040898516,0.0002086669,-0.0006661631,0.0007357568,-0.0006817861,0.00017073385,0.0016005667,-1.0088557e-05,0.0004902545,-8.251371e-05,3.376686e-05,-0.0001488419,-0.00081446965,0.0011329628,4.4346958e-05,-0.00021744183,-0.00031205156,0.0006555345,-0.00048941537,4.730551e-06,-0.0013339091,-0.0005279077,-0.0006302811,-2.9660237e-05,0.00038169627,-0.00017343422,4.2030777e-05,-1.3553312e-05,-0.0009568847,0.00015064633,-8.450171e-05,6.0568636e-05,-2.9961322e-05,0.00025114752,-0.00030436314,0.0018319793,-0.0014580479,0.0004971054,0.0009170401,0.0005878699,6.799509e-05,1.9607654e-05,0.0006964376,-0.00027472,0.000112077556,-0.000110124885,0.0005359169,4.76644e-05,0.001148244,0.00020103976,-0.0008936114,-0.00041760076,-0.00012026814,0.00030271735,-0.00018440331,0.00029734397,-0.0012646847,-0.00016277444,0.0006443854,-5.520544e-05,1.5927539e-05,0.00060389435,0.0012153446,-0.00027695252,-0.00013759962,-0.0006500155,-1.8995543e-05,0.00044337934,0.0014120095,0.00014158728,-0.00015538656,-0.00079811143,-6.957436e-05,9.469808e-06,0.00035667908,9.1543676e-05,-0.0003442885,0.0001458906,-0.001674135,-9.07345e-05,9.466538e-05,0.0010161855,-0.0007721485,-0.00010997408,2.756185e-07,0.00037823012,0.00018573483,-0.00066214276,1.4908683e-05,0.00017157584,-0.00028319372,0.00028808345,0.0010642522,-0.00043529805,-0.0013103839,-0.00019963806,7.676108e-05,-0.00041045583,-0.0010450036,-0.00030097837,0.00015498523,0.00040612702,0.00065976614,-0.00034575968,8.6738844e-05,-0.00038482493,-1.5203159e-06,5.628693e-05,-7.409297e-05,0.00029330957,-6.5116925e-05,9.172395e-05,0.00011721065,0.00048805555,-0.00030098303,-0.00046232296,0.0002649378,0.00030806454,-6.948615e-05,0.00036650026,-0.00017812561,7.45847e-05,-2.7707629e-05,0.0011276581,8.9877896e-05,-0.0003722171,0.00040330473,0.0001572588,-0.00037364935,-0.0012127695,0.0007245839,0.00024235758,-0.00061103224,0.0022778846,-0.00046570526,-0.00017056025,0.00119748
0.001367596,0.00027546758,-0.0001479313,0.0014939765,-0.0044262614,0.0015991104,0.0011547081,-0.0006567528,0.0017811143,0.00041428674,0.00032830102,5.546458e-05,0.00021620827,0.00043917887,-0.0014345836,0.000384148,0.000954195,0.0006432661,0.0012374282,9.276936e-05,0.00042943575,0.0007200133,0.000227044,0.0020762181,-4.3076026e-05,2.5701294e-05,0.0012916448,0.00032613485,-0.0015365664,0.000823893,-0.0007527198,0.00023236808,0.0016326455,-0.0012054937,-0.00044571396,-0.0006307957,-0.0017079414,-0.00016406366,0.0006079038,7.9879945e-05,-0.00035334367,0.0008055378,6.229966e-05,-7.8681536e-05,-0.00015218332,0.0030293232,-0.0009288952,0.00040377514,-0.002426205,-0.00014630635,0.00040995158,-0.00016418681,0.0021112314,-0.0004953417,-0.0004051067,0.0015345687,0.00016421056,-8.189803e-05,-0.00018286664,-0.0008035397,-0.00038014236,-0.00065111957,0.00011894149,0.0007842869,-0.0037628575,-0.00041931897,0.00051139336,-0.0005034894,0.00035602535,0.0012704252,0.00014228656,0.00070350687,-0.00011292629,8.996973e-05,-0.0005646097,-0.00048274745,-1.0728026e-05,-9.138203e-06,-0.0015823549,0.00014699977,2.838553e-06,0.0017479854,0.0026017183,-0.0010237843,0.0005140018,0.0013952152,0.00084558886,0.0009075267,-7.307198e-05,0.0003090212,0.0008614145,0.00019041201,-0.0004581458,-0.002024121,0.00031617188,0.34109086,0.00015404259,-0.0021148492,0.0009113153,-0.0015668448,0.00025855628,-0.0017390555,0.00021662969,0.00093303155,-0.0017527369,0.001382985,-0.000394333,-0.00045821557,-0.00050905964,4.5104316e-05,0.00024000647,-0.00029385486,-0.0006586356,0.00010708643,7.627285e-05,9.037587e-05,-0.0009287834,0.00011124312,0.0002290583,0.000751907,-0.001707662,0.00019292484,-0.00035592171,-0.00043474385,0.0005459662,-0.00017530916,0.0006735042,0.0007331672,1.0348433e-05,3.923809e-05,3.694002e-05,0.0007103335,-8.0871723e-07,3.3273835e-05,-0.0004902217,0.00027443052,0.00069146237,-0.00048774586,-0.0025231943,0.00042921508,0.0007211299,0.0002068417,0.0004342516,0.0024360197,-0.00038680105,-0.00039882795,4.764054e-05,-9.13662e-05,0.0005071586,0.00036980218,0.0002743031,-0.0005100608,-0.00015959628,1.146369e-05,0.0023227308,0.00037228712,-0.0011032515,0.0010761509,-0.00040242402,-0.00028182214,-3.5585726e-05,-1.7915921e-05,-0.0006357379,-0.00078286935,-0.00036394256,0.0011347802,-0.0010216956,0.0006134003,-0.0003455346,-0.0026416902,-0.0017009398,-0.00087488414,7.4985364e-05,0.0003905959,7.812799e-05,0.0013967981,-0.0017439878,-0.0001813358,0.0003058904,0.00041400205,-0.0006864116,0.00067678356,2.810487e-05,0.0020390116,0.0010267876,0.001662687,5.720073e-05,-0.00070924254,0.00014224336,-0.00010330967,-9.2846596e-05,0.0015931602,-5.466892e-05,-0.00015270799,-0.00021303468,-9.656786e-05,-0.00066962035,0.0006323442,-0.0024076453,0.0020657675,-0.001075491,-0.0010435618,-0.0014130156,1.1726508e-05,-8.285507e-05,-0.00081756135,0.00032241523,-0.0005187162,0.00028445112,-0.0018237582,-0.0009821384,-0.0012971958,-0.00048679305,0.0008015145,-7.753289e-05,-0.00028863663,-0.0005926351,0.0004800707,-0.00041647084,0.0007371018,0.00040778023,-0.001783829,4.0936706e-05,0.000814621,-0.0009889472,-0.0023075284,0.00041427193,6.2507934e-05,0.0011414357,2.8914696e-06,2.4542505e-05,-0.00232122,-0.00041640122,0.00014649433,0.0011395154,0.0004017051,-0.0006130713,0.00023145402,-0.0003865762,-0.00022584786,-0.00016204752,0.0031830594,0.00076106447,-0.00021807244,-0.0010393169,0.0018187376,7.497331e-05,-6.366326e-05,-0.0006044436,-0.00073845556,0.0012822968,0.0003692634,-0.00042995575,0.00023644618,-8.4589454e-05,-0.00086678035,0.00076921843,0.0012983236,0.0006538785,1.2759186e-05,0.0008556969,0.0004426623,0.00064303994,-0.00089406956,0.00017115603,-0.00096734066,-6.6227585e-05,-0.00018001658,0.0010829379,0.00013919151,0.00019683306,0.00026570776,0.00026475912,7.3758485e-05,-0.0001843338,-0.00010836166,-0.0006238009,0.00040628028,0.0006248285,0.00045182736,-9.6806354e-05,0.00027291614,-0.00043946528,0.0005646442,3.265039e-05,0.00023478545,0.00025725344,-0.0003912894,-0.0001429152,-0.00031930418,-0.00038731797,0.0005766736,0.0018867227,-0.0014854631,-0.0010060045,0.00094179844,-0.0047783637,0.0009419326,0.0003779431,-0.0012210967
-0.001047023,0.001310808,0.00010811277,0.00019536221,0.002267167,-0.001719937,-0.0017902288,0.0004938935,-0.002161979,-0.0003312623,-0.00028492985,0.00016327236,1.6705872e-07,-0.00061124016,0.0011234557,-0.0002193968,-0.0014008834,-0.00036760294,-0.0004093339,-0.0002935749,-0.000576673,-0.00081779674,0.00011178595,-0.0027287556,0.00029884203,0.00018533577,-0.0010017952,-0.0002324885,0.0023084644,-0.0020387564,-0.0005705571,-0.00027918685,-0.0001514941,0.00038060625,0.0013971783,-0.0003238157,0.0004509908,0.000396736,-0.00016066068,0.0004149568,0.00010429593,-0.0009919563,0.00020109018,-0.00015428095,-3.143278e-05,-0.002315511,0.0012393717,0.00045219617,0.0023367878,0.0003421307,-0.000766474,0.00015905964,-0.0013807899,0.00043146434,0.00072522793,-0.00097109587,-0.00045296177,-0.00011000144,0.00012697733,0.0006646198,0.00041631647,0.000512981,9.781939e-05,0.0007197857,0.00314762,0.00030831926,7.4673517e-07,0.00051490165,-0.00031523622,-0.00010562371,-0.0004672823,-0.0001341555,-0.000950613,0.00023005712,0.00073405326,0.00074751215,-0.0008563343,0.00011542107,0.0015952123,-0.00056692417,0.0002660685,-0.0009493637,-0.001753149,0.0010767564,-0.00012547197,-0.00070646626,0.000121975034,0.00021087946,0.00014592639,-0.00039860333,-0.0006343688,-0.00028856166,0.0006502625,0.0009732891,-0.00026349304,0.00051279285,0.34113422,0.0013375612,-0.0001233338,-0.0010243646,0.00054280274,0.0011792053,-0.00016261217,-0.00016869251,-0.00014277876,-0.0007729542,0.0007982996,0.0003281922,0.0012915414,0.00056670036,-0.00026695634,0.00020634675,0.0003223925,1.1153488e-05,-3.5795907e-05,7.109766e-05,0.0010647986,-0.00024127065,-0.00024389995,-0.0005010521,0.000514049,0.00027859048,0.00020889624,0.0004130032,-0.0007367031,0.00079688197,-0.0005299985,-0.0008793704,0.000305814,-0.00017681901,-0.0001648381,-0.0005075055,1.7416944e-05,-0.0005647029,0.00051826704,-4.95388e-05,-0.00084041554,0.0012300815,0.0025905499,-0.00013298742,-0.00035239168,-0.00037245578,-0.0013854319,0.0008260621,0.0004489444,0.0013081538,0.00027364644,0.00011954737,-9.096686e-05,-0.00035108463,-0.0010049816,-4.5269295e-05,5.8934933e-05,0.00025155715,0.0011883919,-0.00078267156,0.0002917557,-0.0021066116,0.00089503813,-0.00033892307,-0.0007894081,0.00010769364,5.2685537e-06,-0.0019529564,0.00041348688,4.7068545e-05,6.818578e-05,7.812136e-05,0.0005269692,2.503088e-05,0.0019997898,0.0005763965,0.00017474404,-0.00023344316,0.00020472212,-0.0007198823,0.00082444353,-0.00058321015,-0.0004560437,-0.00035150247,-5.7910926e-05,-0.00042671958,-0.00013794248,-0.0015198771,-0.00040200798,-0.0009863185,0.00025983708,0.0007446536,8.936199e-05,-2.9261508e-05,0.0013075478,-0.00057220366,-0.00027897122,0.0006289896,0.00030513984,0.00016138141,0.0011033247,-0.00068510015,0.0001459205,-0.0023424767,0.0011186366,0.00080382865,0.0009472256,0.0006771138,8.886399e-05,0.00047809834,1.0884258e-05,0.0007182334,0.00014163763,0.0026123603,0.0007720485,0.001777329,0.00052741286,0.0007599987,-0.0004324059,0.0009717338,0.00035980713,5.1847746e-05,-9.965802e-05,-0.0016087017,-0.00037325706,0.0021995606,-2.8781047e-05,-0.00078541966,-7.360354e-05,0.001220418,-4.21578e-05,-0.00012441579,-0.000647978,5.72509e-05,-0.0014868585,0.002271042,5.666464e-05,-0.00045369813,-0.00017553961,-0.00024582804,0.000140183,-0.000102088234,0.00024213281,0.0013078233,0.00029566977,-0.0018029021,-0.00078664976,-0.00026635715,0.00047840952,-0.0018546594,8.620051e-05,0.00019772425,-8.439725e-05,0.00038064466,-0.0020890431,-2.6299418e-05,0.0002910689,0.00029245229,-0.00046628207,0.0007734992,-6.0758444e-05,-0.00039437815,-0.00045060166,-6.609373e-05,-3.5141322e-05,0.00010331267,7.9930374e-05,0.00092229055,-0.0007398769,-4.020371e-05,0.0003775129,-6.339553e-05,-0.0009288378,-0.0003204798,-0.00021466905,-4.8620437e-05,-0.0009455094,-2.3328856e-05,0.00018555202,-0.00014245979,0.00028313856,0.0003492037,-0.00037326993,-0.0018051952,-0.0001987114,-0.00054591586,-0.00042911302,0.00019052254,-0.00029377968,-0.00030435537,0.0019690131,-0.00042822512,0.0014880754,0.00040175815,0.00032718238,-0.0003503139,-0.0014016025,0.00069360033,0.00043667998,-0.00034717607,0.003825118,4.573514e-06,-0.000528096,0.0018519864
0.0013307253,0.0011274539,0.00023391291,0.0029840965,-0.00464753,0.0017551773,0.00035542337,-0.0007565243,0.0016076312,0.000562101,0.0003939837,2.0140844e-05,0.0002596301,0.00033463587,-0.0018866607,0.0005307135,0.0005983277,0.000522636,0.0015203614,-2.01786e-05,0.000249205,0.0006512502,0.0002311056,0.0018944333,0.00010895986,-4.4041863e-05,0.0020614173,0.00022135301,-0.0013876609,-0.00011878241,-0.0014216502,0.00015453916,0.0020244431,-0.0013711145,-6.481901e-05,-0.00088634883,-0.0022779915,-1.2270757e-06,0.0008493223,0.00040028308,-0.0004040553,0.0007234783,0.0002780408,-0.00051233027,-0.00012641269,0.0033261958,-0.0005080972,0.0009498101,-0.0021919266,1.1158552e-05,0.00043925282,-0.0001476294,0.0024968546,-0.00044137967,-0.0002763207,0.0017471544,8.064557e-05,-0.00013196938,-0.00030487697,-0.00071554614,-0.0001318098,-0.0008575553,3.5298857e-05,0.001228793,-0.0042016623,-0.0003339629,0.000726098,-0.000546034,0.00036925182,0.0015066484,1.7684377e-05,0.001066692,-0.00063894613,0.00020438495,-0.0004206461,0.00013635379,-0.0002708114,-7.386054e-05,-0.0012033385,-8.511336e-05,0.00017362401,0.0019304528,0.0033271683,-0.00081466034,0.0007815442,0.00092277786,0.0013557298,0.0013645662,0.00011275163,0.00023271384,0.00095094414,0.00022116522,-0.00037115565,-0.0017892518,0.00041624773,-0.00054365845,-7.6234646e-05,0.33960804,0.0012371411,-0.0024777951,0.00073170057,-0.0022995537,0.00036995928,0.0009815204,-0.002712254,0.0019864922,0.0007911663,-0.00037695243,-0.00075354433,0.0004181278,0.0002400345,-0.0001953835,-0.00071323954,0.00015881752,7.023033e-05,5.6571316e-05,-0.0007465733,2.313616e-05,0.00027180527,0.0009208218,-0.0022551997,0.00033394044,-0.00024719353,-0.00048805427,0.000597804,0.00013446285,0.0006780207,0.00018154684,9.4652656e-05,0.00014851842,-0.000119470096,0.00085609313,-0.0001058026,-0.00012756832,-0.00055329315,0.00045086056,0.00067906897,-0.00024124706,-0.0028144196,0.0006211339,0.0010398596,-7.316083e-05,-8.065655e-05,0.001310018,-0.0002459126,0.00020989054,9.437651e-05,-5.3223335e-05,0.0006662532,0.00035727723,-0.00048798893,-0.00044318012,-0.00034187947,0.00016447103,0.0031892501,0.00022468608,-0.0006748445,-0.0003060543,2.179953e-05,-0.00068513193,-6.336456e-05,3.4554752e-05,-0.0012074001,-0.0011400884,-0.00028184982,0.0015277918,-0.0013314047,0.0010111677,-0.00017054816,-0.0034559683,-0.00096405373,-0.0008573532,0.00016321591,0.00028697815,0.00015981539,0.0018351886,-0.002056134,-0.00052591943,0.00018731796,0.0006388708,-0.0011573161,0.0008234345,1.50564865e-05,0.0021708058,0.0012009427,0.0015033861,0.000116270625,-0.00078219495,0.00041808494,-1.2527453e-06,0.0004789472,0.0019276353,-0.00021105212,-5.6714387e-05,-0.00016126031,-6.654288e-05,-0.00044733888,0.0006222818,-0.0033095921,0.0019511157,-0.0010160798,-0.0012460477,-0.0012694021,0.00035576036,-6.574521e-05,-0.00085640984,0.00053081574,-0.0003205694,0.00042389543,-0.0007729364,-0.0007137147,-0.0010244834,-0.00037040625,0.0020599728,0.0006060253,-2.3346322e-05,-0.0005520428,0.00060218375,-0.0006302556,0.00064759975,0.0003463534,-0.001311624,6.798694e-05,0.0004859393,-0.0013095671,-0.002711319,0.000472608,4.0658586e-05,0.0013525102,-4.932576e-05,-0.00074442325,-0.0022190022,-0.00037198424,0.00013047006,0.0014794364,0.00028602485,-0.00062372995,0.00019421497,-0.0002921922,0.00082807994,-0.00022310945,0.0032148105,0.0006473985,-0.00021787816,-0.0016622705,0.0016304713,0.00011648386,4.183169e-06,-0.0010257289,-0.00065980357,0.0012882457,0.0002700253,-0.00044670844,0.0004883074,-0.00031498034,-0.0011569583,0.0009715379,0.0017641677,0.00062760717,-8.0510785e-05,0.0008824831,0.0010137799,0.00077545457,-0.00018516292,-0.0004380108,-0.0015300517,0.00010902931,-0.00016758163,0.00094567053,2.3164575e-06,0.00029571666,0.00032118888,-0.00026953622,0.00011702657,-0.00019186077,-0.00021564105,-0.0009027896,0.00059609173,0.00072625367,-0.00081733294,-0.00027822386,0.00013315,-0.00078953395,0.0007010039,-0.00016105661,0.00018592035,0.00056946854,-0.000731386,0.0006585681,-0.00053701375,-0.00046901384,0.0007429166,0.0020301647,-0.0017120547,-0.0011493952,0.0011678911,-0.0042928546,0.0013485708,0.00025529502,-0.0009951694
-0.0005396052,-0.0020912774,-0.00023421417,-0.0026982375,0.0037256998,-0.0011770962,0.0010632562,0.0004897473,0.00022429903,-0.00026697168,-0.00010831894,-0.00021701278,-0.00029523173,0.00028465252,0.0016398008,-0.00045231805,0.00038927494,-0.00011750751,-0.0012652855,0.00036772466,0.0003897352,-2.2293447e-05,-0.00036425272,-3.0043051e-05,-0.00057870586,-0.00018375617,-0.0028324889,-4.7664922e-05,-0.0004996538,0.0027141767,0.001739418,3.6288526e-05,-0.002850921,0.0014358234,-0.0013535048,0.0013442861,0.0024559847,-0.00035260053,-0.0008862282,-0.001081655,0.0003575087,-0.00058693666,-0.0003205948,0.0009973929,0.00010957164,-0.0021362333,-0.001169417,-0.001927496,0.0010700412,-0.00036860787,0.00011071298,-3.4803346e-05,-0.0016530474,-0.000119349825,-0.00065101305,-0.0024817649,0.0002351306,0.00039617065,0.00013353693,0.00023745462,-0.00024469936,0.0006001949,-0.00036182362,-0.0022271457,0.0033634268,-0.00018338834,-0.0008602931,0.00012350858,-0.00022019008,-0.0013005261,0.0004416628,-0.0014256892,0.001012616,-0.0005166962,-0.0002456599,-0.00017362942,0.0013948234,3.5683064e-05,0.0005592091,0.000772981,-0.00041554822,-0.0014688822,-0.0027172961,-0.00010084704,-0.00077426113,0.00061939354,-0.0014495519,-0.0015196282,-0.00038463046,7.300058e-05,-0.00042942414,-8.843119e-06,-0.00024608753,0.0018417068,-0.00033612453,0.00018806604,0.0007564824,0.0016540826,0.33949184,0.0052022412,-0.001563251,0.0018177803,-0.0004652791,-0.0006710111,0.0047012167,-0.0017859767,-0.0027471378,6.800055e-05,0.00010511255,-0.0013007844,-4.2643544e-05,9.689761e-05,0.00053313625,-0.00021610157,-0.00014524322,-0.000116753756,-0.00048943155,0.000205813,9.374255e-05,-0.00060086884,0.002339347,-0.00076190237,-5.1157576e-06,0.0004031753,4.7899277e-05,-0.0008846551,-0.00028771415,0.0010518285,-0.00035988982,-1.0690523e-05,0.00029320805,-0.00034500446,0.00016997139,0.0008624101,9.037153e-05,-0.00043979986,-8.236106e-06,-0.0013470179,0.00015040107,-0.0006078565,-0.00050273415,0.0005628004,0.0009657736,-0.0050995136,-9.7179516e-05,-0.0015673074,0.0005844656,4.500373e-05,-0.0008637098,-0.00010545436,0.002062159,0.0007124707,0.0003555575,-0.001071515,-0.005574399,0.0003445079,-0.0004672848,0.003012896,-0.0012329915,0.0014308899,0.00073548197,-0.00029466127,0.0014357876,0.0024594078,0.00010281648,-0.0017746722,0.0019215514,-0.0016994603,-7.6240713e-06,0.0050051417,-0.0013953684,0.00043266232,-0.00044405294,9.021022e-05,-0.0005175014,-0.0014086451,0.0016864189,0.00091082195,6.0064427e-05,-0.00033131128,0.0015874411,-0.00069353665,9.832527e-05,-0.0014249461,-0.0011054946,-0.0009007776,-0.00045992518,0.00027580242,-0.0007218315,1.7869628e-05,-0.0017392578,-0.0018584384,0.00054739416,-0.0006903134,-2.7971433e-05,-0.00029437616,-0.000526371,-9.7480995e-05,0.0044040056,-0.00039204484,6.1983745e-05,0.0011515929,0.0005403217,-0.0008168656,-7.600562e-05,0.0011485638,-0.0006621623,-0.00022823023,-0.00047643195,-0.0013686148,-0.00062745204,-7.4097006e-06,-0.00011210671,-0.0024998607,-0.0005455197,-0.0012193114,0.0002999712,-0.00073342625,0.0009043537,9.763946e-05,-4.2711974e-05,-0.0006749931,-1.3397687e-06,0.00044868793,0.0017325901,0.0020658073,-0.00068454136,4.2301363e-05,-0.00092197524,-6.621266e-05,0.0026141056,0.00075342756,0.0005118524,0.00021609949,-0.0018154128,-5.3304295e-05,0.00034605566,0.0008314723,3.3874123e-05,-0.0021486853,5.1004405e-05,-0.002203639,0.0005306879,0.00037428873,0.0013423808,0.00013788157,-0.00030623312,-0.0002426258,0.0010994581,0.00035678427,0.0010214387,-0.00014584739,0.00027858865,-0.0009465114,0.0011575982,0.001283841,-0.0011253272,-0.001956854,-4.2750977e-05,9.4638184e-05,-0.0013308937,-0.0023204654,-0.0010885727,-0.0005213868,0.0015028242,0.0017817373,-0.0011182517,0.00041266214,-0.00018963877,0.0003750211,0.0003303313,-0.00034990162,0.0016168563,-6.0365808e-05,3.9263366e-05,0.00038458893,0.0008144501,-0.001349056,-0.0006593453,0.0027640187,0.00075095124,0.0005405306,0.0014376756,-0.000736649,0.0005119618,0.00015469849,-0.00078516314,0.00092039444,-0.0027675543,0.00027996924,0.00022257722,-0.0006280334,-0.0013765201,0.0012887534,0.00033113614,-0.0010893893,0.00026847472,-0.0015307134,0.00039870327,0.00021081216
0.0002764901,0.0045142723,0.00038951132,0.0038941714,-0.004966996,0.00071704265,-0.0029168087,-0.000517356,-0.0022139945,0.0002989079,2.5321731e-05,0.00061026803,0.00034412814,-0.0009079233,-0.0017223867,0.0005041142,-0.0015221098,8.3745705e-05,0.0020572909,-0.0009735352,-0.0010922693,-0.0008365606,0.0006608179,-0.0020637957,0.0010786392,0.00066559424,0.0037424383,6.733208e-06,0.0029850514,-0.0061730053,-0.003117069,-0.00030621633,0.0049968623,-0.0023762628,0.0036745141,-0.0028044737,-0.0038735406,0.0008276457,0.0014586111,0.0021971923,-0.0005062234,0.00045245272,0.0004809849,-0.0016408747,-0.00022953561,0.002313133,0.0028411464,0.0034851732,-5.173022e-05,0.000682554,-0.00089211523,2.368553e-05,0.0016506243,0.0004825195,0.0017539728,0.003997798,-0.0009247459,-0.00077406905,-0.00011078395,-4.338762e-05,0.00088616065,-0.0005893049,0.00067869143,0.0044157016,-0.0039496617,0.0002736658,0.0013353253,0.00012530744,0.00021404724,0.0022739961,-0.0011097941,0.0021631164,-0.002603087,0.0011509652,0.0010017336,0.00033835214,-0.0031860848,2.6949983e-05,-0.0003599426,-0.0018416365,0.0007206074,0.0017185458,0.0039639887,0.0008012795,0.0013040699,-0.0006456738,0.0024562792,0.0025746932,0.00065037736,-0.0004029386,0.00017431744,-0.00015958969,0.00094291574,-0.0027092,0.00036462967,1.50089e-05,-0.0017694912,-0.0017025404,0.0027594094,0.32809618,0.0030723428,-0.0020051827,0.00048508417,0.001111672,-0.008143429,0.0020320995,0.0049014967,-6.4982436e-05,0.00087452965,0.0026243674,-0.00014262123,-4.2729007e-06,-0.00059488416,0.00038332056,0.00026518447,0.00035832883,0.0017514406,-0.0005368656,-0.00029072576,0.00056556024,-0.003502121,0.0015810858,0.00013427093,-0.00043944767,-0.0008194085,0.0018981162,4.89338e-05,-0.001998674,0.0008949477,-0.000109297245,-0.0006755006,0.0001737352,-0.0001875308,-0.0021015129,0.00032715983,0.00067152915,-0.00065343286,0.0038513904,0.0021429223,0.0009844634,0.00064109324,-0.0010954211,-0.0023472493,0.005203276,0.00042010896,0.0035208482,1.7361699e-05,1.3697638e-05,0.0014564665,-9.3501476e-05,-0.0040255305,-0.0015262906,-0.0004512122,0.0021595156,0.011038739,-0.0011671436,0.00060713245,-0.0068057515,0.0026079693,-0.0028005913,-0.0021840304,0.0005518939,-0.0020806387,-0.0061734254,2.280657e-06,0.0030023106,-0.0032619822,0.002864755,0.00025266586,-0.008700004,0.0036382736,-0.00041108148,0.0009860045,-4.6196972e-05,0.0010704516,0.00178804,-0.0020488887,-0.0017906426,-0.00036949335,-1.0533151e-05,-0.0026993572,0.00085875863,-0.00030012318,0.0012416563,0.0016295098,0.0011895671,0.0010659356,0.00020781922,0.0013665969,-0.00012178445,0.0036950193,0.0027833881,-0.0011565326,0.0017431905,0.00030880276,0.00052333437,0.0018200633,-0.00032008713,-0.007332496,-0.0009334011,0.0007801461,-0.0013776756,-0.00065509183,0.0017110392,0.00020782801,-0.0018553903,0.001001924,0.0010099433,0.0009664327,0.0037484511,0.0015491478,0.0013367188,0.00061928283,0.004103031,0.0010876537,0.0026999323,-0.00031382317,0.001420958,-0.0015484727,-0.0017593284,-0.00025281013,0.0029886786,7.607766e-05,-0.0011144823,-0.0030227988,-0.0025227736,0.0012100216,-0.00026567566,0.001010306,0.00016317588,-0.0057403934,0.000758628,-0.0009846946,-0.000699184,0.003083456,7.121327e-06,-0.00046676412,-0.0017096634,0.0001252168,0.0044522514,0.00015559995,0.0024928886,-0.0015465706,-0.0009822288,-0.0019372576,-0.0014823711,0.00064698805,0.00054174045,-0.0017228738,-0.00057959196,-0.003652313,0.00017394822,-0.00015306962,0.0018154369,-0.0022575627,-0.0015000206,0.0018986905,0.0029035457,-0.0004094136,-0.00018110362,0.0025224863,0.004100021,0.0021256711,0.000627947,-0.0028930649,-0.0029531233,0.0023908922,-0.0007134357,-0.0002405179,-0.00083359075,-0.0010338628,0.0005456778,-0.0034123233,0.00019550769,5.909099e-05,-0.0007632999,-0.00083646405,0.0029078727,0.000848955,-0.0054613943,-0.0014270736,-0.0015304169,-0.0028273463,0.001372283,-0.0011011827,-0.00047623977,0.0033188998,-0.0016319657,0.0057636267,0.000117486445,-0.00014133347,0.0006586181,0.0011104579,-0.0017036995,0.00036410484,0.0016194208,0.0024873533,0.0026190146,-0.0008890948,0.00090968655
0.0003872314,-0.0017750644,-0.0004913323,-0.0023965389,0.00043053672,-0.00015965372,0.0016384888,5.0777435e-05,0.00097301585,-0.000101875936,4.0818537e-05,-0.00019644188,-9.501782e-05,0.0004993067,0.000554984,-0.00021901005,0.0009749482,0.00035600734,-0.00022612307,0.00041224234,0.0005688358,0.0002834023,-0.00023847542,0.00090820127,-0.0004285909,-4.025777e-06,-0.0010607172,0.00015150142,-0.0008148526,0.0022188309,0.0012733937,0.00016294021,-0.001147245,0.00035025983,-0.0013235111,0.00061451236,0.0012499247,-0.00051776954,-0.00045636503,-0.00085272075,5.2058567e-05,0.00019857816,-0.00034043583,0.0009153808,-2.7616663e-06,-0.0001265379,-0.0013965314,-0.0013068687,-0.0006773391,-0.0004940259,0.0003351426,-5.743596e-05,-0.00029291955,-0.00042703337,-0.0006879939,-0.0005194472,0.00041749387,0.00029807587,-7.58423e-05,-0.00033378857,-0.00036865476,0.00020175258,-0.00016683647,-0.0013339721,0.00037148737,-0.00024319314,-0.00034619748,-0.0001581574,6.435785e-05,-0.0004396377,0.0005607596,-0.00078106095,0.0010099448,-0.00047678925,-0.0005105596,-0.0010552861,0.0010071127,1.7650458e-05,-0.0007525433,0.00065142306,-0.00013289606,-0.00013627377,-0.0011697724,-0.0006776001,-0.00045823774,0.001172167,-0.00084780727,-0.00095106324,-0.00016551539,0.00032409106,0.00010784795,0.00014455133,-0.00055366644,6.2563464e-05,-7.6373e-05,-0.00010802573,0.0006826753,0.0002876205,-0.0006983372,0.0029546553,0.34006226,0.0007016597,-0.00029955804,-4.214087e-05,0.002451143,-0.00083972025,-0.0023410292,-0.00024875786,7.040813e-06,-0.0010723262,0.00015156194,-0.00014379948,4.2973898e-05,-0.000116969175,-2.9345192e-05,-0.0002059808,-0.00081348175,0.00025898678,9.367749e-05,-5.9472004e-06,0.0008821161,-0.00055792654,-0.00016893202,-4.1210045e-05,0.00026147958,-0.00085705135,8.458462e-05,0.0014772282,-0.0003603476,2.731146e-05,0.00031904047,4.75119e-05,0.00018072031,0.00056045206,-0.00015111886,-0.00020325823,0.00038009218,-0.0009805707,-0.00032405485,-0.0003120782,-0.00020855076,0.0005691588,0.0011860558,-0.0010591217,-0.00040759923,-0.0016510463,2.764332e-05,-5.0870167e-05,-0.00039668533,0.00019057727,0.0017736655,5.3551434e-05,0.0003575587,-0.0006797084,-0.0023412218,0.0005916946,-0.00063388713,0.0028325592,-0.0011655857,0.000763905,0.00038813445,-0.00025011913,0.001065369,0.0016435521,-0.00016446525,-0.0008685336,0.00077134185,-0.0009248915,-0.00027218414,0.002126524,-0.0018367227,-0.0001751923,-0.0003144701,0.0003253788,-0.00040269727,-0.00046049914,0.00062233827,0.00078392535,0.00036261097,-0.00016456524,0.0010003131,-0.00012396027,0.000109545705,0.00013595737,-0.00032866545,0.0003753659,-0.00043107526,-0.00027028978,-0.0006512218,3.5577097e-05,-0.0014438512,-0.0006013335,0.00046844766,-0.0008072635,-0.00026490344,-0.00023743272,-0.00086234475,0.00031724508,0.0017597837,0.0010023119,-0.0005435465,0.00027059493,-0.00050863187,-0.00078717445,-9.467854e-05,0.00016524353,-0.00038909746,-0.0005898134,-0.00028125342,-0.0027988073,-0.00082517654,-0.00080239476,-0.00044605703,-0.0022321786,-0.0007686297,-0.0011147903,-0.000113712034,-0.00031052783,0.0006017871,0.00054198795,0.00022956227,-0.0014945872,-6.232047e-06,0.0009609923,0.0008469445,0.0005380372,-0.00023775305,0.00021452323,-0.00021066252,4.1872986e-06,0.0019897756,-0.00065698335,0.000115691444,0.0001964942,-0.0008493026,0.000258393,2.9836927e-05,0.00035130343,-0.00022470037,-0.0020079361,-0.00017945495,0.00016804192,0.000755772,0.00022753404,0.0008934392,0.0009107957,-0.00022480417,-0.00027985658,0.00073858496,-0.0002879657,0.0012181392,-2.7231567e-06,-0.00010016457,-0.00073836936,0.0008532778,0.0005305885,-0.000527589,-0.00070698035,0.00025945957,5.641617e-05,-0.0002464857,-0.0013684058,-0.00046975646,-0.0014753646,0.0014265203,0.0010799699,-0.0006787456,0.00021557332,0.00050384516,0.0004496294,0.000103561324,-5.6395456e-05,0.0013833917,-8.321766e-05,-9.105038e-05,0.00027513638,0.00037177067,-0.0006518792,-6.1298226e-05,0.0027292569,0.0005993022,0.0005516649,0.0009804459,-0.00021830914,0.00045406778,0.00026877932,-0.0007576766,0.000721928,-0.002011079,0.00025423453,-3.048588e-05,-0.00012822368,-2.8032147e-05,0.00022741713,-2.7115784e-06,-0.00041777533,-0.0010208677,-0.0008093644,0.00043912535,-0.0007337282
0.0012472407,0.0016317691,0.00085449085,0.005721396,-0.004999898,0.0021338856,-0.00037749973,-0.00076889765,0.001648538,0.00072711526,0.00041547124,-7.926402e-05,0.00039176393,0.000121088306,-0.0025108813,0.0007389421,0.00019953589,0.00032170324,0.0013691655,-0.00027210714,-2.7440461e-05,0.0009212854,0.00040612774,0.0022146874,0.0003074765,-0.0004734376,0.0027025323,0.00031304226,-0.002160047,-0.00049127726,-0.0022106168,0.00010124421,0.0020445422,-0.0012517044,-3.9579958e-05,-0.00067006674,-0.002876118,0.00028266068,0.0010283298,0.00062904356,-0.00042038393,0.00052383647,0.0005919057,-0.0010169132,-0.00016396903,0.0041495888,-0.00010159718,0.0014014075,-0.002353865,0.0002534067,0.0004839147,-0.00011924007,0.003018996,-0.00024623456,-0.00021758715,0.0011308694,1.9779105e-05,-0.00019938372,-0.00014110676,-0.00048330452,-3.822717e-05,-0.0010866486,0.0002702475,0.0013179145,-0.004445392,-0.0003764886,0.00085999875,-0.000494001,0.00030098992,0.0015559446,-0.0002612411,0.0015547877,-0.00074618415,0.0003839082,-0.0003149608,0.0012401307,-0.00030455907,-3.991659e-05,-0.0006379202,-0.00018198903,0.00014855375,0.0020758745,0.0035708328,-0.00050086284,0.00097404805,-0.00031449253,0.0018671533,0.0020334856,9.137279e-05,8.574294e-05,0.0010099118,0.00015511515,-0.0001412429,-0.0017235001,0.00035578705,-0.0004177844,-0.00021244363,-0.0029577154,0.0013789176,-0.0027993722,0.0011750138,0.33698758,0.0006418116,0.0010666954,-0.003583213,0.0029392873,0.001858116,-0.00013959862,-0.001044982,0.000777346,0.00018032073,-0.00017407477,-0.0007875833,0.00018432908,3.2953405e-05,0.00024120888,-0.00074672815,-7.6774566e-05,0.00031754785,0.00091303414,-0.0027171613,0.0005830507,-0.00022301172,-0.00055007514,0.0007606108,0.00047401368,0.0007905454,-0.0008359656,0.00018413702,0.00020820566,-0.0001829314,0.0010971227,-0.00028016753,1.209668e-05,-0.0006249913,0.00051184953,0.0006185824,-0.0007712716,-0.0041483874,0.0006518357,0.0013146588,-0.00033623233,-0.000731813,0.005107674,-8.051266e-05,0.0009132278,-0.00013460506,-3.5417204e-05,0.0009411892,0.0002788293,-0.0012909686,-9.357845e-05,-0.00066603115,0.00023069805,0.002831419,-3.657211e-05,-0.00034643142,-0.0010597501,0.00042923717,-0.00059470336,0.0005008313,0.0002487453,-0.002124051,-0.0011518047,-0.00016227218,0.0017587452,-0.0014680186,0.0013411269,0.00012531172,-0.0037858314,-1.799059e-05,-0.00071714737,0.00030293653,-0.000100907615,0.0003112152,0.0021436904,-0.002710469,-0.0009984637,-3.126248e-05,0.0010459402,-0.001748881,0.00081798853,-6.6830034e-06,0.002185562,0.00125988,0.0010230306,0.00027710694,-0.0006815366,0.0005457837,6.4011188e-06,0.0010470308,0.0021930335,-0.00038254118,0.00033523102,-0.00012095212,7.097567e-05,-0.00020445285,0.00052456395,-0.0036194953,0.0018602024,-0.0010105651,-0.0013800209,-0.00063446286,0.0007314341,4.2128264e-05,-0.0006187115,0.00075429893,-0.0002035273,0.00046494,0.001131121,-0.0006965729,-0.0010239927,-0.00029604396,0.003778247,0.0005222399,0.00034107265,-0.00046365138,0.0005722728,-0.00086995435,0.001204069,0.00028137266,-0.0012002244,5.7343066e-05,-0.00029395006,-0.0015636531,-0.0033011977,0.00038410825,7.631803e-05,0.0015914171,3.0670995e-05,-0.0011840776,-0.0027187993,-0.00026076674,0.00011271171,0.0017625189,0.00015414463,-0.0007137075,0.0006566715,-0.00019414985,0.0017961331,2.8109225e-06,0.0028634924,0.00039113685,-0.0003787936,-0.0025173016,0.0015490048,0.00017067218,9.853591e-05,-0.0016339525,-0.00024021658,0.0014190221,0.0002113277,-0.00048100948,0.00081290817,-0.0006133775,-0.0015924654,0.0011718425,0.002322041,0.0008397672,-0.00016116115,0.00041767364,0.0013081369,0.0006905322,0.0012637621,-0.0012071588,-0.0021605173,6.6554876e-06,-0.0002765373,0.0006488847,-0.00021581961,0.00066045125,0.00030622125,-0.0006527451,0.00016500529,-0.00015018988,-0.00033727573,-0.0012803309,0.00036683123,0.0006982018,-0.0023248307,-0.00051389774,0.00019605958,-0.0011449171,0.0007818583,-0.00032157532,3.6582387e-05,0.00036959362,-0.0013348378,0.0010757563,-0.0011344446,-0.00041650984,0.00087556755,0.0024342623,-0.001865058,-0.002014929,0.0014193025,-0.0052508106,0.0016926045,-1.1123822e-05,-0.00078571076
-0.00029307124,4.544414e-05,-0.00039749948,-0.0011269195,0.0010482612,-0.0009290413,-3.699861e-05,0.00028187735,-0.0003648306,-0.00019806449,-0.0001415954,0.00014861097,-9.536774e-05,1.0396816e-06,0.001117875,-0.00023996705,-0.00017897022,0.000111989095,-0.00021714781,0.00015994215,0.00010825376,-0.0003174945,-0.00012307495,-0.00085343147,-0.00016252062,0.00024358196,-0.001698666,-9.947434e-05,0.00072874164,0.00041145194,0.0001838248,1.2910505e-05,-0.00054548826,0.0002773286,5.1993535e-05,-2.5112695e-05,0.00079928874,-8.798188e-05,-0.000326282,-0.00019825675,0.000100864294,-0.00048874243,-4.7549514e-05,0.00039586637,-3.153073e-05,-0.0012788832,-0.00036147493,-0.0005695734,0.0010989005,-8.686455e-05,-0.00028522452,7.887981e-05,-0.00071655336,-0.00010595296,-5.869389e-05,-0.00074689003,-3.8546877e-05,6.168399e-05,-4.7603015e-05,0.00010102748,6.4613305e-06,0.00043280938,-9.765279e-05,-0.000104619,0.0017702439,-8.956753e-05,-0.00019956872,0.00012643938,-0.00012988047,1.8939638e-05,3.537356e-05,-0.0005897623,-0.00045785515,-0.00012684018,2.5211026e-05,-0.00012496137,0.00011788221,9.1502836e-05,0.00047228058,0.0001110897,5.66778e-06,-0.00039296268,-0.0011891058,5.3252334e-05,-0.00020722041,0.0011324355,-0.00038722137,-0.0002552882,-0.000105289895,-3.2859978e-05,-0.00024058313,5.4434986e-06,1.4371435e-05,0.0007483232,-0.00013837138,0.00016087593,3.838983e-05,0.0007140809,-0.00046869373,0.001035957,-0.00041340277,0.0011543309,0.34141338,4.5639335e-06,0.0013298215,-0.0009627962,-0.0014248507,9.686062e-06,0.0006820557,-0.00043166766,-7.377794e-05,5.305773e-05,0.00015120956,-4.8682592e-05,3.1945347e-06,-0.00012488649,3.05338e-05,3.9292252e-05,1.2214085e-05,-0.00021642758,0.00071364077,-0.00017716995,8.544476e-05,0.00034124975,-0.00025046116,-8.937558e-05,-0.000281615,0.0007593971,-1.2225411e-05,-0.0001449177,8.454214e-05,-0.00017302658,0.00016233299,3.481308e-05,0.00013759501,-0.00012918765,-0.00022479068,0.00016630125,0.00081710995,-0.00018167621,-0.00019961158,0.00017451098,-6.370777e-05,-0.0027701803,1.9375912e-05,-0.0003207299,0.000980348,1.6237575e-05,-0.00034803717,-8.97835e-05,0.0007504767,-3.2828582e-05,0.0002651074,-0.00041386412,-0.0004822237,-2.5242982e-05,-0.00060801656,0.0005911236,-0.00032893923,0.00034058548,-0.00047259586,-0.00021499215,0.0006425547,-0.00028622188,1.4996098e-05,-0.00044523366,0.0004743909,-0.00056819763,8.865903e-05,0.0010493931,-0.00048807682,0.00020722546,-9.483867e-05,0.0002451694,-0.00016985813,-0.0005225604,0.0007574698,9.002244e-05,-5.2671487e-05,-0.00025200323,0.0006053729,-0.0003324847,2.6221129e-05,-0.00073721854,-0.00027770642,-0.00010770292,-8.241138e-05,0.00013794049,-0.0002305048,1.4396537e-06,-0.00014184456,-0.00056212186,0.00014850085,-0.000199256,9.964648e-05,-5.5925033e-05,4.0196035e-05,-0.00014254451,0.0010623201,-0.00066302216,0.00021960137,0.0006382862,-0.00014297488,2.2691202e-06,1.26263085e-05,0.0004309297,-0.00023547516,8.5557454e-05,-4.975792e-05,-0.0004735276,-0.0004085462,0.00063734775,2.1651367e-05,-0.0008769027,-8.605246e-05,-0.00028237826,0.00015638226,-9.46052e-05,0.00040773454,-0.0010726323,-2.652455e-05,0.00019491691,-4.7134734e-05,0.00042533892,0.00043781017,0.0007428087,-0.00020042679,-2.6594746e-05,-0.00035710976,-5.7163717e-05,0.00053227646,0.00089579355,6.8020425e-05,-0.00016245284,-0.0005524567,2.5194886e-05,-7.514128e-05,0.0004427449,4.0060826e-05,-0.00044113756,-2.3625458e-05,-0.0006891141,0.00029249568,-4.577847e-06,0.00075630355,-0.00011002012,-0.00013815283,-6.523045e-05,0.00036231446,-9.666997e-05,-0.00023607534,5.863332e-05,0.00012435853,-0.00027413276,0.00029942012,0.00085433753,-0.0002855753,-0.0007124592,2.299343e-05,9.316282e-05,-0.00010968988,-0.0009781646,-0.0001424741,-0.00044017166,0.0005646396,0.0005142219,-0.0003434578,2.9799729e-05,-9.8859295e-05,3.856275e-05,2.8410417e-05,-4.392841e-05,0.00035194022,-1.9203933e-05,-8.426503e-06,0.00013116593,0.0003302761,-0.00010584831,-0.00026842943,0.00078611134,0.00030908958,1.3348342e-05,0.000314554,4.7509693e-06,0.00010279636,3.9053728e-05,0.0014705545,0.00018197569,-0.00050589954,0.00045625295,5.5052853e-05,-0.00025977643,-0.0008023659,0.0003813973,0.00017655699,-0.0004107053,0.00015804448,-0.00040321963,-6.137246e-05,0.0007157429
-0.0012132289,-0.0019397156,0.00013849197,-0.0028834827,0.0042821905,-6.790581e-05,-0.00013706498,0.00045070925,-0.0011089505,-0.0004153905,-0.00033786296,-0.00016435859,-0.00032464848,-0.00046687637,0.00082043157,-0.0003452404,-0.00014520859,-0.00080657273,-0.0017025035,-5.7025558e-05,-0.0004840069,-0.00052997505,-0.00018531407,-0.0010749266,-2.8763745e-05,-3.6388286e-05,0.0005396654,-0.0003075164,0.00043401917,-0.00058277097,0.0019750157,-0.00024633913,-0.0018627087,0.0013769396,-9.46385e-05,0.0011264074,0.0019081457,0.00012569553,-0.0007651332,-0.00017489283,0.0004723483,0.00013491021,-0.00040471752,-2.6259353e-05,0.00019551825,-0.0015816893,0.0014495393,-0.00041152528,0.0013944542,-8.711737e-05,-6.280007e-05,2.4283036e-05,-0.0019472542,0.0007295211,0.0004734969,-1.4975714e-05,-3.272241e-05,4.0896353e-05,0.00022379805,0.0007783087,0.00034330334,0.0003918151,-0.00020318248,-0.001639628,0.0016459563,0.0004556455,-0.00078729703,0.00036459943,-0.00030004294,-0.0021412338,-2.3808938e-05,-0.00062256836,0.0014858932,-0.00018830567,0.00051751063,-0.0002683645,0.00021886655,-1.3529284e-05,0.000656435,8.06787e-05,-0.000100216115,-0.0020161134,-0.0017349388,0.0008203738,-0.0006503314,-0.003063429,-0.0013434404,-0.0017622726,4.097699e-05,-0.00028070254,-0.0009600893,-0.00023653088,0.0004424967,0.0015845915,-0.0003594677,0.0004517186,-1.723986e-05,0.0020882762,-0.00088962045,0.002105967,-0.00039693908,0.001218756,7.015201e-05,0.3385742,0.001432388,-0.0010844436,0.0012230611,0.00056354265,-0.0007643836,4.1435447e-05,-0.00032272053,0.00016172898,0.0008188259,-0.00018652668,-0.00011071826,-2.0889061e-05,0.0010526867,-0.00012860486,-0.0002685506,-0.00090481923,0.0018953749,-0.00033522933,0.00014342833,0.00015770934,-0.00033458194,-0.00032834802,-0.00068057893,-0.0013073887,-0.00015920393,-2.656604e-05,2.029256e-05,-0.0009316024,-0.00014297427,3.7910286e-05,0.0005091907,-0.00029402433,-0.0005444291,0.00017565838,0.0019046073,-0.0004524187,-0.001190704,-0.00042902605,0.0007332241,-0.0031607314,0.00035934415,4.377485e-05,-0.0010521171,8.433285e-05,-0.00041451785,-0.0003916619,-0.0005271342,0.00068038574,0.00012261458,0.0005015786,-0.003347388,-0.0001422966,0.0023910266,-0.0010251515,0.00036976562,8.7545355e-05,0.00080432656,0.00013052196,0.0007604694,0.0030555206,0.00023843466,-0.001558464,0.0010693304,-0.00042022776,-5.3331947e-05,0.0031383787,0.0020231407,0.00087373215,-0.00019022822,-0.0006786329,-2.097847e-05,-0.0015839246,0.001734842,0.0008772761,-0.00010184021,-0.0005168676,0.00077948754,-0.0006187597,-1.8195627e-05,-0.0014275524,-0.0011628678,-0.0017429154,-0.00016341671,0.00069844106,-0.00015211885,3.9121784e-05,-0.0008231108,-0.0017251974,4.302841e-05,0.00025243615,0.00020505027,0.00013948121,0.0005053155,-0.0006098416,0.002694473,-0.0008978437,0.0010481335,0.00048543196,0.0013933302,-0.0006619182,8.734392e-06,0.00026461657,-0.00042460655,0.00032163662,-0.00075305335,0.0009209176,0.0017020839,-2.4309771e-05,0.00047827014,-0.0017883305,0.00085736933,0.00028101646,0.000625336,-0.00063956686,0.00042292938,0.0010131889,-0.00047235307,0.0015666072,-3.1272353e-05,-0.0011411256,0.0012974252,0.0025994154,-0.00039280544,-5.7765326e-05,-0.0012404096,-8.267497e-05,0.00020596458,0.0016725209,0.00043742105,0.00022374382,-0.0012262147,-0.00039074966,0.0011748833,-0.0014409628,0.0003777817,-0.00020611014,-2.1700367e-05,-0.002979378,-0.0012209596,0.00047176488,0.000983061,-0.0017389591,-1.3643758e-05,9.3610804e-05,0.001046405,0.0009887686,-0.0009418373,-0.00036858965,0.00039952798,-0.00027901088,8.16455e-05,-7.1135786e-05,-0.0009835727,-0.0010770357,-0.0009778053,0.000116311305,-0.0010474377,0.0005653141,-0.00087013905,0.00046557636,-0.00026082326,0.0013416617,0.0005943976,0.00034871956,-0.0011346258,-9.0851834e-05,-0.0006239757,-0.00042236678,-0.00020170647,-1.9253717e-05,0.00028738054,0.00020381753,0.00054902304,-0.0004950924,-0.0003963252,0.00038925157,-8.175959e-05,-0.00022113005,0.0007026057,-0.0011625867,0.00011206867,-0.0002961108,-0.003598508,0.0012342583,-0.0001991036,3.074141e-05,0.00048088748,-0.00068000477,-0.0015179022,0.001728256,0.0019988315,-0.0010609998,0.0048798514,-0.0013861908,-0.00021509686,-0.00043592547
0.0009556973,0.0020374036,0.00034596314,0.003242035,-0.0051210043,0.0016094047,-0.000748969,-0.000648429,0.00039011025,0.00039765934,0.00024868114,0.00018459333,0.0003049411,-0.00010930576,-0.0019934918,0.00054215296,-1.45526255e-05,0.0003358681,0.0016401056,-0.000274354,-0.0002413157,0.00016538719,0.00031289962,0.0005887373,0.0005713751,0.00014236532,0.0029363327,0.00015191543,-0.00010771717,-0.0022359416,-0.0018141619,2.411274e-05,0.003030747,-0.001643561,0.0010554275,-0.0013353773,-0.002742451,0.00026654112,0.00101757,0.0009983915,-0.0004363052,0.00073982304,0.00031159204,-0.0008649272,-0.0002113034,0.0031897845,0.0006754989,0.0018839276,-0.001698084,0.0002685366,3.7957514e-05,-6.1578074e-05,0.002268572,-4.1322823e-05,0.00049658306,0.0026247732,-0.00013033612,-0.00037286538,-0.00013662486,-0.00049221626,0.00020941361,-0.0008125675,0.00035682513,0.0021576078,-0.0043870136,-0.00017918686,0.00092030305,-0.00029334577,0.00032972524,0.0015913186,-0.0003526732,0.0014773395,-0.0010592281,0.0005387142,9.6260796e-05,9.198129e-05,-0.0012436401,-2.1787164e-05,-0.0009999202,-0.00064010685,0.00018630749,0.0018165268,0.0032556276,-0.0002891143,0.0009791506,-0.00025796326,0.0016527973,0.0016684742,8.610141e-05,8.470049e-06,0.0006815566,3.694453e-05,7.764138e-05,-0.0022579147,0.0003620917,-0.000370743,-0.0006766815,-0.002278137,0.0017638193,-0.0050708605,0.0014762427,-0.0022549687,0.00043872226,0.00097159145,0.3347505,0.0020922294,0.0023247185,-0.00020147486,-0.0003335769,0.0011440751,6.103629e-05,-0.0003112483,-0.00068733277,0.0002183207,0.00014945312,0.00026610302,9.205914e-05,-0.00017256105,2.5698746e-06,0.0007601155,-0.0026626117,0.00073419785,-0.00028295675,-0.0004786335,0.00012265239,0.0006446975,0.00046767187,-0.0007427903,0.00034515222,1.3923465e-05,-0.00027397275,0.00059105956,-0.00015251948,-0.00074101397,-0.00026741868,0.00046364922,0.00023434967,0.0009864012,-0.0010969434,0.00077732455,0.0007998939,-0.0003855829,-0.0007477957,0.003938303,4.1158335e-05,0.0013263869,-3.3247663e-05,-4.5256424e-05,0.000929783,0.00019359107,-0.0017216846,-0.0007863235,-0.00041308734,0.0009444263,0.0052643763,-0.00019236132,5.3620504e-05,-0.0024374903,0.00091636577,-0.0013346403,-0.0005981316,0.0002752268,-0.0015343814,-0.0023492738,-0.000116817166,0.001984124,-0.0019547173,0.0017349317,1.7214967e-05,-0.0049339156,0.00079856225,-0.0006479365,0.00045612568,4.426806e-05,0.00048576164,0.0018232133,-0.001986681,-0.00085236883,5.0304094e-05,0.00042969972,-0.0017068554,0.0008533224,-7.991727e-05,0.0019358123,0.0013470455,0.0013294774,0.00037642271,-0.00046185593,0.0007026743,-6.788478e-05,0.0014392977,0.0022012945,-0.00055678084,0.00060706784,1.7039194e-05,0.00017025972,0.0003276591,0.00027753343,-0.004504727,0.0010255997,-0.0003987685,-0.0014051433,-0.0009075203,0.00076306076,8.982238e-05,-0.0012826673,0.0006625616,0.00010169115,0.0005142214,0.00086852774,0.00017356449,-0.0004539118,-5.2740852e-05,0.002795079,0.0008470488,0.00091105583,-0.0005300961,0.00081223703,-0.00097113947,0.00017290063,0.0001781852,0.00025285533,7.427344e-05,-0.00012575669,-0.0018796438,-0.002652073,0.0007677023,-1.4403611e-05,0.0012346379,4.182158e-05,-0.0023964453,-0.001415299,-0.00049193896,-0.0001758736,0.0020218329,0.0002155887,-0.0004663474,-0.000561436,-0.00014131659,0.00215481,-0.00013112673,0.0030286417,-0.00021444514,-0.0005288925,-0.0016968837,0.00047898086,0.00030693196,0.00020316169,-0.0012470244,-0.0005512196,-0.00027163792,0.00019601379,-0.00038054283,0.00093698263,-0.0010063142,-0.0013606603,0.0012705128,0.0022322168,0.00025439876,-0.00011409902,0.0013538104,0.002196337,0.0012013539,0.00034397762,-0.0013219985,-0.0019214323,0.0009935243,-0.00040900265,0.00054965646,-0.0002793947,-0.00020138588,0.00034299484,-0.0014836435,0.00014338514,-0.00016834437,-0.0004116189,-0.0009070819,0.0013440489,0.0007357479,-0.0024485947,-0.0007001197,-0.00035642358,-0.0014473341,0.0008646246,-0.00045901584,-6.49707e-05,0.00096261466,-0.0009067566,0.002331028,-0.000330089,-0.00036896844,0.000712712,0.0017749657,-0.0016259239,-0.00064734253,0.0013120549,-0.0022144292,0.0016640534,-0.00017340994,-0.00052909047
-0.00062733155,-0.0009237564,-0.00050984934,-0.003029532,0.0026096697,-0.0013862542,0.0003177502,0.0004765341,-0.00080962403,-0.0002976202,-0.00025308318,3.0847645e-05,-0.00020790234,-7.522932e-05,0.0015486947,-0.00046278347,-5.6441902e-05,-0.00012544577,-0.0007433878,0.00012786177,3.9519386e-05,-0.0003775439,-0.00024561922,-0.0011024005,-0.00024774068,0.00019566462,-0.0017849111,-7.238651e-05,0.0010010923,0.0006980792,0.0011517525,-0.00010113618,-0.001259253,0.00069925823,-0.00011764227,0.00040386987,0.0016548049,-0.00013699694,-0.0006785072,-0.0004779625,0.0002729068,-0.00037252018,-0.0002788381,0.0005913079,3.1120384e-05,-0.0022265995,-0.00022213327,-0.00093976094,0.0012987481,-0.0001498337,-0.00032753852,0.00012175047,-0.0016816604,0.000100374644,4.7710324e-05,-0.0009141946,4.637846e-05,0.00017327994,0.00016543249,0.00029065242,-1.7290084e-05,0.0006606018,-0.00019649521,-0.00077531737,0.0024966851,0.00010845544,-0.0005076645,0.00027567762,-0.00021730713,-0.0007493447,0.00014159738,-0.00094118016,0.0003935802,-0.00032106688,9.772564e-05,-0.0007105984,0.00028642,0.0001280315,0.00049048703,0.00017443844,-7.369217e-05,-0.0011870521,-0.0020203867,0.00023680997,-0.0006494082,0.0005642264,-0.0010002268,-0.0010517718,5.7602887e-05,-7.292964e-05,-0.00056291005,-9.575163e-05,7.273015e-05,0.0010606181,-0.00027769795,0.00026994816,0.00013392727,0.0014226944,-0.0008545305,0.0018044444,-0.0007552447,0.0018928519,-0.00044004872,-0.00049615896,0.002304475,0.33937663,-0.0012835965,3.4631204e-05,0.0007090323,-0.0005652094,-0.0001393432,3.385806e-05,0.00044598058,-0.00012903016,-3.5050005e-05,-0.00010958307,0.00025975436,5.764966e-05,-0.00014148848,-0.00055138505,0.0015456927,-0.00035403148,0.00015169466,0.00035140317,-0.0004385988,-0.0002740388,-0.00045029723,0.0007426859,-9.617538e-05,-8.59658e-05,0.0001020749,-0.00054949836,0.00018146791,4.9063692e-05,0.00034102102,-0.00033068747,-0.00034634653,0.00021873279,0.0019191713,-0.0004450828,-0.00065119,0.00021728376,0.00043885177,-0.002923292,-3.9476803e-05,-0.0006663698,0.00021964262,-2.4690235e-06,-0.00059139804,-0.0001861666,0.000957263,8.440482e-05,0.00037898592,-0.00029590935,-0.0018503749,-5.435382e-05,-0.00016849238,0.0010541514,-0.00041176484,0.00048073055,-0.00024820812,-0.00016280914,0.0012563758,0.00047737348,0.00011264872,-0.000999285,0.00092911045,-0.00086996384,-5.9161608e-05,0.002223568,-0.0004084169,0.00040011425,-0.00017498134,0.0001330702,-0.00020721671,-0.0013652374,0.0014649603,0.0005295842,-2.4539228e-05,-0.0005942763,0.0010425432,-0.0005390332,-2.8594457e-06,-0.0012052383,-0.00072486047,-0.0005526776,-0.00014480739,0.00038850846,-0.0004093432,6.429182e-06,-0.0006849039,-0.0012283857,0.00025627125,-0.0001880191,4.592838e-05,-2.639389e-05,4.8646445e-05,-0.0002969149,0.0021328663,-0.0010866915,0.00053790683,0.00087030814,0.00028946562,-0.00038951237,-5.2792788e-05,0.0004631771,-0.00047888592,3.6747276e-06,-0.0002957267,-0.00078334234,4.8325404e-05,0.0005347605,0.00011668452,-0.002387868,-0.0005176587,-0.00026606652,0.00019456721,-0.0003149568,0.00050893356,-0.0007379448,-0.00013636924,0.00033202607,-1.0975355e-05,0.00021546149,0.00094845245,0.0016840105,-0.00026786336,-7.905041e-05,-0.0008963947,-6.547218e-06,0.00094928103,0.0014507063,0.00025094897,-5.836508e-05,-0.0010636941,-9.763058e-05,0.00025668388,-0.00016413564,0.00012627788,-0.0012019961,0.00015097958,-0.0014847827,-0.0001120545,0.0001774897,0.0014482464,-0.00058405905,-0.00013117543,-6.7875706e-05,0.0008824781,9.775978e-05,-0.0005017979,-9.570382e-05,0.0002608431,-0.00050396594,0.0004052463,0.0010453443,-0.00068383466,-0.0013410114,-0.00031768842,8.5845415e-05,-0.00024272768,-0.0010207508,-0.00041802393,-0.00069017056,0.000839328,0.0012342639,-0.00025036262,0.00010917836,-0.0003398407,0.00012106764,-0.00023421441,-0.000297225,0.00059971644,-0.00013533591,9.089193e-05,0.00017089515,0.0006993329,-0.00032078385,-0.00044582397,0.0014521157,0.0003687275,-3.043393e-05,0.0007117514,-0.0003935871,0.00020572031,-2.156087e-05,0.000102762235,0.0006689054,-0.00088396005,0.00063711626,0.00026811042,-0.00053189386,-0.00125363,0.000971799,0.0007292387,-0.0008212163,0.0021913575,-0.00100599,-1.3167153e-05,0.00045337869
2.3907389e-05,-0.0013976794,-0.0007246471,-0.0034202144,0.0019525441,-0.0014904902,0.0013260191,0.00032761725,0.00032136604,-0.00033091241,7.6436545e-06,1.8994935e-05,-0.0001807477,0.00048400092,0.0017171863,-0.00042705066,0.0005848868,0.00033120436,-0.00032933353,0.0005546608,0.0006942467,-0.0001774258,-0.00029393486,-0.0002927299,-0.00054860325,0.00011102178,-0.0032076207,1.1714257e-05,0.000211895,0.0024497996,0.0012497092,0.00022726781,-0.0015496294,0.0006649218,-0.00095834234,0.00055685104,0.0018860779,-0.0005396259,-0.00062011334,-0.0010165107,0.00012341373,-0.00052414404,-0.0003195774,0.0013943008,5.1600568e-05,-0.0016184413,-0.0017891332,-0.0017569624,0.0008429145,-0.00038439775,-4.018339e-05,-8.5479805e-05,-0.0010327087,-0.0005960767,-0.00074780284,-0.0016137406,0.00033641414,0.0004169504,5.695416e-05,-0.00023850882,-0.00038131687,0.0006159042,-0.00032313625,-0.0013734705,0.0025314393,-0.00014480595,-0.0004246061,-2.0820667e-05,-1.6153606e-05,-0.0003617908,0.00053583505,-0.0013541637,0.0003119518,-0.00047697176,-0.0005125259,-0.00082939444,0.0010443061,6.214809e-05,-8.4498744e-05,0.0006686623,-0.00033941848,-0.0005693986,-0.0024179711,-0.0005092042,-0.00053666485,0.0019383206,-0.0010761104,-0.0010337422,-0.00030945695,0.00029361297,-1.688777e-05,0.000121978235,-0.000575405,0.0010260243,-0.00013009983,5.2479427e-06,0.00074958627,0.00095162337,-0.0010937948,0.0033322733,-0.0014908753,0.0019206539,-0.0006142437,9.473102e-05,0.0036400754,-0.0018735639,0.33598682,-0.0002829245,0.00085281016,-0.0014264105,9.4287265e-05,-2.0230309e-05,0.0001549078,-0.00011256803,-7.5812444e-05,-0.00012090265,-0.00075697957,0.00030542118,0.0001833103,-0.000123706,0.0015421861,-0.00064913114,-7.370544e-06,0.0002527759,-2.5643012e-06,-0.00085333025,-0.00013399974,0.0021040617,-0.00034446633,-8.980116e-05,0.00031135912,-0.00018427959,0.00033810147,0.00059716083,-7.284767e-05,-0.0003601609,0.00026477964,-0.0006777636,0.0007987573,-0.00038069618,-0.00036803016,0.0007308154,0.00079821487,-0.006103137,-0.0003987907,-0.0017263244,0.0012554975,8.37381e-06,-0.0007635589,0.00012088787,0.0024215556,3.2296368e-05,0.00058060425,-0.0011124219,-0.0030666054,0.000606151,-0.0013115265,0.003271619,-0.0014391243,0.0011322798,-0.00019061773,-0.0004307301,0.0016770102,0.00059892936,-6.3729494e-05,-0.0011618839,0.0012746563,-0.0014817142,-4.060902e-05,0.0034834412,-0.0021126776,-2.4426972e-06,-0.00043259375,0.00058248284,-0.0005753786,-0.00085804064,0.0014436011,0.00069433707,0.00020600346,-0.0003867652,0.0014614635,-0.00038900235,0.00014785724,-0.0007401444,-0.00056662026,0.00017030432,-0.000489245,-7.814855e-06,-0.0007179694,2.498633e-05,-0.0014567636,-0.0011236286,0.00056729367,-0.0009499183,-0.0001705532,-0.00015713328,-0.00082443113,0.00018642095,0.0028187025,-0.00013132235,-0.00033149452,0.0009499538,-0.0005651781,-0.000638411,-3.0493275e-05,0.0006781927,-0.00054605305,-0.00033719584,-0.00017104314,-0.0029224593,-0.0011512463,0.000111274254,-0.00040999433,-0.0029043832,-0.0008789976,-0.0013521834,-4.910194e-05,-0.00041114283,0.0009257289,-0.00084374496,0.00026664283,-0.0008725416,4.423923e-05,0.0012898571,0.0011368656,0.0012216006,-0.0004001566,7.332748e-05,-0.0005031885,-5.4552078e-05,0.0024202473,0.00041850464,0.00011540625,-6.9638976e-05,-0.0012932103,0.0001900268,-4.7000645e-05,0.0010157381,-0.00022344901,-0.0022089821,-9.517919e-05,-0.0007581643,0.001070475,0.00020022,0.0014532375,0.00067093177,-0.0003498126,-0.00035089027,0.0009825916,-0.00037517177,0.0008543537,4.8068938e-05,2.4601206e-05,-0.0009260645,0.0011348544,0.0015325298,-0.0007163979,-0.0014967796,0.00017561641,0.00012622874,-0.00037553112,-0.0024101664,-0.0005351293,-0.0016685121,0.0018631169,0.0014475574,-0.0010349901,0.00022404824,0.00042526246,0.0004807796,0.00020131576,-0.00027027528,0.001740399,-5.7547815e-05,-6.20873e-05,0.00035233703,0.0007722877,-0.00073103036,-0.00043338691,0.0031715638,0.00089993735,0.0004467172,0.0011540757,-0.00018218752,0.0005135735,0.0003479623,0.0011177895,0.00081901375,-0.0023167056,0.0007177707,-6.060209e-05,-0.00031773048,-0.0010058103,0.00055638957,0.00017336271,-0.0006761992,-0.00097078545,-0.001008137,0.00049957505,0.00036139664
0.00059392746,-0.0006073658,-0.00039209414,-0.00091525016,-0.0013040922,0.00023480353,0.0011849826,-0.0001510634,0.0009080293,4.859477e-05,0.00010124362,2.290959e-05,2.1047386e-05,0.00034256984,5.9309714e-05,1.3580593e-05,0.000687343,0.0003926541,0.0004023951,0.00024139919,0.0004309179,0.0003365935,-5.880572e-05,0.00081701175,-0.00018219986,8.4381754e-05,-0.0006562706,0.0001320263,-0.0007087441,0.0014335895,0.00024105197,0.00018582039,9.395279e-05,-0.00024478338,-0.00059492013,-3.4080753e-05,-1.7531493e-06,-0.00028065842,-4.912138e-05,-0.00035681645,-0.00010431266,0.00019800957,-0.000120180805,0.00057653897,-3.3171553e-05,0.0007129806,-0.0010812696,-0.00054636167,-0.00077803625,-0.00022065321,0.00022100437,-9.788124e-05,0.0005270456,-0.00042272985,-0.00046354253,0.00014451041,0.00014062898,0.00010716423,-8.969369e-05,-0.00039250666,-0.0003120446,-3.364853e-05,-0.00014288665,-0.00025999153,-0.0008851608,-0.00035324233,4.720388e-05,-0.00023245599,0.00013149124,0.0003948534,0.00026962036,-0.00023385117,0.000117524745,-0.00021741989,-0.00041941443,-0.0006559111,0.00043897246,-4.052604e-06,-0.00057832594,0.0003179155,-9.412035e-05,0.00048612573,0.00011752905,-0.00059326447,-7.744584e-05,0.0015369088,-0.00010949962,-2.905188e-05,-0.000178961,0.00022151528,0.00030817304,0.00015937255,-0.0003794635,-0.00045528926,0.000115177245,-0.00022455459,0.00033170474,-0.00060647976,-5.6570814e-05,0.00072910456,-0.0005399136,2.1189444e-05,-0.0001154519,0.0002941242,0.000701831,-0.00013832956,-0.0017604514,0.34159437,0.00011897074,-0.0005325122,0.000119419856,-0.00013182894,-0.00016975471,-2.0418836e-05,2.477279e-05,-9.8134464e-05,-0.0007450208,0.00013990229,0.00017694403,0.00026828022,-7.8191035e-05,-0.00020664773,-0.00029206806,-8.6907185e-06,0.000248583,-0.00041771733,0.0002070298,0.0011846498,-0.00014021744,-8.006825e-06,0.000104318664,0.00021593936,0.00013415089,0.00021802881,-0.00022039803,-1.3604883e-05,0.00033501984,-0.00048124755,-0.00071630155,1.919254e-05,2.77393e-05,0.00042368032,0.00063873624,-0.0006451823,-0.00030346628,-0.00096290244,0.00031371161,-1.9161804e-05,-9.0674264e-05,0.00017549394,0.0011500744,-0.0002086782,0.00017791965,-0.0004360757,-0.000331056,0.00033103832,-0.0009242938,0.0019258596,-0.0006955343,0.0003042436,-5.6320743e-05,-0.00017419983,0.0004146507,0.00031231256,-0.00022347031,4.7006233e-05,6.261254e-05,-0.00033435124,-0.00022500394,0.00018891462,-0.0016394538,-0.0003714734,-8.247227e-05,0.00040300665,-0.0001757179,0.00026144,-0.00014838672,0.0002555053,0.0002455761,2.9567278e-05,0.00033229505,0.00011955495,6.471857e-05,0.00061647827,0.00020457538,0.00076822663,-0.00020307626,-0.00036962828,-0.00022889923,-2.7218124e-05,-0.00068044686,0.00024096586,0.00023363768,-0.00045033093,-0.00015060451,-0.000108591266,-0.0005969536,0.00033563812,0.00028051695,0.0009081321,-0.0005950544,-8.085045e-05,-0.0009096573,-0.0002743372,-3.0678148e-05,-0.000107447995,-8.718211e-05,-0.00035622585,-6.9255046e-05,-0.0022276684,-0.00090471754,-0.00058522314,-0.00039884262,-0.0010704363,-0.00035806492,-0.0006219329,-0.00031694828,1.305829e-05,0.00021885993,5.0334245e-05,0.00026431086,-0.0013709659,2.1656968e-05,0.0008554109,5.802281e-05,-0.00053429,3.122496e-05,9.916726e-05,0.00025070144,1.51191025e-05,0.001065593,-0.0008462036,-8.1677324e-05,6.483476e-05,-6.524333e-05,0.00031383368,-0.00029796598,0.0004852098,-0.00024498106,-0.0011585434,-8.208222e-05,0.0012539683,0.00073704816,2.9567072e-05,0.00019379504,0.0011821534,-8.149725e-05,-0.00013675103,0.00014294955,-0.00045200638,0.00094743783,0.00017056215,-0.00016110139,-0.0002468288,0.0003969151,0.00018610056,1.7067601e-05,-1.0720016e-05,0.00042805308,9.075638e-05,0.00026493965,-0.0007473741,3.297498e-05,-0.0009956356,0.00084760773,0.00023680468,-0.00046414894,-0.00010175623,0.00059989904,0.00017981535,0.00014158088,-4.3347274e-05,0.00088834326,-4.026384e-05,-5.8546604e-05,7.315438e-05,7.8198114e-05,-0.00013216905,0.00014293718,0.0015598843,0.0003067495,0.00029258142,0.00030043258,0.00015182671,0.00016343992,0.00022654471,0.00038061466,0.0002475153,-0.0010726588,0.00017521117,-0.00017580774,0.00013825257,0.00049277104,-0.00041340836,-0.00040157564,9.451966e-05,-0.002832086,-5.0208284e-05,0.00033405822,-0.0005468202
6.528085e-05,-0.0011969461,0.00023764299,4.3821157e-05,0.00067216094,0.0010057477,0.0005855983,-0.00011694063,0.0011322655,8.615853e-05,3.7502257e-05,-0.00020847832,-2.4898021e-05,0.00017902642,-0.0005311352,0.00010340768,0.00059437373,-0.00016741302,-0.0005840067,0.00014609116,0.00015999531,0.00038677655,-0.00017360823,0.0013303858,-0.00022522146,-0.0002999576,0.0006040498,-4.809848e-05,-0.0015644383,0.0010814015,0.00073885627,6.6785855e-05,-0.00087322487,0.00051941996,-0.001073485,0.0007892766,0.00034304606,-8.0131606e-05,-0.00012456527,-0.00033280786,0.00012250188,0.00041760015,-0.000128213,-9.61283e-05,0.00013757362,0.00064066437,-0.00021691462,-0.0004271926,-0.0006801143,-0.00014596313,0.0004951384,-8.289091e-05,0.0002368331,2.3090894e-05,-0.00035431696,-7.881442e-05,0.00029827125,0.000103645536,-4.6708705e-05,3.411907e-06,-6.293269e-05,-0.0002831409,-4.0833966e-05,-0.0011833041,-0.00086665567,0.00014404442,-0.00022816911,-0.00015163903,2.6160851e-05,-0.00076919247,0.00021791023,-8.677009e-05,0.00096372986,-0.00016072142,-0.0002571102,0.00015264338,0.0007821489,-3.0171903e-05,-0.00010406827,0.0004772017,-0.00010050618,-0.00022731592,0.0005927786,-0.00022669078,-0.00012533733,-0.0011397831,-0.0005387731,-0.0005275539,-0.00018157394,8.824248e-05,7.763389e-05,0.00010537085,-0.00020654625,0.00061539403,6.200754e-05,-9.6854405e-05,0.00025223847,-1.759619e-05,-0.00040441827,0.0017245742,-0.00040195708,-0.0004475442,0.00022425318,-0.0005410642,0.0007705169,0.00039710052,0.0002498298,0.00015038141,0.33907095,-0.000299481,-2.6147918e-06,4.9644477e-05,0.00015707455,-4.261559e-05,9.742158e-06,-4.2317813e-05,-0.000336346,6.1195766e-05,3.96321e-05,-1.0170115e-05,0.0003920482,-0.00035124717,0.00011446527,-0.00013524691,0.0004652159,-0.00048147404,7.9742334e-05,-0.00035654896,-0.00021252448,0.000114885974,0.00012557615,0.00011017399,-0.00012143494,0.00053619884,-0.0001707367,-7.445231e-05,0.00028573957,-0.0011349524,-0.0014745598,-5.924535e-05,-3.9568917e-05,4.707853e-06,0.0008367827,-0.0014833029,-0.00014282994,-0.0006193292,-0.00041735134,9.542118e-06,-0.000120179,1.908724e-05,0.00021941449,0.0006199488,-0.00011270549,-0.00013454212,-0.0028527926,0.00038332798,0.0008452729,0.0006261738,-0.00034935703,0.00040567934,0.0010498246,2.456605e-05,-3.6386686e-05,0.0024663997,-2.717943e-05,-0.0006625596,0.00055469474,-0.00023353547,-0.00023741403,0.0016606819,-0.00029710648,9.49592e-05,-0.00024901223,-0.00024294028,-0.00016018866,-0.00012560334,-1.1958504e-05,0.00050195423,0.0001462981,0.00025198187,0.00022164358,-1.0883037e-05,6.402862e-05,0.00027596738,-0.00023387696,-0.00036773065,-0.00024598083,-0.0001080761,-3.0265881e-05,4.6092813e-05,-0.00095084094,-0.00033508395,0.00016818571,-0.00030309928,-3.3209355e-05,-5.5695506e-05,-0.00043464766,0.0001333434,0.0014700029,0.00085428223,-0.00030041175,-0.00016085866,0.00034548924,-0.0005437581,1.8074219e-05,0.00014017214,-6.6045664e-05,-0.00022253943,-0.00038818867,-0.00037528336,0.00020262427,-0.0009624023,-4.7151032e-05,-0.00015496669,0.0008244877,-0.00054260285,0.00014467441,-0.0003342518,0.000291255,0.0015160589,4.0411862e-05,-0.0007105664,-2.4773286e-05,-0.00021116473,0.0005950223,7.619222e-05,-0.00025839562,3.3124932e-05,1.7980588e-05,-0.00013932734,0.0011182096,-0.0006720618,0.00035141638,0.00041590002,-0.00045141997,-6.0496415e-05,0.00026644935,-7.907435e-05,7.7049066e-05,-0.00049971894,-0.00019617061,-0.00019551306,8.299574e-05,0.0004355984,-0.00027194177,0.0004609773,-9.138219e-05,-6.066816e-05,0.00024441927,0.00036065097,0.0012970143,-0.00014659337,-4.9435865e-05,-0.00026391726,0.0003704428,-0.00048350383,-0.00037436554,-0.00024696888,-5.4392813e-06,8.7736924e-05,-0.0007845875,-2.1760265e-05,-0.0005382019,0.000570796,0.00012929538,0.00034998337,-0.00027760857,0.00017330676,2.346079e-05,9.655073e-05,0.00022226307,-8.333378e-05,0.00052836805,1.6448315e-05,-3.0828094e-05,0.00014270809,-8.708964e-05,-0.000678554,8.355282e-07,0.00062338996,8.355634e-05,0.00041183856,0.0005264208,-0.0006349287,0.00018802559,5.536199e-05,-0.0027936914,0.00047066234,-0.0010347327,-0.00053121924,-7.69613e-05,-5.264388e-05,0.00026963526,0.00025092217,5.2749525e-05,-0.00017138258,-0.00066006253,-0.0004764924,0.00025385394,-0.0009780244
0.00047576934,-0.0020413846,-0.0007479308,-0.0025557927,0.0011916866,-0.0005349272,0.0020393839,0.00015725565,0.001700299,-3.2827822e-05,0.00013972042,-0.00025980477,-0.00016231109,0.00077662786,0.0011602364,-0.0002685657,0.0011737429,0.00055186945,-0.00039848022,0.00079482934,0.0009985645,0.0005819953,-0.00031307744,0.0018769458,-0.00078389485,-0.00022677689,-0.0029474064,0.0001874772,-0.0015165044,0.003946374,0.0012860588,0.00031285034,-0.0019098169,0.0006814298,-0.0020387028,0.0010026114,0.0016577743,-0.00065713236,-0.00067967415,-0.001289316,9.516328e-05,-0.00020361076,-0.0002592813,0.0012473633,8.5042135e-05,-0.0009821011,-0.002644037,-0.0021410747,-0.00054623635,-0.0005275747,0.00042124148,-0.00010321127,-0.0002698493,-0.00078069774,-0.0011724847,-0.0018249406,0.0005479659,0.0003961904,-2.104135e-05,-0.0004698176,-0.00069546886,0.00032379664,-0.00038132892,-0.0019391984,0.0014057648,-0.0005139568,-0.0005083316,-0.0001861323,7.911031e-06,-0.00035785916,0.0006587555,-0.0012435802,0.0008554974,-0.0006660584,-0.0008998161,-0.00077953667,0.0017500892,0.000118154705,-0.00051914866,0.0011418922,-0.0005163752,-0.00021013127,-0.00146287,-0.0010333139,-0.00062978774,0.002442571,-0.001163017,-0.0008679018,-0.00034445818,0.0003990867,0.0002866989,0.00021454864,-0.0008150986,0.00068568456,-3.254026e-05,-0.0002098412,0.0009937116,0.0001473928,-0.0012817672,0.0047821817,-0.0017978085,0.0010242892,-0.0005364637,0.00011450725,0.0041943416,-0.0012043202,-0.0039017117,-0.00036542912,5.8925507e-05,0.33884946,0.00017508409,-0.0002202635,3.3140062e-05,-0.0001642769,-4.36141e-05,-0.00021385745,-0.0015418926,0.00040309277,0.00027398035,3.610203e-05,0.0014837174,-0.00080127496,-0.00039228259,0.00015261315,0.00047734566,-0.0011906564,0.00016134258,0.0024243754,-0.00042828548,8.178247e-05,0.0003495823,0.00024198613,0.00028887138,0.0011111578,-0.0003579771,-0.0003798561,0.00062477414,-0.0019501632,-0.0014622309,-0.00032316917,-6.737468e-05,0.0009041925,0.0014060689,-0.0041708713,-0.00057707523,-0.0024661624,0.0006918458,-6.113217e-05,-0.0007827988,0.00021326759,0.0029330158,0.0003822295,0.00042636297,-0.0015270828,-0.0046195597,0.0007686154,-0.0013942422,0.004687056,-0.0019160684,0.0015350451,0.00061639963,-0.00047389793,0.0014187794,0.0017909185,-0.00017017148,-0.0011763067,0.0014640482,-0.0016672601,-0.00036516684,0.0036913194,-0.0034631686,-0.0001932763,-0.0005635124,0.00061167247,-0.00067209516,-0.00057409215,0.00077381165,0.00093871343,0.00029996035,1.539207e-05,0.0014847876,-0.00028684654,0.00021050242,-6.6481705e-05,-0.00043674267,0.000444489,-0.00053352874,-0.00034028894,-0.00080667424,4.4252218e-05,-0.0021035478,-0.00095125503,0.0007423058,-0.0011433217,-0.00027326698,-0.00031916331,-0.0012670325,0.00049939554,0.003357927,0.0009994783,-0.00092969235,0.00070237246,-0.0006200842,-0.000894836,-0.00014257341,0.0007768379,-0.0005142835,-0.00084822485,-0.00033132252,-0.00348029,-0.0016679504,-0.0007636553,-0.00069067744,-0.002857623,-0.0008331409,-0.001848679,-0.0001965307,-0.00046863058,0.00089028204,0.00014670967,0.0003599486,-0.0025229196,-1.0044189e-05,0.0015369756,0.0013015919,0.0004985671,-0.0005083734,0.00020480093,-0.00015356173,-6.705934e-05,0.0036838325,-0.0010402714,0.00034561887,0.00028409853,-0.0013861891,0.00041237808,-0.00028125613,0.0014623263,-0.00027833367,-0.003002579,-0.00020017865,-2.0592332e-05,0.0015145738,0.00040846883,0.0012059521,0.0017427807,-0.00041143922,-0.0003670702,0.000867798,-0.00036329817,0.0024114042,0.00022124931,-7.324048e-05,-0.0010265524,0.0014495421,0.0011693498,-0.00074073614,-0.0015283601,0.00057113083,0.00015505422,-0.0007743065,-0.0027446777,-0.00075826945,-0.0013523427,0.0022637204,0.0014546923,-0.0015908097,0.00031081602,0.0008377398,0.0004957305,0.00067159766,-0.00019674981,0.0024705024,-0.00018829266,-0.00017009287,0.000359644,0.00048014778,-0.0013046373,-0.00034208634,0.0038017076,0.0010218691,0.00092587963,0.0014368484,-0.0003213749,0.000620981,0.00047025172,-8.896536e-05,0.00079947733,-0.0033867096,0.0002371846,-0.00011173909,-0.000177234,-0.00015297807,0.00021495277,-0.0007110817,-0.0005405668,-0.00321916,-0.0010270947,0.000683393,-0.00043500453
-0.0010458493,0.0013891126,-1.8161722e-05,0.00014200638,0.0024952537,-0.0018497326,-0.0017056749,0.0005156418,-0.002036271,-0.00032961383,-0.00023762227,0.0001543447,3.6524716e-07,-0.00049385126,0.0012572379,-0.00024885443,-0.0014419787,-0.00037912288,-0.00043996298,-0.00027584817,-0.00045604035,-0.0007254696,9.438984e-05,-0.0023504333,0.00022752218,0.00023629928,-0.0014749804,-0.00012965938,0.0022722317,-0.0016469739,-0.0005739352,-0.00022796627,-0.0001871139,0.00033499303,0.0012899564,-0.00030022455,0.0005578619,0.000334384,-0.00015407131,0.000340736,0.00013475957,-0.0010108653,0.00017585888,-8.559471e-05,1.2970664e-05,-0.0028358153,0.0009974415,0.000328539,0.0020386158,0.00020077874,-0.00073681114,0.00017872911,-0.00152313,0.00035452726,0.0005837783,-0.0011504272,-0.0004466577,-0.0001210611,0.00014455759,0.0006109236,0.0002912419,0.0005658444,0.00010906783,0.0008197137,0.0033987395,0.00053294573,-6.835921e-05,0.00046376014,-0.0002649068,-2.1799931e-05,-0.0003527995,-0.000192198,-0.0009266106,0.00017534563,0.00058928144,0.00061592186,-0.0007797699,2.8402897e-05,0.0016361983,-0.0005575893,0.00023316842,-0.00088243955,-0.0018427517,0.0010287033,-0.0002696766,-0.00010082056,3.202971e-05,0.00013327211,0.00025270315,-0.00033674412,-0.0005829904,-0.00020930287,0.00053919933,0.0009730198,-0.00022543615,0.00039495717,-0.00042943287,0.0012700675,-0.00022214958,-0.0008206509,0.0004013283,0.0013721595,-0.00020726127,-3.4852634e-05,0.00033555948,-0.0009810694,0.00071822386,0.00024607827,0.0014217172,0.00040832607,0.34108716,0.00016265834,0.00033154336,1.722217e-05,-7.504221e-05,0.00013571174,0.0010012559,-0.00016007753,-0.00020942591,-0.000457529,0.0007021344,0.00022367075,0.0003462701,0.00045545696,-0.0007273347,0.00076477614,-0.00044737718,-0.00061726634,0.00023857084,-0.00010886586,-7.4039745e-05,-0.0005149968,5.248133e-05,-0.00053743983,0.00044825347,-9.818474e-05,-0.00076243613,0.0012774413,0.0025842832,-0.00019199496,-0.00029018088,-0.00026884399,-0.0013116368,0.0012154281,0.00031723035,0.0011188664,0.00018342583,4.996095e-05,-0.00013796796,-0.00027103696,-0.0006999574,-6.6386536e-05,0.00010528783,0.00012248907,0.0009340603,-0.00064720534,-9.061793e-05,-0.0016655895,0.00074966915,-0.00015825596,-0.0008516768,5.4001037e-05,0.00011668472,-0.0020469353,0.00036766124,-0.0001224341,0.0001682108,-0.00010282932,0.00039354485,-4.1507607e-05,0.0013798183,0.00054536934,0.00020544647,-0.00013745033,0.0001613796,-0.00077231927,0.0007837789,-0.0005604876,-0.0004220816,-0.0003648527,1.8963292e-05,-0.00038239724,-8.895354e-05,-0.0016893247,-0.00037703686,-0.0009187065,0.0002689559,0.0007479503,7.503151e-05,-1.6026484e-05,0.0011830126,-0.0006560711,-0.00016737524,0.00048559465,0.00013997684,0.0001329948,0.0008784364,-0.0005508062,0.00047427532,-0.0024292248,0.00096620485,0.0008726073,0.0009759902,0.00064286904,3.744673e-05,0.00055883825,-4.7411246e-05,0.00069891295,0.00021044454,0.00260268,0.00059592706,0.001884309,0.00050112867,0.0005295424,-0.0005731826,0.0007852508,0.00039968756,-2.3090852e-06,-5.4432625e-05,-0.001883099,-0.00034055975,0.001853623,-4.6690293e-05,-0.000583998,1.5575206e-05,0.0012492102,-5.9324815e-05,-0.00011559674,-0.00067569554,8.696303e-05,-0.0011854726,0.0022085453,-4.461578e-05,-0.00047740096,-0.00025575495,-0.0002601436,-9.120072e-06,1.5836406e-05,0.00022899236,0.0008713077,0.0003172201,-0.0020370986,-0.0006506206,-0.00021139758,0.0005910823,-0.0016680438,7.1623734e-05,0.00015012718,-4.0427527e-05,0.0002969643,-0.0022588603,-0.00010181621,0.00031190968,0.0001850497,-0.0003996483,0.0008940872,-0.00010103584,-0.0006640395,-0.00034986224,-6.753914e-05,-1.5694983e-05,-0.00014004196,8.531803e-05,0.000807556,-0.0005163132,2.6497793e-05,0.00024905906,-9.082021e-05,-0.00080471736,-0.00022060587,-0.00016348294,2.0306143e-05,-0.00081946916,-9.586003e-05,8.784714e-05,-0.00010935109,0.0003555209,0.0002810398,-0.00036996888,-0.0015568482,-0.00013027366,-0.0005680596,-0.0003050544,0.0001546794,-0.0002162922,-0.00022661667,0.0021771775,-0.0005390412,0.0012407926,0.00048405764,0.00028564208,-0.00035171112,-0.0013828223,0.0007147213,0.0004215847,-0.00034947658,0.0040378748,1.06614625e-05,-0.0005049418,0.0018972513
-0.00057015434,-0.00080513704,6.9576556e-05,-0.000407695,0.0025040286,-0.00036153328,-6.3956715e-05,0.00026722133,-0.00014567816,-6.139254e-05,-0.00012603993,-0.00020699581,-5.9139256e-05,-5.3762178e-05,0.0004494248,-0.000119186545,-0.00015802386,-0.00039828592,-0.0008690892,3.0240648e-05,-6.940924e-05,2.3537523e-06,-0.00010782777,-0.000179985,-8.352463e-05,-0.00029511005,-0.00072046404,-0.00013571182,-0.0003342612,0.0007413276,0.0006358966,-6.4480078e-06,-0.00144382,0.0009004445,-0.00053801603,0.0007965539,0.0009842615,2.3672357e-05,-0.00035081914,-0.00034709115,0.00021135005,-0.00037115297,-7.75295e-06,0.00012272513,0.0001274379,-0.0011033012,2.8410359e-05,-0.0005395774,0.00075556024,4.347702e-05,7.7700344e-05,4.764572e-05,-0.0009182749,0.00019434186,-0.00015872082,-0.0013892376,6.544896e-05,0.00014326302,3.1660886e-05,0.00036896477,2.6856027e-05,0.00018645846,-4.571696e-05,-0.0010150524,0.0019109617,0.00043643397,-0.0004073755,0.00019612316,-0.0001980668,-0.0008926594,9.301378e-05,-0.00040912017,0.0005831038,-0.00016231596,2.2728715e-05,0.00046225233,0.0005335489,2.2939948e-05,0.0008403528,0.000258147,4.4069482e-05,-0.0009163278,-0.0012443964,0.00028451253,-0.00037531357,-0.0009947566,-0.0006086316,-0.00057213876,-8.030751e-05,-0.0001170245,-0.00030812694,-5.1041156e-05,0.00010460022,0.0013855803,-0.0001489028,0.00016671958,0.00021108943,0.00096355606,-0.0007989607,0.0023685375,-0.00043637655,0.00057591294,-3.334637e-05,-0.0005461616,0.002084268,-0.00046449417,-0.00016490008,0.00027119066,-0.00036397213,-0.00027670607,-7.4727795e-05,0.34232688,0.00035922026,-9.145928e-05,-6.549674e-05,-6.426809e-05,7.573774e-05,2.6299867e-06,-1.8798005e-06,-0.00040017354,0.0010690611,-0.00030166094,0.00012353218,0.00018443984,3.063955e-05,-0.00018588293,-0.00017280178,-0.00037034944,-0.00014645758,1.6333523e-05,9.722912e-05,-0.00020848187,-6.65166e-05,0.00037883935,8.7613145e-05,-0.00013213967,-0.00016541708,-0.00075839175,8.986322e-05,-0.000260958,-0.00025013837,-5.6830686e-05,0.00013071726,-0.0012023267,0.00011282901,-0.00020798766,-0.0003402268,4.968806e-05,-0.00033654863,-0.00016756063,0.00026977411,0.00063500577,4.416137e-05,-0.00032581884,-0.0029354477,-7.072065e-05,0.0005565837,0.00049453287,-0.00016071749,0.00060405844,0.0006411847,-1.1932509e-05,0.000204599,0.0015052584,0.00013474592,-0.00077654544,0.0009156743,-0.000563635,0.00014672038,0.0024256515,0.00023329593,0.0004695386,-0.00025477228,-0.00028790283,-0.00015583544,-0.00065526087,0.0006315614,0.0002182211,-0.00015065713,1.7343253e-05,0.0004723962,-0.00040999433,2.793222e-05,-0.00086658145,-0.00059610396,-0.0009776853,-0.00015122417,0.00033245052,-0.00018645864,5.500977e-05,-0.0005195601,-0.0009305273,9.041526e-05,-9.7194585e-05,-9.4535635e-06,-7.638192e-05,2.0761217e-05,-0.0001927574,0.0023146535,-0.00045649018,0.00019990245,0.0005070189,0.0008865194,-0.00018509029,6.77927e-06,0.00068183756,-0.00020040244,0.00012386628,-0.00029515222,0.00071314594,0.00022491794,0.00015145604,8.542761e-05,-0.00030689532,-8.323362e-05,-0.00022030663,0.00038347236,-0.0003997253,0.00020021912,0.0003617067,-0.0001700074,4.7897e-05,-8.772007e-05,-0.00041761197,0.0007641774,0.0011248547,-0.00040456915,-1.1844763e-05,-0.00047891185,-6.2560735e-05,0.0008163199,0.0005750531,0.00035540565,0.000102210535,-0.00080255244,-0.00027960428,0.0003359166,0.00022061796,0.00016424253,-0.0004341037,3.642042e-05,-0.0016652948,-0.000117258016,0.00032638648,0.00029081455,-0.00045561587,-0.00010981285,-1.2673701e-05,0.00030535282,0.00057048927,0.00034703492,-0.00020126278,0.00021809002,-0.00024295735,0.00032991142,0.0003219197,-0.00053290033,-0.00080898596,-0.00010015029,6.281059e-06,-0.00091524207,-0.0007049734,-0.0006082289,0.0007792174,0.0001444829,0.0006082373,-0.00039924146,0.00015374912,-0.00045581232,4.375148e-05,0.0002473876,-0.00013703776,0.00049115473,-8.723184e-05,0.00012970797,0.00013120973,0.00016623459,-0.0007406994,-0.00032670898,0.00030622806,0.00016920973,0.00021690398,0.0005039974,-0.0005011908,0.00011731071,-6.220201e-05,-0.0011716655,0.00026995793,-0.0008504554,-0.00019408292,0.00015585894,-0.00031102618,-0.00072231935,0.0007959325,0.00017002929,-0.0005178224,0.0013997453,-0.0006349771,-5.0444265e-05,0.00020868529
0.00061689434,0.0011786501,0.00018196537,0.002638075,-0.0023694464,0.00051418296,-0.00024954995,-0.00026990043,0.00071951956,0.00024394807,0.00018277849,5.8709647e-05,0.00018024887,0.00024098014,-0.0007436764,0.0002865748,5.7789162e-05,0.00033461477,0.0008118937,2.6817914e-05,0.00015400023,0.00040236447,0.00016317052,0.00085977715,-5.175772e-05,-0.00015485837,0.00040359626,7.012753e-05,-0.00059185654,-1.9849907e-05,-0.0012662319,0.00011571543,0.0009214597,-0.0006020107,-6.286056e-05,-0.000497022,-0.0011945968,3.8366838e-05,0.00046365891,0.00021261313,-0.00019095656,3.8598773e-05,0.00028664255,-0.00032265196,-5.3079963e-05,0.0013243095,-0.00048916275,0.00043792007,-0.00082870683,4.9717568e-05,0.00019664597,-7.960723e-05,0.0013111086,-0.00029358812,-0.00023875694,0.00028919088,-1.5515032e-05,-2.9092938e-05,-0.00022311747,-0.00031850842,-0.00012606934,-0.00036577345,2.9919429e-05,0.0007982344,-0.0015063236,-6.6048284e-05,0.00034380413,-0.00026192545,0.00015585615,0.0010306302,-6.7024303e-06,0.0005385346,-0.0008211538,3.9798033e-05,-0.00026248163,0.0005349397,-4.3969038e-05,-9.147e-05,-0.00016233933,-2.4901228e-05,6.825222e-05,0.0010162042,0.0016900718,-0.00032298084,0.00033824955,0.0010079817,0.0007205243,0.0009370819,-9.5011615e-05,9.193633e-05,0.00051057205,0.00012563898,-0.00015471978,-0.00053927966,0.00022496561,-0.00024082107,1.18210355e-05,-0.0013501387,0.00055423117,-0.0010394204,0.00036168582,-0.0012141754,0.00015438868,0.00066890346,-0.0012963174,0.0010571085,0.00022593941,-0.00019306524,-0.00015777796,0.00011757655,0.00014721366,4.983607e-05,0.3413736,7.854074e-05,3.8029986e-05,-6.9607566e-05,-0.0005089987,1.3918982e-06,0.0001205582,0.0004744112,-0.0011563426,0.00013735043,-1.9054889e-05,-0.00014145953,0.0002951345,0.00016339977,0.0003255644,0.00017923088,7.420291e-05,4.720043e-05,-4.8248417e-06,0.00048476332,-5.3635595e-05,4.9135633e-07,-0.00031927085,0.0002172827,0.00028450682,-0.0002730166,-0.0017561205,0.00031962866,0.0007442729,5.1676005e-05,-0.00039624717,0.0013305175,-7.0181086e-05,0.00021986806,0.00037761574,-2.1475407e-05,0.00028107213,0.000143254,-0.00015141498,-0.00012152153,-0.0002073534,-0.00017718779,0.0018079036,0.0001025918,-0.00072216813,-7.850149e-05,-3.540964e-05,-0.00022289639,-0.00013182379,-3.2139822e-05,-0.0007358178,-0.00077824213,-9.008375e-05,0.0006711533,-0.00057304476,0.00042295727,1.327991e-06,-0.0020556238,-0.00074766536,-0.00037615767,3.640932e-05,0.0001828806,6.1278995e-05,0.0009481468,-0.0011303998,-0.00041753758,3.09713e-05,0.00043323005,-0.00055993913,0.00033423252,3.3219796e-05,0.0009106259,0.0005986569,0.00069126434,1.5836978e-05,-0.00038678205,0.00024792814,1.5448084e-05,0.0005010458,0.0009798534,-9.12915e-05,-5.2510983e-05,-6.0073406e-05,-0.0001385865,-0.00021124522,0.00028190078,-0.0016585216,0.00070246944,-0.0005901264,-0.0004098138,-0.00061435724,0.00034810993,6.586322e-06,-0.0001503768,0.00028092426,-0.00011587814,0.00032288302,9.089308e-05,-0.000678038,-0.00017674075,-0.00016842839,0.0013645001,0.00013095487,-0.00014532055,-0.00027510035,0.00037719953,-0.00021607627,-6.765009e-05,0.00017305484,-0.0007444172,-3.1735828e-05,0.00030634156,-0.0006461681,-0.0015643712,0.00012942796,-2.9644034e-05,0.00071356975,8.7311355e-06,-0.00031569885,-0.0010363685,-0.00021663333,1.4429235e-05,0.00066630635,7.851421e-05,-0.0005728,0.0006150728,-0.00015762118,0.0006037284,-7.633166e-05,0.0014107222,0.0005887172,-0.00012552753,-0.00088751287,0.00097154017,1.3342273e-05,4.042176e-06,-0.0006825424,-0.0003281467,0.0007380266,0.0001373255,-0.00017955137,0.00025744288,-0.00011613476,-0.0004105019,0.0005386904,0.00084575475,0.00051226316,-7.341098e-05,0.00037377438,0.00016574239,0.00035063614,0.0003506966,-0.00021011427,-0.00093808613,-0.00023672073,-5.648098e-05,0.0004899679,-8.9454414e-05,0.00044990436,0.00020482276,-0.000115382034,4.9778828e-05,-0.00011099187,-0.00014697826,-0.00047460015,0.00019106234,0.00025722414,-0.000844678,-6.868729e-05,0.00011350217,-0.000423984,0.00047062433,-0.00011538887,0.00011230935,0.0012289612,-0.00075004157,0.00031943896,-0.00029543252,-0.0002770144,0.00034574358,0.0010044053,-0.0009353471,-0.0010618138,0.0005804505,-0.002792858,0.00074358046,9.2232614e-05,4.2214378e-07
-3.8670943e-05,-0.00046847016,0.0003625401,0.002225403,0.00085168175,0.00039779587,-8.433742e-05,-4.2091622e-05,0.0011148703,8.664352e-05,0.00010985926,-0.00028367367,0.00010121865,0.0001882144,-0.00040662527,0.00023278291,8.081603e-05,-0.00011802194,-0.0006052517,0.00020073124,0.00018591448,0.00059523614,-6.1960345e-05,0.0011660253,-0.00014264972,-0.0006937615,-0.0004484856,8.018377e-05,-0.0018918335,0.001416009,-8.779747e-05,0.00019744725,-0.0014361033,0.0007653619,-0.0011485852,0.0009447045,0.00023275481,4.528546e-05,-0.0001285884,-0.00038163137,3.1257558e-05,-0.00036309156,0.00030067144,-2.945268e-05,2.4515111e-05,0.00017954418,-0.00061336585,-0.00050698937,-6.774242e-05,0.00022182502,0.00053127785,-1.718232e-05,0.00045400092,1.3067844e-05,-0.00067038886,-0.0016958431,0.00025229127,0.00014457744,0.00013653573,0.00011313721,-0.00018017508,-0.0002663865,-4.9148053e-05,-0.0010709477,0.00063376373,-9.175648e-05,-9.794905e-05,-0.00013517395,-5.799654e-05,-0.00043643644,0.00017631434,-4.300155e-05,0.00042692487,-0.00024752706,-0.00038524746,0.0012908054,0.0010208847,2.9059971e-05,0.00092409446,0.00050949247,-0.0003073856,-0.00010266724,-0.00016348413,-3.2965716e-05,-1.2763308e-05,-0.0010208818,-3.3216354e-05,0.00011754609,-0.00032940367,4.1627176e-05,0.00027323313,7.658227e-05,-0.00018545736,0.0012104865,5.6339668e-05,-6.9681584e-05,0.00044060592,-0.00019425667,-0.0006112059,0.0029082343,-0.00036911675,-0.0007309611,0.00021418571,-0.00020650084,0.001351968,0.00064885785,-4.4666227e-05,0.00037217655,-0.0010286872,-0.00044565095,-6.525244e-06,-5.9008562e-05,-2.8894132e-05,0.34064275,-2.9159022e-05,-4.9791226e-05,-0.00065908674,8.6452026e-05,0.00017805073,6.127112e-05,0.00032389985,-0.00033294313,0.0001375351,0.00011696702,0.00065516937,-0.00021834485,0.00021389894,-0.00044414474,-0.00018758683,0.00014279998,8.725165e-05,0.00035320132,-0.0001868391,0.00086392387,-0.0003842671,1.7928542e-05,0.00032414612,-0.0019180715,-0.002403474,2.5000387e-05,0.00035260784,3.340184e-05,1.0137237e-06,0.000851532,5.9742724e-05,-0.00035582777,8.630086e-05,4.4066786e-05,-0.0001448496,5.4934144e-06,0.00032184453,0.0009103606,-0.00023255251,-0.00072590134,-0.0037652394,0.0001996969,0.00014581856,0.001080279,-0.00039343123,0.00088213943,0.0012458666,5.085444e-05,-0.00051576976,0.001985135,0.000118837845,-0.00038389774,0.00081403553,-0.00044874923,0.0001917704,0.002115748,-0.0002999787,0.00022492424,-0.00024935819,-0.00034553758,-0.00021281546,0.00020995086,-0.00031651143,-8.8279785e-06,-9.3650444e-05,0.00066775404,7.765982e-05,-4.8011763e-05,7.130544e-05,-0.00012256685,-0.0002234036,-0.0006891599,-0.00026955435,-0.00017193977,-0.00018861615,6.7453075e-05,-0.00051257806,-0.00037827625,0.00016036909,-0.0002957085,-6.506692e-05,-1.8714312e-05,-0.00047188913,0.00017407729,0.0018105662,0.0003727528,-0.0005077101,0.0001279442,0.00073135097,-3.7026137e-05,-8.954376e-05,0.0008483809,1.8809265e-05,-0.00024203502,-0.00031396348,0.0008562302,-0.00040988167,-0.00042754607,-0.00013941879,0.0016011603,0.00019328744,-0.00056130433,0.00015570567,-0.0003316137,0.0001876234,0.001082247,0.000109798755,-0.0008059839,-2.07568e-05,-0.0003616516,0.0005492178,-0.00019086176,-0.00046581452,0.0001128923,0.00018656859,-0.00011184784,0.0012255313,-0.0008549661,0.0004784106,0.00022682498,-0.0005259133,-0.00014196515,-3.2803553e-05,0.0010991797,-2.1083184e-05,-0.000118389544,-2.0743828e-05,-0.0007303176,0.00041460473,0.0002806845,-0.00073498406,0.00055881235,-0.00016763974,-7.3603434e-05,-0.0002815683,0.00054378784,0.0017524568,-6.316456e-05,-0.00013285379,-0.00018556693,0.00041874914,-0.00015742624,-0.00026468156,-0.00028859125,0.000345829,-7.604352e-08,-0.001259749,-0.00090993,-0.00068141526,0.0014566717,4.315598e-06,1.5672189e-05,-0.000907454,8.641014e-05,-5.830826e-05,2.3575183e-05,0.0009020441,-0.00012887207,0.000640375,9.377494e-06,6.84151e-06,8.9603054e-05,-0.00031915904,-0.001158803,-0.0002754775,-0.000105221894,0.00022069649,0.0006463496,0.00045977806,-0.00036696382,0.0001547644,7.592488e-05,-0.0014992844,-0.00015704088,-0.0012535779,-0.0007701585,-0.000113030546,8.8558816e-05,0.00026739296,0.00016120479,-0.0011033138,-4.4370492e-05,-0.0022292526,-0.00011678382,0.00011915467,-6.866537e-05
-1.615412e-05,0.00018896096,-7.3102046e-07,-3.8640275e-05,2.6841008e-05,-0.00024732013,-6.6084904e-05,4.9531187e-05,-6.319651e-05,1.0683911e-05,-2.1273088e-05,0.00014764431,4.184701e-05,-3.4302608e-05,2.4657966e-05,3.8729777e-06,-7.0197035e-05,5.302651e-05,9.17251e-05,0.00013082176,-6.4730284e-07,-5.8929967e-05,-4.208827e-05,-7.6728225e-05,4.1287407e-05,1.7818507e-05,-0.00040128746,2.4162051e-05,0.0001340011,4.7793e-05,-0.000104220984,1.3416298e-05,7.067525e-05,-2.1547221e-05,6.25657e-05,-0.000103807244,-9.4548144e-05,-3.808215e-05,-2.9753111e-05,-3.5779522e-09,-9.245768e-06,-0.00013277843,4.7742076e-05,7.2901115e-05,-1.3622395e-05,-0.0001404431,-0.00015162757,-7.656013e-05,1.9648327e-05,6.499301e-05,-6.1098326e-05,-2.5633932e-05,-2.3196311e-05,-5.695738e-05,2.6426209e-05,-0.0001334527,-4.6721703e-05,-1.7364648e-05,8.571773e-06,7.2620724e-06,-8.029885e-06,1.9734682e-05,5.6229626e-05,4.157633e-05,0.00021614086,6.9266454e-05,7.990977e-05,-3.0036192e-05,3.4053326e-05,0.0001369071,-8.6277705e-06,-1.8393419e-05,-0.00023375018,-8.381295e-06,-1.5947615e-05,7.515261e-05,8.706127e-06,5.9184844e-05,3.8329177e-05,2.817313e-05,-1.9857025e-06,4.219429e-05,-1.9357652e-05,-6.764756e-06,1.2088168e-05,0.00038055488,3.09205e-05,0.00015115259,2.8053353e-05,1.2537476e-05,3.444827e-05,4.4468412e-05,-6.6134216e-06,3.0415706e-05,-1.3521823e-05,-4.610367e-05,-5.5235792e-05,-7.29161e-05,-2.7350925e-05,-0.00010489206,-1.0346692e-05,0.00016293411,1.7310424e-05,9.374607e-05,-2.1006603e-05,-7.885198e-05,-0.00026132818,-9.2203045e-06,0.00013536283,-1.3156463e-05,-2.8625725e-05,1.2054238e-05,-3.3237404e-05,4.3620294e-06,0.3416611,6.9892e-05,-7.740376e-05,1.1223966e-05,-9.703093e-06,4.4973356e-05,-2.1641546e-05,1.6112966e-05,-6.1924235e-05,5.6471063e-06,1.4186244e-06,3.3632707e-05,3.0307894e-05,0.000105580206,1.3868848e-05,-8.579127e-06,3.3843404e-05,7.7136654e-05,1.2754971e-05,-1.5981128e-05,-1.3555389e-05,-3.823078e-05,1.1634499e-05,9.295325e-06,1.2311339e-05,2.6835241e-05,9.703823e-06,4.8974827e-05,-0.00013430364,-0.0013033681,1.1413685e-05,-3.28939e-05,0.00036570829,-2.1963728e-05,-6.630275e-05,5.28732e-07,0.00012867793,-1.988269e-05,4.6619763e-05,-0.0001089042,1.6970967e-05,2.5663212e-07,-0.00020567776,0.00017937698,-7.030263e-05,4.9627946e-05,-0.00011766078,-2.9983697e-05,6.559098e-05,-0.00038587142,2.0929638e-05,0.00013292558,1.2446315e-05,-7.033253e-05,-2.052958e-05,1.2538156e-05,-0.00017746596,7.4307136e-06,-2.0774267e-05,2.8141993e-05,-5.939758e-06,-1.8878041e-05,2.6863383e-05,-7.164373e-05,-4.773071e-06,2.2461003e-05,-3.5314115e-05,2.5800156e-05,-1.2585912e-05,-6.767524e-05,1.7637629e-05,6.305676e-05,-3.3501765e-06,-1.6878244e-05,1.6771246e-05,-3.7566308e-05,7.449306e-05,1.60118e-05,1.7806777e-05,-6.30464e-05,8.2154904e-05,2.747753e-05,-4.5037115e-05,1.8772032e-05,4.9672868e-05,-0.00015796175,5.5543478e-05,6.796495e-05,-0.00013142875,3.602115e-05,6.508827e-05,8.0390375e-05,2.590389e-05,-2.8312517e-05,-2.577083e-05,-5.8082518e-05,-0.00016475191,0.00015155306,1.9385592e-05,4.9025955e-05,-4.95432e-05,-4.0663544e-05,2.5522786e-06,-6.6818593e-06,2.1361462e-05,-0.00036357893,1.6088889e-05,-4.8633123e-05,9.644211e-06,9.934773e-05,-6.906442e-05,-9.754836e-05,-9.206507e-06,4.9209866e-05,3.0948806e-05,1.0745777e-05,7.968329e-05,6.0762293e-05,7.8444245e-05,-5.8220226e-05,-6.7706073e-06,-3.1367372e-06,-0.00010794591,0.00016957284,5.8505873e-05,-9.556163e-06,4.519782e-05,-4.8064423e-05,8.664357e-05,-4.6113346e-06,1.5337522e-05,0.00012476946,-9.434846e-06,-6.9979037e-06,-4.889708e-05,-5.762622e-05,1.897977e-05,6.5981454e-05,-5.0208968e-05,-1.603182e-05,9.4128645e-06,0.0001747727,1.7459439e-05,-9.5813026e-05,6.538592e-05,-3.047421e-06,3.844255e-05,-0.0002148532,2.2414366e-05,-2.229741e-05,4.9785867e-05,-1.7153116e-06,-0.000105251704,-8.8718545e-05,2.1192547e-05,2.0465844e-05,8.7450266e-05,2.128174e-05,-2.4201363e-06,1.1391782e-05,2.1537144e-05,-1.7731691e-06,1.4714188e-05,-4.580279e-06,-7.187212e-05,3.8788497e-05,2.9510775e-05,2.5583318e-05,-1.0993422e-05,5.6519122e-05,-5.371151e-06,2.5558652e-06,0.00050248654,-2.0864178e-05,-2.763198e-05,8.45795e-05,-3.0494548e-05,3.0253319e-05,-5.9731734e-05,-6.4887456e-05,-0.000111684145,1.7714918e-05,-0.0003237396,-1.7999071e-05,-1.644591e-05,0.0001853765
0.00015879735,-0.0009771517,-0.00031793563,-0.0020429806,-0.00049666385,0.0003894479,0.00088497985,-7.7239296e-05,0.00014023558,-0.0001252827,-3.7729096e-06,1.2622185e-05,-0.00012896775,6.3147105e-05,0.00015033827,-0.00012438295,0.0005383853,4.6580928e-05,-2.2964756e-05,9.2262344e-05,9.114283e-05,-4.1200008e-05,-0.000121313824,0.00015720524,-0.00014853338,0.00020877046,0.00038796564,1.1970777e-06,3.4110766e-05,0.00025513896,0.0009171987,-1.6604956e-05,0.00016030225,-0.00015230151,-0.00014065464,4.3412743e-05,0.00029229152,-0.00018623963,-0.00017158595,-0.0001718847,4.037448e-05,0.0005433364,-0.00034603965,0.000424416,3.6273457e-05,0.0005597035,-1.8488587e-05,-0.00024316477,-0.0005485312,-0.00024446362,8.974733e-05,-7.7253535e-05,-0.00025984173,-2.0483058e-05,7.918071e-05,0.001060694,0.00019726195,3.9567207e-05,0.00010093719,-0.00014393213,-2.4969399e-05,6.1231e-05,-9.574902e-05,-0.00040924337,-0.0010585708,-3.222359e-05,-0.00015874521,-3.9145838e-05,9.241945e-05,-0.0003136911,0.00025985646,-0.00019999187,0.00067886425,-7.427816e-05,2.4569545e-06,-0.0010468157,3.808652e-05,-3.0449995e-05,-0.001042103,7.9499405e-05,-0.00018477137,-0.00015344328,0.00016124285,-0.00024615906,-0.00014029523,0.00010261819,-0.00044615046,-0.00072942965,6.307213e-05,0.00012724573,-7.922249e-05,6.846031e-05,-0.00014229343,-0.0004930879,1.1785315e-05,-2.468649e-05,2.5548316e-05,6.963982e-05,1.1643273e-05,-2.0160718e-05,-0.00030403622,0.00035066443,-9.331709e-05,-0.00030472517,-7.069652e-05,-0.00043233632,-0.0005120167,-0.00015135728,-0.00011020654,-0.00014018998,4.325417e-05,-0.00010509557,6.3960695e-05,-1.8400784e-05,-2.0947828e-06,0.3420566,2.6614249e-05,5.8919937e-05,9.003448e-06,-4.847705e-05,0.0002366356,-0.00014067077,-0.00018531259,-0.00012185469,-3.6995512e-05,-0.00038106303,-1.9980856e-05,0.00038091574,-0.00012277311,1.6672293e-05,8.9243375e-05,-0.00018259873,5.6550147e-05,-0.00012218049,9.241717e-05,-0.00011408314,0.0001326528,0.00033951266,0.00067579985,-0.00012924644,-0.00036814157,0.00013898597,0.00082434894,-0.0009883951,-0.00016013165,-0.00049476017,-0.00031859335,-6.178997e-05,-0.000110293564,6.796064e-05,0.00033650294,-0.00024317623,0.00018000042,0.0002766907,0.00027658802,0.00023501317,0.00016988872,0.000480921,-0.00020965835,-0.000182031,-9.680676e-05,-2.9921564e-05,0.0006086537,0.0008467456,-0.0001881931,-0.00033273073,-3.774711e-05,-6.573476e-05,-0.0002215777,0.00011385204,-0.00027967806,-0.00015816824,-0.00011383419,8.661937e-05,-3.7637386e-05,-0.00027614928,0.0003600569,0.0005547839,0.00026546605,-0.00031995625,0.00034653477,5.5168468e-05,3.330678e-05,0.00026368577,-0.00010698681,0.00035769868,-0.00015730935,-2.216055e-05,-0.00016211391,-7.3344505e-05,-0.00062586245,-9.1726375e-05,8.0225334e-05,-0.00015014914,-8.109166e-05,0.00010626641,-0.00016471688,7.211494e-05,0.00013210627,0.00045510218,3.7012387e-06,-0.00021998785,-0.00047118662,-0.0005118442,-3.809017e-05,-0.00046906935,-0.00016393604,-0.00011283516,-0.0002868789,-0.0016475881,0.00020732214,-0.00055698294,-7.403411e-05,-0.0014853117,1.3710294e-05,-0.00014141784,-8.8263354e-05,-4.5535242e-05,0.0001784465,0.0003349516,1.7504854e-06,-0.00021691827,1.3940411e-05,0.00025793767,0.00020464275,0.00034661603,7.791085e-05,3.3590477e-05,-0.00020541804,4.62363e-05,0.00032273406,-0.00018147934,-0.00010525319,8.0882615e-05,-0.00013350902,8.978774e-05,0.00024140596,-0.00069059007,-8.5021864e-05,-0.0007535484,-0.00017174537,0.00035951097,-0.00015198065,0.000117888085,0.0004906508,3.0378043e-05,3.236432e-06,-4.985112e-05,0.0004950211,-0.00016810655,-2.7589744e-05,-6.836478e-05,-4.2610554e-05,-0.00020998254,8.923617e-05,-0.00013423518,-0.0001806033,-4.295117e-05,-0.00023233605,2.91141e-05,0.00032575685,0.00032332496,-1.8643865e-05,-0.0012184806,0.00042666454,0.0004831531,0.00036117903,7.890414e-05,0.00013568942,0.00014593455,-0.00046284075,-5.8095666e-05,0.00023911594,-7.718336e-08,-2.5030786e-05,0.0001220018,0.00023381574,0.00017396909,7.5764874e-05,0.0012146716,3.3317832e-05,-7.42455e-05,0.0002660835,-0.00021042528,0.00014119614,3.690346e-05,-0.000937608,0.0006569217,-0.00026427655,0.00027915154,3.853851e-05,-5.323669e-05,4.3664724e-05,0.00016366143,0.0007812636,-0.00017047513,0.00035495908,-0.00043635024,0.00014771022,-0.00079389795
0.0013866859,-0.00033468028,-0.00028893517,0.0007968384,-0.0032999679,0.0007350268,0.001632412,-0.00048312132,0.0020337675,0.000300611,0.00037079398,3.816783e-05,0.00014654348,0.0007495761,-0.0006282677,0.00019496042,0.0011648664,0.0008209329,0.0010697533,0.0003656057,0.0008023379,0.0007067231,8.252826e-06,0.002011249,-0.0003253691,-0.00011410063,-0.00044425178,0.00041598428,-0.0017712809,0.0023502451,-0.00039270218,0.00037269367,0.0005004738,-0.00069662335,-0.0010905267,-0.00014786293,-0.00071257533,-0.00041496032,0.00028384433,-0.0006035119,-0.00025870829,0.00030621298,7.9465455e-05,0.0003479193,-5.6708628e-05,0.0023587886,-0.0022046769,-0.000651227,-0.0018806565,-0.0002671436,0.0005299433,-0.00021630868,0.0017214384,-0.0008453562,-0.001016365,2.3771827e-05,0.0004045123,0.00018298729,-0.00018080266,-0.0008623423,-0.00043211444,-0.00037975525,-0.0001099915,-0.00011985997,-0.0020213244,-0.0007567533,0.00031191797,-0.00055625674,0.00032480268,0.0011327014,0.00040004202,2.103367e-05,-8.8636414e-05,-0.000255367,-0.00083789066,-0.0004184029,0.0008081964,-3.943327e-06,-0.0012161813,0.00058727845,-0.00022262473,0.00141727,0.00094621885,-0.0012453995,0.00016365535,0.0024549859,0.00040109546,0.0006177644,-0.0002454295,0.00048492567,0.00090438005,0.0003205861,-0.0008126276,-0.0011752589,0.000264082,-0.0005644122,0.00061749056,-0.00162215,0.00023118328,0.00074495305,-0.00058622955,-0.0009451725,-0.00013980817,0.001039677,0.00064630073,0.00062708004,-0.0024194953,-0.00059906516,-3.7733946e-05,-0.0008636613,0.0003071076,-0.0002820386,-0.0005834878,3.444496e-05,2.242584e-05,-0.00016939628,0.33940968,0.00030472412,0.0004636613,0.00075680914,-0.00093387516,-0.00019452497,-0.00040888428,-0.00017885226,0.0007073311,-0.0005791527,0.0006747333,0.002010088,-0.00022672037,1.6960223e-05,0.00019630732,0.0008729306,0.00015438058,0.0005143492,-0.0006483185,0.00014378862,0.0009235066,-0.001190765,-0.002907927,0.00028385737,0.0007878124,0.000569406,0.000643989,-0.00087523303,-0.0005352427,-0.0013295985,0.0008497699,-9.1821654e-05,5.9020236e-05,0.0004611262,0.0016112402,-0.00027344626,0.000117878866,-0.00087741297,7.5044154e-06,0.0006658391,-0.0017385115,0.0028818508,-0.001233579,0.00047827125,0.000103713464,-0.00025218687,7.419155e-05,-9.146622e-05,-0.0003423069,0.0004953794,-0.00016677879,-0.0003109493,-0.00016608684,-0.0005342816,-0.0029328538,-0.0008335583,-0.00019733653,0.00068056304,-0.0003170334,0.0010488956,-0.0009910889,4.3169606e-05,0.00033794055,0.00045944744,3.0897412e-05,0.00045817028,0.00016139969,0.0014864025,0.0006919796,0.0015595378,-0.00025940922,-0.00084439863,-0.00021224635,-6.449517e-05,-0.00082356,0.0009511875,0.0002813452,-0.0008790503,-0.00034901686,-0.00019998982,-0.0011538132,0.00077336445,-0.0006568965,0.0020927405,-0.0014017228,-0.00043347228,-0.0015631213,-0.00019122458,-6.288097e-05,-0.00016471485,5.5258868e-05,-0.0007777467,0.00019616418,-0.0029193084,-0.001813619,-0.0010485504,-0.0008273702,6.214576e-05,-0.0004482588,-0.0011475389,-0.00062412996,0.00019926655,3.3537326e-05,0.00027205553,0.0005344347,-0.0024727904,4.4973487e-05,0.001498326,-0.00026809363,-0.0017506861,9.753063e-05,0.00022021552,0.00095387443,-3.587439e-05,0.001488845,-0.0022371328,-0.00011524076,0.00017625562,0.00034738984,0.00041644418,-0.0006914724,0.0013041021,-0.00045627818,-0.0012427809,-0.00025147008,0.002568848,0.0015265689,-6.2585656e-05,-0.0004314086,0.0023614718,-0.00015766417,-0.0003201686,-0.00031859177,-0.00084846735,0.0021416435,0.00040025203,-0.0004536603,-0.000283119,0.0006515592,7.056911e-05,0.00035327455,0.00057005597,0.0009130511,1.791543e-05,0.0003571939,-0.0011349691,0.00021298233,-0.0012336344,0.001134085,-0.00031670154,-0.00093751395,-7.679847e-05,0.0013113264,0.00040580283,0.00059675606,7.287722e-05,0.0011962247,-1.7473143e-05,-0.00022229365,0.000117553,-0.00026642065,-0.0002226195,0.0002628261,0.0018331958,0.0004789743,0.0006327942,0.00022494882,0.00056658476,0.00030531894,0.0004682365,0.0011303108,-0.00013508681,-0.0016078844,-7.446147e-05,-0.000422392,0.0004885628,0.0013999018,-0.0012215887,-0.0014140878,0.0005940308,-0.005514621,0.00045371155,0.0005664757,-0.0008759336
-0.001148179,0.0024682388,0.0006742372,0.0037791037,0.002161179,-0.0010271138,-0.002962795,0.0003554592,-0.0019520347,5.1663108e-05,-0.00022493376,0.0001945262,0.00019654311,-0.00077976007,-2.0318046e-05,0.00014162842,-0.0018808839,-0.0005776802,-0.0004716581,-0.00049798435,-0.0008820745,-0.0004901169,0.00015203487,-0.0019739042,0.00045352255,-0.0002483474,0.0002733296,-0.00023000866,0.0014059752,-0.0026858416,-0.0016407957,-0.00031498136,0.00011886498,0.00040655918,0.0015706617,-0.00030808483,-0.00066519645,0.00078910554,0.00026154047,0.00090697315,9.1553855e-05,-0.001040306,0.0006285865,-0.0011464487,2.3189048e-05,-0.0017753121,0.0019160314,0.0012714249,0.0020684444,0.00063024164,-0.000652485,0.00017586927,-0.0005556795,0.0007296867,0.0008392989,-0.0013696437,-0.00054786337,-0.00027464793,0.000107698106,0.00083762227,0.0006256133,7.536753e-05,0.00021082252,0.0012193712,0.0026936592,0.0007360814,0.00021044089,0.00047297776,-0.0003463217,4.4045726e-05,-0.0007538695,0.00061556033,-0.0014137299,0.0005067975,0.0007916653,0.0022423973,-0.0010549866,0.00010803147,0.0022987141,-0.0008192121,0.00038046192,-0.00056195876,-0.0001986946,0.0013353097,0.00024198453,-0.0019403166,0.00081007666,0.0010266283,0.00031419803,-0.00062510825,-0.0004478098,-0.0003191718,0.0009529066,0.0012265235,-0.0001544509,0.00047687916,-0.00078173395,0.0007504055,0.00017481767,-0.002094896,0.001321789,-0.00024889008,0.00029407925,-4.1468567e-05,-0.0014330295,0.0005782986,0.0029668978,0.0005690245,0.00030129147,0.0011698508,-0.00031465804,0.00031045248,0.00021601724,7.892242e-05,5.98384e-05,0.00021618704,0.0012230999,0.34065703,-0.00020344816,-0.00037027383,-0.00025696354,0.0005719601,0.0003773447,0.0003000965,-0.000507039,0.0012612488,-0.00032652996,-0.002233542,0.00046260166,5.1397914e-05,-0.0003622954,-0.00018987668,-0.00025122543,-0.00046746456,0.00033502543,0.00014077612,-0.00088828633,0.0008747473,0.0009787125,0.0001756961,0.00016785403,-0.00087849546,-0.002111737,0.0021252392,0.00063078245,0.0022898708,0.00014661757,0.00012450683,0.00029706396,-0.00046532674,-0.0021448296,0.00040747205,-0.00046227878,0.00044432134,0.0007953766,-0.0010740324,0.0007873747,-0.0035029128,0.0015249617,-0.00039836118,-0.00021039929,0.00036153512,-0.0012328575,-0.0019298237,0.0005649993,0.00060028065,-0.00028010647,0.0006361444,0.00067905814,-0.0008799603,0.0030352212,0.0007070782,0.0004074829,-0.0006449927,0.00046063293,-8.353938e-05,-0.00013136792,-0.001183957,-0.0006913553,0.00021013783,-0.0009693095,-0.00025338278,-0.00017573714,-0.0012157274,-9.8328805e-05,-0.0014742444,0.0005393134,0.000706992,0.0005207105,5.8649995e-05,0.002049425,-8.373216e-05,-0.00050673395,0.0010949969,0.00038028884,0.00031159713,0.0013271824,-0.0006901437,-0.0004927083,-0.0022695668,0.0010512699,0.0004887094,0.0017057108,0.0012392793,0.0001707851,0.00065322086,0.0003751934,0.00088448345,0.00033769093,0.0052368175,0.0011119863,0.0017730083,0.0007224823,0.0033395016,0.00027142026,0.0014540355,0.0005374739,0.00011403317,-0.0005020434,-0.0011524735,-0.000451805,0.002431391,-6.148648e-05,-0.0016638612,-0.0005204518,0.00028957828,-3.368035e-05,-0.00026211323,-0.00020355586,4.2638476e-05,-0.002210586,0.001770531,9.325872e-05,-0.0004572946,0.00035055357,-0.0006335932,-1.9295414e-05,0.00015299683,0.00045270287,0.0026155054,0.00041400574,-0.002017404,-0.0010409801,-0.00020387255,-0.0008643206,-0.0019231746,0.00019300323,0.00041763007,-0.0008823522,0.0008399415,-0.0019316843,-0.00010577246,0.00027015395,0.00083553756,-0.0009167798,4.785143e-05,0.0002854123,3.8108145e-05,-0.00034107224,-0.00011460869,-0.0004976819,0.000805385,0.00017111935,0.0027589821,-0.0018718685,-0.0010249368,0.00039583538,-0.0001384815,-0.0011733285,-0.0006398232,0.00020617731,5.3762597e-05,-0.0017117754,5.138917e-05,0.00021352187,-0.00038072595,-0.00025534595,0.00023562273,-0.00027382918,-0.003949617,-0.0005926921,-0.00052425417,-0.00096222456,0.00015816544,-0.00060550665,-0.00046365464,0.0013004276,-0.0012068322,0.0022053237,-0.00040331145,0.00021290037,-0.000116165415,-0.0008107471,0.00041071506,-0.00030599016,8.504166e-05,0.003110465,0.00080823165,-0.00083189114,0.0020665708
-0.0010290822,-0.0013988797,-3.9967865e-05,-0.0033015371,0.0034896473,-0.00057957834,-7.385442e-05,0.00042340785,-0.0012141148,-0.00047721784,-0.0002632781,-1.3516042e-05,-0.00037435006,-0.0003849037,0.0010606447,-0.00039938983,-0.00023243105,-0.00063797116,-0.0012085978,-5.9129874e-05,-0.0003722502,-0.0006538252,-0.00011261879,-0.0015167455,1.3805658e-05,0.00015256245,1.3654004e-05,-0.0002983253,0.0011295124,-0.00080589746,0.0016949094,-0.00020280047,-0.0013669746,0.0009676108,0.00022076217,0.0006611583,0.0017429368,2.936931e-05,-0.0006341174,-0.00019270598,0.0003935541,2.0274505e-05,-0.00039903686,6.4886364e-05,0.00015573742,-0.001496097,0.0012525216,-0.0003743813,0.0013251881,-0.0001453348,-0.00023324997,9.289527e-05,-0.0019270334,0.0005761159,0.00047091642,3.449415e-05,7.122341e-05,4.2922627e-05,0.00023816896,0.00059229904,0.00017854286,0.00052230887,-0.00014891234,-0.0011006995,0.0020045105,0.00033208838,-0.00062058296,0.00040290353,-0.00023293184,-0.0016375904,1.0331334e-05,-0.0006382718,0.0010891263,-0.00012214805,0.0005148309,-0.0005865528,-4.5481374e-05,8.86927e-05,0.00027465937,-0.00012104734,2.6212032e-05,-0.0016838368,-0.0020089503,0.0007217108,-0.0005816878,-0.0021359192,-0.0010790271,-0.0014940995,0.00010490195,-0.00020196654,-0.000862234,-0.00018749686,0.000388753,0.0009159443,-0.0003234979,0.0004035529,-5.6381177e-05,0.0019034127,-0.0006711358,0.0011941637,-0.00036272348,0.0014658205,-8.5585154e-05,-0.0012686576,0.0012326918,-0.001329157,0.0005087545,0.00040920544,5.3233944e-06,3.4366603e-05,-0.00022960374,0.00017589275,0.0006112512,-9.5686744e-05,-7.507558e-05,6.41966e-05,0.0010158598,-0.00010550497,0.3415811,-0.0007671845,0.0016153138,-0.00021058087,0.00022129207,0.00022851063,-0.00047299245,-0.00022447875,-0.0006237457,-0.0009009478,-4.217001e-05,-6.385021e-05,1.7348164e-05,-0.0007908106,1.3406207e-06,-0.00015410528,0.00054940826,-0.00028565197,-0.00053817744,0.0006136315,0.002713097,-0.0004270183,-0.0010431166,-0.00024507084,0.00043427557,-0.0016781911,0.00032516642,7.645529e-06,-0.00074366765,5.7608187e-05,-0.00036768304,-0.00029019598,-0.000302105,0.00024430774,0.00023702416,0.00054138387,-0.0015817739,-9.208847e-05,0.0015990657,-0.0008666913,0.00029429514,1.673526e-05,0.0002154486,2.778049e-05,0.0009003092,0.001763588,0.00012279856,-0.0011087713,0.00073754846,-0.00041354427,1.6250586e-05,0.0022032973,0.0016206807,0.00063665304,-0.000112405774,-0.00038517252,-1.1405277e-05,-0.0013892556,0.0016683253,0.0006816529,-3.618791e-05,-0.000650247,0.0007373253,-0.00052314834,-6.875339e-05,-0.0013610681,-0.0009753861,-0.001250875,-6.195465e-05,0.0006712893,-0.00015688302,-2.9728326e-05,-0.00048597925,-0.001446688,6.40971e-05,0.00020443456,0.00015615126,0.00013749069,0.00046219977,-0.0005156572,0.0020096716,-0.0010653514,0.001038728,0.0004945879,0.0009357416,-0.0005330179,4.2594504e-05,0.00010068927,-0.00040751876,0.00042671032,-0.00047576294,0.00057183154,0.0014224506,0.00024980985,0.00039823147,-0.0019242546,0.00022795888,0.00026826534,0.00047801452,-0.00052361086,0.00033011474,0.0002704966,-0.0003648019,0.0015748829,1.0176969e-05,-0.0007249448,0.00097053463,0.0023984488,-0.00021539645,-6.7939734e-05,-0.0010945885,-1.3020563e-06,-7.850258e-05,0.0017672905,0.00018946272,9.58714e-05,-0.0009485747,-0.00027355828,0.00096321467,-0.0013037988,0.00039402404,-0.0002940232,7.928299e-05,-0.0023803338,-0.0010142162,0.00026452058,0.0010498975,-0.0015997813,7.150499e-06,3.4918347e-05,0.0009828829,0.00063451036,-0.0012595162,-0.00041590215,0.00036179955,-0.00026637156,4.625686e-05,0.00019895808,-0.0007700498,-0.0008766317,-0.0009746448,0.00010876058,-0.0004972792,0.00041123352,-0.00053981657,-0.00013213266,-4.736098e-05,0.0012080725,0.0006455982,0.0002145896,-0.00091012655,1.26822e-05,-0.0007258739,-0.00030970198,-0.00021793545,-1.874027e-05,0.00020066841,0.00016826244,0.00069797726,-0.00015205509,-0.000327978,0.00052497897,-3.2526375e-05,-0.0003322368,0.0005365277,-0.000797385,9.118208e-05,-0.00024497384,-0.0019731668,0.0010117781,7.1078444e-05,0.00039775256,0.00039491212,-0.00059372,-0.0014704914,0.0014476005,0.0020088034,-0.00090436667,0.0044223703,-0.0011552102,-0.00017381058,-9.471233e-05
-0.001192834,-0.0011434008,9.448132e-05,-0.0025877901,0.004391981,-0.001122042,-0.00034002657,0.0005752418,-0.0013403908,-0.00045760328,-0.00032636715,-1.454337e-06,-0.00027231398,-0.00033648958,0.0014850678,-0.00042985912,-0.00053153647,-0.0006422335,-0.0013895226,3.4274293e-05,-0.00030938684,-0.0005565578,-0.0002384538,-0.0014294597,-7.73598e-05,1.13355845e-05,-0.0010943059,-0.00031056866,0.0010525124,-0.00016164652,0.0013148689,-0.00022291302,-0.0018378026,0.0012524937,0.00013951161,0.00082280557,0.0019484606,5.0922827e-05,-0.0007246479,-0.00024716824,0.00040795596,-0.0004691935,-0.0002638991,0.00010071334,0.00013080063,-0.0027823483,0.0008488085,-0.0006541481,0.0019338835,-2.6932164e-05,-0.00033205602,0.000118857024,-0.002184863,0.00049305387,0.00030453282,-0.0010586553,-0.00018468098,9.162781e-05,0.00016627286,0.00069168134,0.00029323922,0.00063207146,-0.00014857433,-0.0010731735,0.0031287107,0.00054809835,-0.0006338328,0.00045607353,-0.00031232828,-0.0015675541,-3.83219e-05,-0.00084638316,0.00071741984,-0.00023497142,0.00041146087,-2.6951326e-05,0.00018860567,-4.471615e-05,0.001142015,1.1936927e-05,3.8138103e-05,-0.0018404939,-0.0023193602,0.0007788339,-0.0006532198,-0.001257115,-0.0011506773,-0.0012821426,4.0794002e-05,-0.0002447688,-0.0008752171,-0.00020204307,0.00035087435,0.0018109115,-0.00039257904,0.00046747498,-9.358644e-06,0.0020922595,-0.0010068516,0.0020020683,-0.0004799352,0.0019162273,-0.0002053166,-0.0011731092,0.002200442,-0.0015082876,2.3180495e-05,0.0004301288,0.00014331096,-0.00018843464,-0.00021572557,0.00018764003,0.0006988541,-0.00015185616,-9.892029e-05,-8.295173e-05,0.00087689795,-4.2977794e-05,-0.00020709983,0.3401925,0.002035973,-0.0003284994,0.00035341165,0.00037026647,-0.00048463728,-0.00011958546,-0.0006527368,-0.0005253138,-5.9842856e-05,-6.27461e-05,1.932816e-05,-0.000720626,2.381336e-05,3.4910714e-05,0.0005071889,-0.0003437549,-0.0005993901,0.00029621948,0.002360961,-0.00053316273,-0.000834206,-8.4118685e-05,0.0002166852,-0.0025944856,0.000259128,-0.00012532758,-0.00042048335,7.086116e-05,-0.000549854,-0.0003365976,8.3082945e-05,0.0004820351,0.00020190472,6.9439346e-05,-0.0027732798,-0.00012722821,0.001120716,-0.0002943062,0.00016888103,0.0003643003,0.00020243913,-2.1662572e-05,0.00092303293,0.0014845371,0.0002636547,-0.0012931235,0.0010780209,-0.00078000326,0.00011658537,0.0028943513,0.0010506148,0.0007965741,-0.00012525558,-0.0003794126,-0.00010714221,-0.0015813276,0.0018266538,0.0005426187,-0.00019691746,-0.00057231216,0.0009049994,-0.00066254375,-1.6412718e-06,-0.0018862959,-0.001114529,-0.0014940338,-0.000118120675,0.00064219494,-0.00017745244,1.7233078e-05,-0.00043208757,-0.0017124598,9.599716e-05,0.000104648374,0.00020996964,5.431156e-05,0.0004472876,-0.0005722117,0.0027323344,-0.0015923106,0.0009846473,0.0009798288,0.0011992967,-0.00032551505,1.7406368e-05,0.0006582777,-0.00044720474,0.00034397576,-0.00043777356,0.00094549364,0.0010343371,0.0007465744,0.00046472184,-0.0018366702,7.6365875e-05,0.00014782428,0.00063225965,-0.0005500343,0.0004915804,-0.00014186962,-0.00038722917,0.0013330843,-5.8937057e-05,-0.000616316,0.0012159774,0.0025813852,-0.00040019947,-0.00012899714,-0.0011895568,1.2229958e-05,0.00043317815,0.0020404581,0.00040189506,-2.7788526e-05,-0.0012817782,-0.0002904102,0.0007062154,-0.0005561582,0.00033422295,-0.0005614813,0.00010527277,-0.0030600966,-0.0007028859,0.00038272064,0.00137902,-0.001546384,-5.4016466e-05,3.1093525e-05,0.00093272515,0.0007032487,-0.0010850654,-0.0002983842,0.00043842205,-0.0003497911,0.00022496916,0.00067926757,-0.00089492265,-0.0014751853,-0.00074779487,0.00011747708,-0.00088963343,-0.00040138434,-0.00068560016,0.00041324573,0.000116920026,0.0012841925,8.394223e-05,0.00029385576,-0.0009785565,-7.5355138e-06,-0.0003766656,-0.00027876682,2.086166e-05,-7.621097e-05,0.00022551499,0.00016595815,0.0007350437,-0.00048555704,-0.0005543146,0.00047541742,0.0001385992,-0.00018375754,0.00064702495,-0.0008007445,9.345279e-05,-0.00018794759,-0.0013977767,0.00076344295,-0.00036720114,0.00035163146,0.00037787086,-0.00066283584,-0.0017653463,0.0015585234,0.0014037697,-0.0010480331,0.0043262052,-0.0012338294,-0.00017146465,0.00056666316
0.00071154605,0.0014111383,0.00034836208,0.0030342767,-0.0038682183,0.0012400012,-0.00038397184,-0.0005004149,0.0005285227,0.00033505057,0.00015938855,3.1856245e-05,0.00028273131,1.7082582e-05,-0.0015770162,0.000445541,9.055078e-06,0.00031413813,0.0012273148,-0.00018107684,-0.00010504941,0.00021587418,0.00025441995,0.0004034872,0.00027146874,-1.8553723e-05,0.0020855197,0.00010264968,-0.00039608692,-0.0011983756,-0.0014995062,3.5131183e-05,0.001853,-0.0010828278,0.0006348443,-0.00084837666,-0.0019558535,0.00016131562,0.0008093129,0.00059094117,-0.0003148693,0.00038838357,0.00027589165,-0.00062564004,-0.000112335176,0.0026610538,0.00025335615,0.0012039896,-0.0011052133,0.00021146768,0.00012845383,-1.0273001e-05,0.0017950662,-5.7072273e-05,0.00013063237,0.0014472086,5.6496647e-05,-0.00019752496,-0.00023158481,-0.00033609368,0.00013484329,-0.00063657656,0.00023589155,0.001344614,-0.002680551,-0.00017986917,0.0006247951,-0.00022540578,0.00023323331,0.0012179351,-0.00017650517,0.0010433054,-0.0007441017,0.00032280711,-2.5413457e-05,0.00033950992,-0.0006768652,-4.638237e-05,-0.00059757766,-0.00035083888,0.00012421703,0.0014289258,0.0020353952,-0.0002331903,0.0007446274,-0.00016858587,0.0012619867,0.0013310505,-1.0659678e-06,4.7266047e-05,0.00056130433,8.3543724e-05,-4.705919e-05,-0.0013532302,0.00022560329,-0.00032752377,-0.000327911,-0.0016732819,0.0011658105,-0.002749349,0.0009512017,-0.0017529136,0.00035254238,0.00084051065,-0.0028932292,0.0016667079,0.0011112656,-0.00017460101,-0.0002450942,0.00077032053,7.775044e-05,-0.0001023553,-0.00047113583,0.00015184678,0.00010130431,0.000114629795,-0.00022997128,-6.7885616e-05,0.00011550968,0.00061289984,0.33849442,0.0005046332,3.9780734e-05,-0.00034173724,0.00025215535,0.00047500586,0.0003985035,-0.0006094903,0.0001932974,2.4899728e-05,-0.00013939472,0.0005154623,-0.00010946021,-0.00034343175,-0.00027175547,0.00039871287,0.00024848772,0.00030327486,-0.001527465,0.00057868904,0.0007517213,-0.00024149464,-0.0007848209,0.0038951135,4.0685358e-05,0.000833057,0.00011307153,1.531849e-05,0.00060218875,0.0001697049,-0.0011032237,-0.00042423056,-0.0003353527,0.0004057406,0.0036843575,-4.163614e-05,-0.0002601549,-0.0014419579,0.00053779257,-0.0007834995,-0.00024498475,0.00017996447,-0.0012356292,-0.0015759458,-0.00014969385,0.0014451443,-0.0013056707,0.0010781721,0.00011042937,-0.0033743377,0.0005223738,-0.0005073539,0.00030910518,3.023712e-05,0.00027716593,0.0013968232,-0.0015730995,-0.00069672434,3.0693893e-05,0.00046573076,-0.0012171671,0.0006047275,-3.1105068e-05,0.0014333804,0.00090578926,0.00089794234,0.00020172037,-0.00038207,0.00039974603,-7.41314e-06,0.0010521435,0.0015392349,-0.00037464724,0.00031688702,-7.015856e-06,7.569725e-05,8.810366e-05,0.0002506455,-0.0031259644,0.00082469935,-0.0004425377,-0.0009786097,-0.0006824157,0.00056253513,-5.824982e-05,-0.00070877845,0.0004989925,0.00010529955,0.00043329946,0.0006539706,-0.00026130263,-0.00039524087,-9.8124e-05,0.002608875,0.00040174427,0.0004997774,-0.0003200927,0.00055232726,-0.00063331303,0.00024610793,0.00018887784,-0.00011650311,3.946875e-05,-5.0852865e-05,-0.0012608313,-0.0019764004,0.00042820018,5.351007e-05,0.0010093153,7.7952805e-05,-0.0014826021,-0.0012468724,-0.00022156858,-0.0001283689,0.0013655826,9.514182e-05,-0.0003648414,4.78016e-05,-9.314369e-05,0.0015282894,-5.6648273e-06,0.0020688628,7.233539e-05,-0.00032440963,-0.0014941633,0.00057304045,0.00017246234,5.0574712e-05,-0.0010106756,-0.00032584748,0.00036116704,7.5866265e-05,-0.00026979676,0.0006127167,-0.00067024067,-0.0009219197,0.00090108707,0.0018214816,0.00032777808,-0.00015592894,0.0007801809,0.001171961,0.0007326863,0.0002608694,-0.0008929391,-0.0014597693,0.0004340618,-0.0003304881,0.0004183064,-0.000121500205,0.00013134845,0.00021589093,-0.0009261348,0.00016569039,-0.00011694145,-0.00026758233,-0.0007084626,0.00072481524,0.00047760978,-0.0016978767,-0.00043298065,-0.0001203397,-0.0009523578,0.0007281047,-0.00028045857,-9.816141e-06,0.0009306366,-0.00081049494,0.0014082242,-0.00043120343,-0.00027853658,0.00057035,0.0013749701,-0.001239034,-0.00083498,0.0009754333,-0.0026899616,0.0011871333,-2.54242e-05,-0.00032494482
0.000635916,-0.002436021,-0.00039913142,-0.002491039,0.00059657707,0.0005204984,0.002183928,-0.0001305533,0.0018068126,4.8318834e-06,0.0002082554,-0.00029871782,-0.00020019509,0.0006080214,0.00018618617,-0.0001604309,0.0014532786,0.00017000499,-0.00034904733,0.00053574,0.0007489433,0.00058202865,-0.00018686135,0.0021596558,-0.000597709,-0.00021089775,-0.00081667,0.00015537057,-0.0018701482,0.0030211178,0.0016098169,0.0001965819,-0.0014854816,0.00046590058,-0.0019771922,0.0009779132,0.0011786708,-0.00053429586,-0.00048327315,-0.0010741475,9.297745e-05,0.0005287817,-0.0004089616,0.0007791577,0.00011585527,0.0006836722,-0.001747519,-0.0015552785,-0.0012131818,-0.00046851562,0.000647561,-0.0001390812,8.011601e-05,-0.00048712126,-0.0010054244,-0.00042447652,0.00045526595,0.00037030634,-5.809637e-05,-0.0004374512,-0.0005809994,-7.372237e-07,-0.00028328534,-0.002002011,-0.0006633036,-0.00046190678,-0.00048014312,-0.00033364858,0.000112913884,-0.0007395216,0.0006153415,-0.00079651934,0.001488227,-0.0005338931,-0.0007237373,-0.0009656031,0.0014818961,1.9367551e-05,-0.0010915095,0.000919081,-0.0002878481,-5.1784395e-05,-0.0004312353,-0.00095689256,-0.00045752816,0.00087489095,-0.001017447,-0.0011201339,-0.00023746373,0.00042997464,0.0002676333,0.0001472964,-0.00073457335,3.451213e-05,1.2235505e-05,-0.00025990326,0.00088959123,-6.3750296e-05,-0.0008231407,0.003450153,-0.0014171294,0.00020639529,-0.00018864474,-0.0002822932,0.0027584813,-0.0005114777,-0.0024338444,-0.00026694662,-0.00080456014,-0.0012990771,0.00021092549,-0.00015090258,-3.3012366e-05,-0.00012295139,-6.0658083e-05,-0.00021533854,-0.0011386368,0.00034926477,0.0002838479,8.550369e-05,0.0009469057,0.34062117,-0.00028656452,-0.00017864676,0.0006082512,-0.0012224809,0.00025327684,0.001475949,-0.0005086488,8.51773e-05,0.00029857623,0.00021175851,0.0001310297,0.0008608742,-0.000328425,-0.00028162438,0.0007001491,-0.0016559039,-0.0014606287,-0.00037345508,-0.0001969224,0.0005750219,0.0017702705,-0.0038943898,-0.00055856124,-0.0020579475,-0.00014199852,-6.5624445e-05,-0.00044524125,0.00024301879,0.001996157,0.00036366808,0.00022731081,-0.000809611,-0.0037510812,0.000894293,-0.00026729133,0.003359943,-0.0014553403,0.0009798863,0.0009510167,-0.00034738166,0.0009696378,0.0027740842,-0.00032538676,-0.0011100323,0.0010228134,-0.0010702555,-0.00045161127,0.0028076123,-0.0022282114,-0.00027643185,-0.0005157327,0.00024171534,-0.000540862,-0.00036871064,0.00040473838,0.0010653205,0.00043136848,2.6730726e-05,0.001057765,-5.4895532e-05,0.00017233964,0.00049434503,-0.0003285472,0.00041161024,-0.0005111268,-0.00039165537,-0.0006480903,4.227967e-05,-0.0020848843,-0.00061112386,0.0005554858,-0.0010935785,-0.0003473627,-0.00025486737,-0.0012409865,0.00049759116,0.0023951803,0.0017632123,-0.00084701023,3.052398e-05,-0.00056975,-0.0011217196,-7.9042824e-05,0.00018330016,-0.00042875216,-0.0007504479,-0.0004955801,-0.0034949996,-0.0008339782,-0.0014807661,-0.00060459925,-0.00272792,-0.0002859953,-0.0015437081,-0.000134466,-0.0005001174,0.0006319026,0.0013433659,0.00032239832,-0.0020970176,3.9221555e-05,0.0009777887,0.0010928314,0.00030569072,-0.0003534606,0.00017088548,-6.353286e-05,-9.3203955e-05,0.0028541214,-0.0014587583,0.00028125965,0.00053107314,-0.0009691224,0.00027677772,0.00014614253,0.00042558621,-0.0002156941,-0.002429494,-0.00026291705,0.0003225801,0.0009028835,0.0004444911,0.00066743925,0.0014398351,-0.00028003377,-0.00033020298,0.0008273084,-0.00020751118,0.0021160548,5.459824e-05,-0.00018246364,-0.00088547025,0.0011385491,0.00022270989,-0.000662226,-0.0007795375,0.00026944792,0.000107559965,-0.0006044333,-0.001315529,-0.0007185467,-0.0013259044,0.0015970988,0.0011784105,-0.00083256915,0.00037745901,0.00070400524,0.0005284447,0.00023876141,-0.00021044076,0.0017409803,-6.096851e-05,-7.298257e-05,0.00041673327,0.0002684361,-0.0009966679,3.5472443e-05,0.0031415033,0.000658657,0.0007643483,0.0012456845,-0.0005309602,0.0006036355,0.0003614717,-0.0018668647,0.0009788419,-0.002671967,-4.2010735e-05,-7.721594e-05,-9.930822e-05,0.0003182373,0.00019840492,2.6560996e-05,-0.00041713,-0.0023143603,-0.000976068,0.0006312854,-0.0013969145
0.0003545161,0.0011847749,4.1904903e-05,0.0020811143,-0.0014545589,-0.00014293808,-0.00034401348,-0.00012586602,0.000306062,0.000116018375,5.1852436e-05,0.00012718684,0.00015232572,7.284178e-05,-0.00015721901,0.00015895595,-0.00018741176,0.00029684245,0.000610959,3.6086694e-05,0.00011492848,0.00017411081,0.00012120334,7.991777e-05,8.20882e-05,-9.22884e-05,-0.00034539288,4.4601395e-05,-0.00012137374,6.749315e-05,-0.0011011651,3.969934e-05,0.00059791724,-0.00042202143,0.00016902175,-0.00043055593,-0.00075483136,7.5732445e-05,0.00036029014,0.00012684478,-0.00014978193,-0.0003026231,0.00029691064,-0.00013320557,-4.6400477e-05,0.00048653342,-0.00043018453,0.0002014913,-9.880874e-05,1.19269125e-05,-8.1749524e-05,5.257827e-05,0.00072960655,-0.0001930633,-0.00012841966,-0.00041993047,-2.7958022e-05,-7.583211e-05,-0.0001166246,-0.00013840578,3.050242e-05,-0.00013106491,5.6482575e-05,0.00078586704,-0.0001615412,-0.00010254183,0.00023467609,-7.6264674e-05,9.3722265e-06,0.0010094321,-7.752306e-05,0.00026319793,-0.0008545279,7.502517e-05,-0.0001627914,0.0005078966,-0.00015434416,2.4256284e-05,0.00031203043,-9.645532e-05,8.054888e-05,0.00073122024,0.0005316764,-0.00016439222,0.0002617747,0.0010808021,0.00065507,0.0008748457,3.5533518e-05,-2.6458465e-05,0.00025150416,1.7987644e-05,-2.516586e-05,-0.0001339594,7.330561e-05,-0.000109967375,-9.109464e-05,-0.0006928958,0.000314456,-0.00070239237,0.00025095974,-0.00055086095,-1.2565267e-05,0.0007315181,-0.00041875266,0.0005333505,-0.00049967156,-0.00019887749,0.00034503793,4.2145446e-05,6.049408e-05,-3.767992e-05,-0.00025851093,4.7981284e-05,1.2987246e-05,-4.1819207e-05,-0.00041535386,1.4019157e-05,0.00014439224,0.00022433333,-0.0008297553,0.00017846079,0.34242335,-8.555004e-06,5.931801e-05,0.00029243057,0.00023753264,0.00044525525,0.00011211376,-2.2140928e-05,3.4438515e-05,0.0003426859,3.5040735e-05,-3.1671952e-06,-0.00018942381,0.00020438139,3.864272e-05,-6.761927e-05,-0.0010428949,0.00024263865,0.00059496314,8.51193e-05,-0.00065653276,0.0015813676,-0.0001230201,0.00024912728,0.0007999476,2.6652726e-05,0.00011423486,6.298055e-05,9.3822404e-05,-0.00015700469,-5.839429e-05,-0.00031160619,0.001309385,-0.00011162472,-0.0009966324,0.00012080993,-6.620285e-05,6.6989637e-06,-0.00035846254,-3.0052186e-05,-0.00051717536,-0.0012694357,-5.50606e-06,0.00051900663,-0.00036122615,0.00011884966,0.00016662199,-0.001136917,-0.00063655945,-0.00020205555,0.00016421845,0.00021106056,-4.3019813e-06,0.00057918654,-0.00075071043,-0.0005239668,-0.00012741357,0.00027139406,-0.00036596824,0.000119323515,9.144368e-06,0.0003013488,0.00037536473,0.00041412906,0.00012470767,-0.00029454718,4.6456684e-05,-7.983384e-06,0.0005437145,0.00065081933,-6.389858e-05,6.527884e-05,1.9158906e-05,5.656967e-06,-2.0674375e-05,0.000108344604,-0.0010076654,0.00014833985,-0.00029223383,-5.523957e-06,-0.0004414433,0.0005010749,-3.859349e-05,9.6853604e-05,0.00016393502,-2.8460585e-05,0.0003418599,0.00029503275,-0.0008034307,0.00021985335,-6.631387e-05,0.0014165816,-0.00024876243,-3.4583587e-05,-0.00019363691,0.00023807396,-0.00016640016,-0.0005940851,0.00012796235,-0.00034566037,-3.795842e-05,0.00033473287,-0.00054377835,-0.0010086969,0.00010215728,-8.7629436e-05,0.000490157,2.5909253e-06,-0.00016129155,-0.000525978,-9.7723525e-05,-0.00024147148,0.00046874367,6.3859276e-05,-0.00055176107,0.00083489646,-5.7214493e-05,0.0004985264,4.519431e-05,0.0008637001,0.00049082056,-0.00018411838,-0.00051829295,0.00060554716,3.5127096e-07,1.3571971e-05,-0.0005704157,-0.00024884578,0.00038067135,0.00011683224,-0.00010869676,0.00019780548,-8.950603e-05,0.00016703217,0.00039343064,0.00045421542,0.00048969075,-3.6276506e-05,0.0002478654,-0.00040527788,0.00029040832,0.00019691131,-7.3986754e-05,-0.00068601413,-0.00037138688,-0.0001236104,0.0003229774,-5.0491242e-05,0.00038141012,0.00012234936,7.0471015e-06,-9.067425e-06,-6.6798304e-05,-0.00011900519,-0.00026450216,0.00014878054,4.6987945e-05,-0.0005913251,4.328107e-05,7.441441e-05,-0.00035155655,0.0005002181,-9.845042e-05,6.7864166e-05,0.0018825228,-0.00072060706,0.00016355563,-8.459865e-05,-0.00014340132,0.00015935976,0.0005035076,-0.00068896916,-0.0010249135,0.0003996941,-0.0021389541,0.00059533527,-4.280585e-05,0.0005020008
0.00068317616,0.0009787008,-2.3951725e-06,0.0011770548,-0.0025896651,0.0008245214,-5.4225628e-05,-0.00037447273,0.00044249976,0.00022642287,0.00014470106,0.00021266784,0.00024797552,5.508844e-05,-0.0009243001,0.00025532374,0.00018044499,0.00033290088,0.0010434219,-0.00013206458,1.8073852e-05,0.000100278194,0.00020787558,0.00043207308,0.00013351889,0.000119582764,0.0012785676,8.224589e-05,-3.178525e-05,-0.0008696914,-0.0008620252,0.00015068275,0.0016717615,-0.0009846233,0.00052706007,-0.0008927453,-0.0014187518,3.489234e-05,0.00061813684,0.00047164355,-0.00022550003,0.00042154003,0.0001159023,-0.0003927877,-8.421757e-05,0.001869721,2.3142002e-05,0.00084652763,-0.0009399253,0.0001325431,4.7243393e-05,-6.1406245e-05,0.0013244835,-0.00021427046,0.00015407358,0.0014719357,-4.748573e-05,-0.00019233671,-0.00011668912,-0.0003783967,8.159964e-06,-0.00039892108,0.00010335009,0.0011840241,-0.0023941095,-0.00028479108,0.00048669142,-0.00020393102,0.00019836304,0.0010119143,-0.00014418003,0.00068324537,-0.00063207885,0.00021077324,-1.2229404e-05,-0.00021696126,-0.00059336104,-6.404051e-05,-0.00089149125,-0.00030240373,0.00016416477,0.0011421908,0.0019051982,-0.0003224051,0.00047331414,0.00024943502,0.0008444932,0.00086035405,-1.8211767e-06,7.7014854e-05,0.0004135199,0.00010439109,-7.044859e-05,-0.001368857,0.00021022336,-0.00027762912,-0.00027065797,-0.0012231624,0.0009608411,-0.0022477899,0.0006548263,-0.001028848,0.00019576457,0.0006268247,-0.0023117508,0.0009791877,0.00069576746,-0.00018026927,-5.1538453e-05,0.00044124742,7.9823985e-05,-0.00015058885,-0.0003562694,0.000110369845,7.539822e-05,-6.994867e-07,-9.1569615e-05,-2.7923834e-05,0.00010221706,0.00047229376,-0.0014640697,0.00032279748,-0.00010288867,0.34175286,9.6012256e-05,0.00024985388,0.00029286265,6.617866e-05,0.00017252122,-3.05193e-05,-0.00014871795,0.00037123318,-1.0567944e-05,-0.00037675182,-0.00018660512,0.00019218092,0.00019143015,0.00053095224,-0.0006435633,0.00045047974,0.00041581487,-2.8330523e-05,-0.00027466065,0.0012463633,-5.471529e-05,0.00047641015,0.00014516358,-6.3072134e-06,0.00048990815,0.00015163903,-0.0006032851,-0.00053218415,-0.00019297456,0.0004005181,0.0030058124,1.3784665e-05,-0.00017830748,-0.00093829026,0.00031978727,-0.0006808933,-0.0005000397,2.436856e-05,-0.00061753986,-0.0013193137,-0.00023347189,0.0010266622,-0.0010860467,0.0007960445,-6.736548e-05,-0.002635838,-5.3397118e-05,-0.0004898743,0.00017913854,0.00019034179,0.00019142413,0.0010577948,-0.0010399275,-0.0004010813,9.5028045e-05,0.00017811428,-0.0007332118,0.0004560259,-2.1515876e-05,0.0011858586,0.000762681,0.0009910053,0.00014038448,-0.00043207314,0.00041467804,-3.582034e-05,0.00065578433,0.0012390094,-0.00022338876,0.00022485414,-6.171491e-05,-2.3241351e-05,-1.1966342e-05,0.0002469043,-0.0025993555,0.00079789024,-0.0003486702,-0.0007433138,-0.0008535176,0.00031363923,-5.2327243e-05,-0.00073056936,0.00031823188,-2.1264384e-05,0.00030054405,-0.00024355623,-0.00011381336,-0.0003248105,-9.455393e-05,0.0012807541,0.0006347067,0.00032780433,-0.0003120908,0.00045533566,-0.00035572483,-6.223941e-05,0.00015433435,-0.00015469686,6.8108864e-05,0.0003042746,-0.0009999786,-0.0014544381,0.0003922439,-2.482962e-06,0.0007099661,-2.065372e-06,-0.001187397,-0.0007661222,-0.00041212482,5.2708983e-06,0.0010773526,0.00011269044,-0.00029678165,-0.00026879154,-0.00013186259,0.00081411796,-0.00013017771,0.0019333943,0.00014294684,-0.00028645562,-0.0008837016,0.00056323793,0.000107037195,2.271865e-05,-0.0005418083,-0.0004798028,0.00016115195,0.00019629276,-0.00024315574,0.00040449022,-0.00037647696,-0.00063739804,0.00069351855,0.0011342029,0.0001883978,-3.64804e-05,0.00085063896,0.0009795964,0.00068792026,-0.00032901284,-0.00044989618,-0.0009627443,0.00043004655,-0.0002554981,0.00047377398,-6.7249726e-05,-0.00011232918,0.00022898744,-0.000568905,0.00014013916,-8.038289e-05,-0.00018116637,-0.00041436148,0.0007661993,0.0003705716,-0.0008149778,-0.00026610697,-0.00016195522,-0.0006898789,0.00050748343,-0.0001759828,5.008086e-05,0.0007172171,-0.00037057573,0.0009980923,-5.6182755e-05,-0.00026211247,0.00037582548,0.0009633387,-0.0010025271,-0.0002859112,0.0007400881,-0.001690611,0.0008032613,-4.542005e-05,-0.00040724417
-0.0007777217,0.0013409199,-7.672406e-08,-0.00029161896,0.00074604136,-0.0010619344,-0.001423495,0.0003002417,-0.0021381543,-0.00024749193,-0.00028569985,0.0002891277,-3.0906027e-05,-0.00060634245,0.00056556123,-0.00016480789,-0.0011372935,-0.00028290733,3.840702e-05,-0.00044992132,-0.0006613431,-0.0008377101,0.00029702802,-0.0025480324,0.00033781328,0.00037494555,0.00047957565,-0.00023814462,0.002388398,-0.0026633479,-0.00053191785,-0.0003015024,0.0007882924,-0.00018846056,0.0017559946,-0.0006967155,-0.00010116658,0.00037491557,0.00021302234,0.0007240094,5.186572e-05,-0.0004255499,8.402711e-05,-0.00036586152,5.706761e-05,-0.0013943947,0.001619407,0.0009148069,0.0015513336,0.0003199663,-0.0007856198,0.00014771445,-0.0009909582,0.00051485555,0.00094362104,0.0005169491,-0.0004965172,-0.00019035536,9.3251234e-05,0.0004967393,0.00047973692,0.00034224853,0.00012848628,0.0012226366,0.001321271,0.00044190043,8.894287e-05,0.00046495558,-0.00022118649,8.4371e-05,-0.00046264325,0.0002010568,-0.0008229134,0.00033513925,0.00080487697,9.2753915e-05,-0.0012938501,6.72171e-05,0.00077769527,-0.0008397912,0.00029489875,-0.00052839034,-0.0006909895,0.0008830504,8.5095264e-05,-0.00068781705,0.00037413812,0.00022747315,0.00027543548,-0.000399553,-0.0005755567,-0.00028316397,0.0007122699,7.8740704e-05,-0.00019355523,0.0003482916,-0.00066351454,0.0008614389,0.00041766555,-0.0027339668,0.00086062535,0.000711213,-5.4744083e-05,-5.7521196e-05,-0.0014023207,-0.00044141768,0.0014401197,0.00016810324,0.0012199422,0.0009344591,-0.00022447482,0.00016381052,0.00019204491,7.059946e-05,-2.8656195e-06,0.000107185675,0.0012363429,-0.000286575,-0.00021289295,-0.00041358196,-0.00013261454,0.00050055137,0.0003067805,0.000115346455,0.34037343,0.00080477714,-0.00043590486,-0.0010066291,0.00039493357,-0.00010154473,-0.00019321512,-0.00049566646,9.597054e-06,-0.0008894099,0.000527796,1.2138069e-05,-0.00083397015,0.001959883,0.002877137,6.598051e-05,-0.00023967106,-0.0004359722,-0.0012091968,0.0021643245,0.00037914742,0.0014134743,-5.2612435e-05,0.00011325794,0.00019014734,-0.00032562006,-0.0014069853,-0.00046205666,5.9668317e-05,0.0007929116,0.0032552544,-0.00083690416,0.00040627347,-0.002696429,0.001129105,-0.0008369757,-0.0010175939,0.00012719142,-0.00011163752,-0.0024711047,0.00020300937,0.0005373794,-0.00057805516,0.0005717426,0.0003143763,-0.0016879532,0.0020613503,0.00038425782,0.00032838926,-0.00017496929,0.00038952366,-0.00043859787,0.0005010965,-0.0005752699,-0.0003470446,-0.0004710448,-0.00042034307,-0.00023120729,-0.0001787373,-0.0009281216,-0.00010162253,-0.00047344304,0.0004118432,0.00054383697,0.00029408923,-1.4380423e-05,0.0014640118,-8.825999e-05,-0.00038663173,0.0008133985,0.0002802333,0.00020197709,0.0011164373,-0.0006213476,-0.0012468662,-0.0017567279,0.00106647,0.00029759636,0.00041317553,0.0006344,0.00013690248,-0.00022409431,8.80876e-05,0.000725268,0.00022695633,0.0020404442,0.0010314177,0.0013521569,0.0005309632,0.0003296226,-0.0002869198,0.0012370277,0.00022957157,0.00020188489,-0.00037725014,-0.0013271144,-0.00036560724,0.0021787137,2.7939086e-06,-0.0007352973,-0.0005025443,0.0007182557,0.00020837574,-0.00013745789,-0.00045886193,0.00013157028,-0.002181313,0.0018778221,-0.00016778098,-0.00043022286,0.0003680591,-0.00022554428,0.00019258106,-0.00075489073,0.0002371426,0.0014735052,0.0003111161,-0.0009918801,-0.0010182178,-0.00031517466,0.00022686986,-0.0017401724,0.0002190068,0.00023420536,-9.7215045e-05,0.00018248716,-0.0025994969,-0.00013179472,0.00024534832,0.00052477105,-0.0007635142,0.00022719818,0.00022506945,0.00031164705,-0.00055465096,-7.200456e-05,0.00066912215,0.0010323679,0.00046491085,9.170914e-05,-0.0009535332,-0.0003417772,0.0009498339,-0.00019761623,-0.0007909534,-0.00031357227,-0.0005915979,-2.9064317e-06,-0.0012658228,-5.600383e-05,0.00012549321,-0.00022877716,0.00020960253,0.00089735974,-0.00013674184,-0.0017852404,-0.0004434896,-0.0008340114,-0.00073747407,0.00030823285,-0.0004255036,-0.0003427485,0.0015923511,-0.0003509486,0.002146681,0.000527553,0.00034632132,-0.00018170266,-0.00084496586,0.00038015636,0.00082529406,-8.537523e-05,0.0039458172,0.00035125512,-0.00049369043,0.0011721376
0.00028503308,-0.0023391254,-0.00027909086,-0.00305888,0.00054177013,0.0003583271,0.0018920592,-1.5674923e-06,0.0010227123,-0.00018017725,7.160481e-05,-0.0001897579,-0.00027788142,0.00036406086,0.000442075,-0.00024729068,0.0011131938,8.129029e-05,-0.00031764212,0.00036148666,0.00043168457,0.000114053,-0.00020326136,0.0008317496,-0.00038767894,3.620098e-05,-0.00045753506,1.5039325e-06,-0.0010145887,0.0020355931,0.001694574,9.189853e-05,-0.0011901667,0.00042958264,-0.0011870663,0.00071489654,0.0012168995,-0.00042257065,-0.00047260575,-0.0008359054,0.00013425786,0.0004562528,-0.00043921973,0.00064924307,8.5549196e-05,0.0007972676,-0.000988769,-0.0011654082,-0.0006398551,-0.0004542966,0.0003532317,-0.00014179421,-0.00022244136,-0.00027327033,-0.00049965916,1.8728982e-05,0.00044831753,0.00030479484,-8.134697e-05,-0.00022539242,-0.00027752836,0.00014227725,-0.00025640518,-0.0017423911,-0.00027637125,-0.00035698927,-0.00044201297,-0.00011251947,3.709744e-05,-0.00079560664,0.0005072738,-0.0007541184,0.0012923278,-0.00037741396,-0.0003550156,-0.001112352,0.00096056744,1.698611e-05,-0.0010499379,0.00062006,-0.000218258,-0.00034668227,-0.00096660084,-0.0006216241,-0.0003370634,-1.1668297e-05,-0.00090820354,-0.0012143982,-0.00017932046,0.00026018595,-4.4168482e-05,7.739935e-05,-0.0004123511,3.602215e-05,-1.744272e-05,-0.00010309302,0.00062105054,0.0003142528,-0.0005946444,0.00272122,-0.0011634433,0.00062890456,-0.00015542937,-0.0005015474,0.0021216066,-0.0007448853,-0.0022079775,-0.00017171816,-0.0004514129,-0.0008424307,5.41728e-05,-9.084032e-05,0.00014092698,-0.0001137877,-6.368139e-05,-0.00017071654,-0.0006416777,0.00019166066,0.00022003047,-0.00012551279,0.0009204394,-0.00050747,-0.0002028401,-4.6367923e-06,0.0002503962,0.3398327,1.7263397e-05,0.0010888716,-0.00034440306,-4.076449e-05,0.00023323811,-2.2495573e-05,0.00011357582,0.0005063387,-5.73175e-05,-0.00024534922,0.00031799317,-0.0008937649,-0.00047346117,-0.00034176555,-0.00039959347,0.00048526644,0.0013729382,-0.004149567,-0.00019661499,-0.0015360345,0.00011975857,-1.317499e-05,-0.00037514506,8.7945045e-05,0.0015074506,9.1728834e-05,0.00028799046,-0.00038337702,-0.002631988,0.0006351856,7.130072e-05,0.002406557,-0.0010552983,0.00060188276,0.0005880865,-0.00021504251,0.0009908536,0.0024078018,-0.0002461787,-0.0009141271,0.0007393805,-0.0007542581,-0.00024854526,0.0027415191,-0.001363656,-0.00014610178,-0.00030182808,0.00015439338,-0.00033382353,-0.0004534784,0.00081710576,0.00092795375,0.00036814684,-0.00024715075,0.0009642784,-0.00015369254,9.4643234e-05,0.00020244054,-0.00045955388,0.00018239622,-0.00046312058,-0.00015083243,-0.0004054053,1.6529484e-05,-0.0016833538,-0.00068311644,0.0003400707,-0.0006877575,-0.00015051677,-0.00025307183,-0.0007086618,0.0001996144,0.0016154645,0.00121913,-0.0003161607,3.9655773e-05,-0.00058203354,-0.00090424385,-8.560945e-06,-4.1608037e-05,-0.00042270863,-0.00035780945,-0.00038778907,-0.0030886456,-0.00045950827,-0.0011785693,-0.000313426,-0.002289052,-9.92356e-06,-0.00091849815,-8.896878e-05,-0.00041377882,0.00054261833,0.0010462758,0.00013772008,-0.0010634315,6.803498e-05,0.00073963706,0.00090829545,0.0008080443,-0.00022457282,8.141321e-05,-0.0002927612,-6.653019e-05,0.0018549712,-0.00063211995,0.00020539109,0.0003917509,-0.000804859,0.00017528461,0.0003952629,-0.00010587938,-0.0001219714,-0.0018016238,-0.00012125758,4.803596e-05,0.00046342687,0.0003207383,0.0008305545,0.00080318697,-0.00016119676,-0.00026205202,0.00088483345,-0.00010433184,0.0012902716,-8.9034675e-06,2.7531516e-05,-0.00066440855,0.0007843563,0.00021117019,-0.0005948529,-0.0005105197,-3.0804087e-05,7.385103e-05,-0.00039319746,-0.00086875993,-0.0005183344,-0.0014883595,0.0011778469,0.0011587659,-0.00035897022,0.00031161268,0.00033407396,0.00042931453,-9.2135604e-05,-0.0002410656,0.0012628216,7.679722e-06,5.274668e-06,0.00028643012,0.00044291542,-0.0005546541,-3.5675475e-06,0.0028773032,0.00046974357,0.00039387916,0.0009802158,-0.000420807,0.00040362205,0.00021319064,-0.0015558379,0.0010727664,-0.0019736022,0.00020328067,1.8318024e-05,-0.00021563763,-0.00012496581,0.00039041534,0.0006488603,-0.0004896608,-0.001508864,-0.000977328,0.00048993377,-0.0012587766
-0.001080032,-0.0006772167,-0.00012120941,-0.0026699095,0.0035180438,-0.0012039561,-0.0004225785,0.00050891854,-0.0015045512,-0.00040341506,-0.00028481658,-2.9741415e-05,-0.0002172395,-0.00036650477,0.0012792732,-0.00039885187,-0.00047493106,-0.0004891652,-0.001116661,-0.00015899073,-0.00033636598,-0.0006436867,-0.00019496126,-0.0015898813,-3.7288235e-05,0.00018404791,-0.0007834987,-0.0002896022,0.0014976914,-0.00074759364,0.0012123585,-0.00024399724,-0.0011671396,0.00084721827,0.000420046,0.00048686855,0.0014574877,4.956463e-05,-0.00056676805,-7.416934e-05,0.00030989555,-0.00028429483,-0.0003072732,0.00030065503,0.00013054814,-0.002587527,0.00096571987,-0.00035956854,0.0015358313,-2.4856627e-06,-0.00041507458,0.00017396855,-0.0019824705,0.0004421786,0.00046421099,-0.0005247242,-0.00011936833,6.609649e-05,0.00026981198,0.0005670846,0.000181599,0.00064308476,-0.00010530556,-0.00077009073,0.002552147,0.0004593115,-0.0005249453,0.00043692475,-0.00029158787,-0.0012353898,-7.485136e-05,-0.000651558,0.0006022024,-7.021779e-05,0.0004657803,-0.0004551146,-0.000104363644,3.7647293e-05,0.0006692648,-8.0306985e-05,9.1176255e-05,-0.0015370558,-0.001999551,0.0007388776,-0.0005558211,-0.0011263019,-0.000983232,-0.0011725444,5.3407097e-05,-0.00023415526,-0.00078685733,-0.00022523158,0.00036989714,0.0011785675,-0.00029203296,0.00040961988,-9.058338e-05,0.0019127798,-0.0006834916,0.0007940506,-0.00030525518,0.0016882982,-0.00028318304,-0.00093206426,0.0014712695,-0.0014290061,0.00023567653,0.00032356323,0.000429786,2.6791665e-06,-0.00020767092,0.00023982662,0.0005055005,-8.3744664e-05,-2.505101e-05,1.1507132e-06,0.0009332563,-8.069937e-05,-0.00032330514,-0.0007208747,0.0015729669,-0.0001558073,0.00023069051,0.00028476666,-0.00055314624,-2.1836915e-05,0.3408538,-0.000537114,-2.9954117e-06,-9.848727e-05,-5.7157213e-06,-0.0007889709,6.356931e-05,-0.00015957412,0.00051802106,-0.0003026699,-0.00058671914,0.0007193089,0.002881549,-0.00043721896,-0.0009141799,-0.00013345924,0.00016777591,-0.001288083,0.00020896974,0.000115111194,-0.0006043943,5.0806837e-05,-0.000348154,-0.00029246288,-0.00017133076,0.00019153033,0.00020812057,0.00028015845,-0.0013227663,-0.00033753502,0.0010250063,-0.00078585075,0.00032259975,0.00010153896,-0.00010326629,1.310852e-05,0.0008550747,0.00072907447,0.00022355966,-0.0010613528,0.00072975556,-0.00046031672,8.055613e-06,0.0018494894,0.0012651567,0.00060723245,-0.00010411271,-0.00027343264,-2.1855534e-05,-0.0013831161,0.0014784116,0.00040290042,-0.00017429744,-0.0006313648,0.0007428238,-0.0005958185,-2.749367e-05,-0.0015741554,-0.00085992005,-0.0011440438,-2.1779924e-05,0.0006300123,-0.00020912108,-2.950364e-06,-0.00019904324,-0.0013693662,5.569942e-05,0.00021575269,0.00020204532,7.665208e-05,0.00052326225,-0.00052811817,0.0018622117,-0.0014535697,0.0009761414,0.00072509504,0.0009963431,-0.0002569411,6.21067e-06,0.00032819872,-0.00036006732,0.00037344143,-0.00039069675,0.000573419,0.0010958876,0.0007520466,0.00042178726,-0.0016924245,-0.0002248481,0.00031222714,0.00053332635,-0.00034452585,0.000337381,-0.00050066644,-0.0003333537,0.0014563901,-1.9710986e-05,-0.00053517084,0.0008194998,0.0022047502,-0.00024780713,-7.186445e-05,-0.0010759835,-3.1630934e-05,-2.7333737e-05,0.0018897238,0.00018398647,-1.0342192e-06,-0.00088396727,-0.00021878547,0.0006441685,-0.00080860505,0.00023693198,-0.00032374053,0.0001742315,-0.0023096653,-0.0008630831,0.00027258584,0.0012491286,-0.0016690358,-2.6776645e-05,4.8705435e-05,0.00079955993,0.00053355977,-0.0015710861,-0.00021910634,0.00036481966,-0.00023949193,2.7456037e-05,0.00063814427,-0.00066857855,-0.0011726101,-0.0007450549,5.2617488e-05,-0.00037286506,-2.7057074e-05,-0.00046934103,-5.4128966e-05,4.282154e-05,0.00104599,0.00045412412,0.00016575163,-0.00088680943,-4.8526836e-05,-0.0005562631,-0.00021594003,-0.00024700206,-0.000117600466,0.00023502255,0.00013220609,0.00061825244,-0.00012741974,-0.0004033221,0.00025346238,4.4834094e-05,-0.0003584644,0.00044617336,-0.0005715407,3.4456694e-05,-0.00019952588,-0.00077306596,0.00058226736,0.0001376646,0.0004462703,0.00040265179,-0.0005545418,-0.0015426314,0.00133516,0.0014368303,-0.000867515,0.0049186936,-0.00085597864,-0.00020942264,0.00059709145
-0.0012300008,0.0013509126,0.0012040018,0.0030380806,0.0014382891,0.0004340526,-0.002661972,8.407276e-05,-0.0020580797,-5.8324356e-05,-0.00023790252,-3.4286077e-05,3.3178403e-05,-0.001043066,-0.0011211263,0.00026134425,-0.0015882916,-0.00110356,-0.00055618864,-0.0008810284,-0.001308258,-0.00059246516,0.00026495318,-0.0020895547,0.00080796296,-4.4060962e-05,0.003581124,-0.00030834647,0.0012213282,-0.004259868,-0.0007750238,-0.0004452291,0.0006289112,0.00022649424,0.0018530285,-0.00017985587,-0.00095174793,0.00085186487,0.0004602266,0.0012445521,0.000101389436,-5.939898e-05,0.00032478195,-0.0014247053,5.98261e-05,-1.1414799e-05,0.0034366946,0.0020705836,0.0013168101,0.0007097328,-0.0003859788,0.00021392002,-0.00040426463,0.0012551277,0.0013150334,0.0007771103,-0.000452831,-0.00041002783,0.00019343106,0.0009769589,0.0008246408,-0.0002865983,0.000283194,0.0010570209,0.0003863459,0.00063610147,0.00019859894,0.00041942828,-0.00023953759,-0.00075098715,-0.00073775696,0.0011682408,-0.0001378138,0.0006381941,0.0012041489,0.0014454774,-0.0015053095,-2.1503416e-05,0.0013395625,-0.0010140615,0.00041253126,-0.000740567,0.00040017453,0.0016259484,0.00037153997,-0.005317973,0.00073702075,0.000492726,0.00018682402,-0.00064461766,-0.00063231675,-0.0003158365,0.001124773,0.00030754434,-0.00017869595,0.00048694486,-0.0010307475,0.0007190457,0.0007557209,-0.0029130038,0.0018039359,-0.0009831933,0.0007021813,-0.0007818765,-0.003487361,0.0012491079,0.0051785754,0.00087304704,-0.0006807337,0.001914727,-0.00035207602,0.0003301924,0.00030930442,9.422148e-05,6.4766435e-05,0.00027048646,0.0019286015,-0.00050360826,-0.00029026472,-0.000448936,-0.0007257899,0.00071112456,0.00051228283,-8.733344e-05,-0.00049017876,0.0012315533,-0.00039131637,0.33635095,0.00045869502,5.0587223e-05,-0.00040429586,-0.0004437768,-0.00044813388,-0.00089121726,0.0004891419,0.0002045164,-0.000907404,0.001443843,0.0017110724,0.00022180326,-0.0002667776,-0.0013503714,-0.0016529287,0.0070640612,0.00084939855,0.0027902143,-0.0015136087,0.00019276582,0.00060503243,-0.00045279934,-0.0037092108,0.00029325392,-0.000649227,0.0016746415,0.0020666516,-0.0009306049,0.0028754722,-0.005554811,0.0023444449,-0.0012581153,0.00028888337,0.0006101213,-0.0016343292,-0.00048998237,0.0004049646,0.00068675994,-0.0008703396,0.0015402555,0.00062529114,-0.0017124604,0.0050072917,0.000780405,0.0004973561,-0.0011711718,0.00069400825,-9.524178e-05,-0.00030979884,-0.00085151003,-0.00054020877,7.875664e-05,-0.00142472,-1.198768e-05,-0.00021467285,-0.0006336834,-0.000117044336,-0.0017467606,0.0005932743,0.0007324009,0.0007458794,9.491884e-05,0.0020418458,0.000104169616,-0.00072331546,0.001384875,0.0004345725,0.00034093997,0.0016158954,-0.00081808807,-0.0018417101,-0.0016475877,0.0013812751,-0.0004270884,0.0020291884,0.0008648601,8.722436e-05,-0.00031381234,0.00048192573,0.0011028408,-2.302844e-05,0.0054658526,0.0026370685,0.0007669781,0.0009463485,0.0035011538,0.0010058029,0.0020898338,0.00058155326,0.00010083326,-0.0009110017,0.0006866599,-0.0005865689,0.003263678,-2.7100907e-05,-0.0025403476,-0.00074203446,0.00055516826,0.00019647928,-0.00015236782,-0.00027605623,8.7142704e-05,-0.0035938884,0.0015344096,5.6993897e-05,-0.00018809602,0.00083018513,-0.0006811609,0.00084979826,-0.0016400317,0.0005778819,0.0034057454,0.0003232868,-0.0017075159,-0.0021740347,-0.00013119847,-0.0013920915,-0.0028302022,0.00040928466,0.0004638525,-0.0007419426,0.0012428401,-0.0022686282,-0.00040060657,0.00025555512,0.0010946393,-0.0014368544,-0.0013452389,0.0003367143,0.0011683902,-0.0010008628,-0.00017684509,-0.00022468106,0.0029504048,0.00022019778,0.0026934515,-0.0028118738,-0.0011225613,0.0016684236,-0.0001038194,-0.0015816543,-0.0006457836,-0.00058449036,-2.003516e-05,-0.0026725428,0.00013939381,0.00022963532,-0.00037808612,-0.00043512226,0.0007052796,0.00010605236,-0.0045753177,-0.0011332411,-0.0008943565,-0.0011981702,-0.0001689038,-0.00066697435,-0.0006700194,-0.0018261285,-0.0006525474,0.0034055142,-0.0006399868,0.000340799,-2.6044814e-05,-0.0003817129,0.00064068096,0.0010667536,0.00017606342,0.0053470302,0.0006711342,-0.00082236325,0.0006204596
0.0009620568,-0.0011420316,0.00012309244,0.00086155796,-0.0015442309,0.0012647263,0.0013512674,-0.0003886873,0.0021646293,0.00030616164,0.00030995187,-0.0003291807,3.2044816e-05,0.000597633,-0.0009871045,0.0002206451,0.0012083498,0.00026789572,0.0003547321,0.0003425264,0.00058619666,0.00075823977,3.58939e-05,0.002310526,-0.00015131469,-0.00038534592,0.00040765546,0.00021432096,-0.002364866,0.0021659303,0.00026494643,0.00023900777,-0.00029568793,-0.00012349544,-0.0014339632,0.00045724917,-0.00027249212,-0.00025333368,0.000119773154,-0.00054033403,-0.00010854973,0.0005473618,4.892543e-06,0.00031571643,2.359088e-05,0.0021236883,-0.0013200664,-0.0005583261,-0.001830804,-0.00026806083,0.0006990318,-0.00017330785,0.0014509591,-0.0004665135,-0.00088064093,-0.0001103593,0.00049490103,0.00020184211,-0.00016823734,-0.0005709371,-0.00045875413,-0.0004622232,-0.00020062496,-0.0009526007,-0.0018545132,-0.00039505286,-4.4397775e-06,-0.000449261,0.00022961896,0.00013426156,0.00035504985,3.1980828e-05,0.00072828063,-0.00019722473,-0.0007141821,-2.930325e-05,0.0009896528,-6.120076e-05,-0.0011455544,0.00065361185,-0.00019604038,0.0008499665,0.000942442,-0.00093755464,5.2499574e-05,0.00036863427,1.8415885e-05,1.878755e-05,-0.00018954938,0.00035827555,0.0006290942,0.00021013105,-0.0006236481,-0.0006019862,0.00025478122,-0.00048803893,0.00061145367,-0.0011974028,-2.788851e-05,0.0017898572,-0.0005848839,-0.0011751547,0.00011215134,0.00023596056,0.00070902926,0.00090511126,-0.0009861451,-0.0002175305,-0.0010667982,-0.00065058126,0.0002509838,-0.00010468744,-0.00039215648,-4.6611817e-06,-3.221968e-05,-8.418171e-05,-0.001239114,0.00021641995,0.0003401551,0.00045278177,-0.000502102,-0.00027341978,-0.0003184288,-0.00034815448,0.0007853591,-0.0007548486,0.0005549351,0.00078344037,0.34046516,9.189066e-05,0.0001174067,0.00064241624,-1.7906892e-05,0.00072687445,-0.0005425926,8.3712956e-05,0.00077854807,-0.0017103151,-0.0031430053,6.828767e-05,0.00036989735,0.00032711588,0.0009482683,-0.001275167,-0.0003310867,-0.0011126174,-0.000117417454,-6.345377e-05,0.00010589198,0.00030198984,0.0009893317,0.0002457217,-4.9806447e-05,-0.00058164046,-0.0021664612,0.0007053354,-0.00036834893,0.0021882157,-0.0009522891,0.0005210883,0.00096529577,-0.0001700479,-0.00014727954,0.001981408,-0.00032611436,3.7257807e-05,0.00014902164,-0.00019465618,-0.00013883608,0.0007613247,-0.0016859962,-0.0005110063,-0.00024128321,0.000177467,-0.00028138803,0.0007703956,-0.00084242085,0.00035982148,0.00034703556,0.00048196834,5.6390247e-05,0.0003138919,0.00014111974,0.0013078363,0.0002880542,0.0007241319,-0.00031908558,-0.0006129371,-0.00022003056,-1.505196e-05,-0.0011360528,0.00048802377,0.000248842,-0.0007092344,-0.00018461655,-0.00034620127,-0.0010521148,0.0006006956,0.0002589077,0.0021846038,-0.0011032418,-0.0006186481,-0.00060650124,-0.000500196,-8.03764e-05,-0.0001108102,-2.756896e-05,-0.0007030418,-9.4164505e-05,-0.0017322259,-0.0010030279,-0.0015483738,-0.00059856975,0.0001402071,0.00024642417,-0.0010204777,-0.00033620154,-9.635087e-05,7.109121e-05,0.0015154703,0.0003524117,-0.0020054996,3.0996598e-05,0.00072405284,0.00014295531,-0.0011167787,-7.813323e-05,0.00018775453,0.00068922166,-6.724141e-05,0.0015370984,-0.0022133195,-1.8529314e-05,0.00044700873,3.4595916e-05,0.00026593902,-0.00014358664,0.0006815485,-0.00025499528,-0.00090469304,-0.00021031495,0.0015213959,0.00092153996,0.00020439,-0.0006010855,0.0016884452,-0.00013318875,-0.0002223363,-0.000117306394,-0.00025388476,0.0024081892,1.2524802e-05,-0.0002741659,-0.00030508192,0.0005995162,-0.00040412517,-1.3760564e-06,0.0003102475,0.0005956624,6.7602214e-06,-0.00038825435,-0.0005560838,-0.00021038091,-0.00043910014,0.0006792955,-8.6708314e-05,-0.00066365895,0.00016188923,0.0008203437,0.00038452126,0.0005471789,6.13301e-05,0.001042224,3.2225773e-05,-0.00013638902,0.00014130396,-0.0003895029,-0.00059628737,0.0002898413,0.0013033004,0.00031303012,0.0007215845,0.00043424036,-1.4554935e-06,0.00030554383,0.00031778766,-0.0014782924,0.00010375182,-0.0016769626,-0.0005447066,-0.0002760108,0.00029751327,0.001252043,-0.00065566046,-0.00079523853,0.00032471237,-0.00413492,8.593048e-05,0.00055665,-0.0013052566
0.00066347985,0.00021980128,-0.00024827968,-0.00049028476,-0.0020357645,0.00052636315,0.00054866786,-0.00025685254,0.0003720458,0.0001862093,8.8704764e-05,0.0001291514,8.5006295e-06,0.00014438668,-0.0004416577,3.55202e-05,0.0004962156,0.00039925397,0.0007742079,6.859615e-05,0.00014860042,8.4941756e-05,8.5615015e-05,0.0007230597,-2.3047673e-05,0.00019368135,0.00090051384,5.0161292e-05,0.00014805057,-0.00014254563,-0.00015984292,4.377706e-05,0.0013894422,-0.0008546624,0.00011884177,-0.0006517018,-0.0007680232,-0.00017238589,0.00024273572,0.00016756603,-0.00019591146,0.00061214407,-0.00011585289,-5.78063e-07,-6.5086235e-05,0.0010631627,-0.00023633741,0.0003016142,-0.001166768,-0.00015716234,2.0643769e-05,8.657404e-06,0.00078098074,-0.00025208472,9.383421e-05,0.0013930184,-3.060885e-05,-8.637859e-05,-0.00021672294,-0.00045118766,-9.991067e-05,-0.00014589097,9.760079e-05,0.00076087884,-0.0020031251,-0.00013977491,0.00026102003,-0.00016778772,0.00018258614,0.00068108353,9.5143456e-05,0.00028307294,-0.00015815477,3.6013753e-05,-0.00012658534,-0.0008837029,-0.0003496255,2.7027305e-05,-0.0012162537,-9.540793e-05,0.00013229396,0.0008242724,0.0013410181,-0.00046359544,0.00016498059,0.00115994,0.0003372791,0.0002510613,8.0940656e-05,0.00011978245,0.00031526672,7.256864e-05,-0.0001357673,-0.001360022,0.00019986377,-0.0002508196,-0.0001270655,-0.00069619424,0.00062594656,-0.0020797148,0.00019103,-0.0004568023,-5.76966e-05,0.0005089889,-0.0013209373,0.00031831837,-0.00013087399,-0.00035094377,0.00014299116,9.757648e-05,0.000122218,-0.00013166822,-0.0003069024,7.8036115e-05,5.3345895e-05,-4.5812208e-06,-0.00019152029,2.783933e-05,1.0386195e-05,0.0003665105,-0.00086360256,0.00018458566,-0.00015004109,-0.00024472407,-1.4055622e-05,-6.6018576e-05,0.00020077318,0.00067116413,7.715274e-05,0.34193906,-6.8393194e-05,0.00025142336,8.753572e-05,-0.00030457656,-6.562777e-05,0.00012603743,0.00019823668,0.0005410067,0.00023698965,0.00017867617,0.00021120821,0.00018414753,0.00032840922,0.00047668637,-0.00024003086,-0.00014921674,-0.00017819865,-5.7375044e-05,0.00027291782,0.00018626261,8.565386e-05,-0.000627072,5.2775285e-05,0.00031427425,0.0023227292,5.9400958e-05,-0.0004746795,3.273966e-05,-7.445848e-05,-0.00047654085,-0.0005365038,-4.4205586e-05,1.3342489e-05,-0.00069946336,-0.00028590127,0.0005850198,-0.0007788324,0.00043050744,-0.00031350038,-0.0018809211,-0.000690786,-0.00049064704,0.00014937646,0.00031758938,8.0934566e-05,0.00060167396,-0.00059034716,3.5567326e-05,0.00019851152,-8.5410415e-05,-0.00031515947,0.0003490591,-2.4222325e-05,0.00096820446,0.00055233703,0.0011325807,0.00010402094,-0.0002529981,0.00012294133,2.2696837e-05,4.8308488e-05,0.0008513349,9.493055e-06,-3.4791177e-05,-8.707961e-05,1.0269798e-05,-0.00011849827,0.0002786168,-0.0016468652,0.00090088067,-0.0003595804,-0.00051473966,-0.00094648695,-3.188604e-05,-2.3870478e-05,-0.0007671393,0.00012716626,-0.00018493514,0.00020048086,-0.0013329732,-0.00022096158,-0.00048646244,-0.0001944341,-0.0006684238,-2.6255908e-05,7.6564465e-06,-0.00040635426,0.0003816411,-0.00032754036,-6.737778e-05,0.00016040163,-0.0007507289,7.2386494e-05,0.0006244969,-0.0005689862,-0.0009691427,0.00036819995,2.657844e-05,0.00040007062,6.250455e-05,-0.00034632665,-0.00079270004,-0.00037055157,2.1592263e-05,0.00067000056,0.000305012,-0.0002358491,-0.00040356792,-0.00016907579,-0.00022742565,-8.3251594e-05,0.0017786695,0.0002169098,-0.00013789091,-0.00012154241,0.0005917999,8.002421e-05,-9.600257e-06,-6.287023e-05,-0.00059789285,-8.8270324e-05,0.00012763531,-0.0001947011,0.00014936774,-0.00016424668,-0.0002704273,0.0004118604,0.0005443575,8.304234e-05,-5.9263994e-06,0.0009154004,0.00055878627,0.0005471553,-0.0011547889,0.0001690012,-0.00034446924,0.00035609803,-0.00010461759,0.0005558577,3.4595283e-05,-0.0003380917,0.00010903878,-5.5262768e-05,3.128993e-05,-8.5581356e-05,-9.6166885e-05,-0.00016293384,0.00068069866,0.00041163768,0.0003247566,-7.090026e-05,-0.0001457808,-0.00032425244,0.0003468062,-7.125506e-05,0.00010421646,0.0005392754,-1.5964519e-05,0.00035735298,0.00024268814,-0.00016325738,0.0002617336,0.0007994883,-0.000700924,4.1671425e-05,0.0004075346,-0.00059518474,0.00044692264,0.00017365381,-0.00058576226
9.488525e-05,0.001749682,-7.602057e-05,0.0017379906,-0.0011671735,-0.00086664804,-0.0008735082,2.9747416e-05,-0.00043816262,-1.363674e-05,-3.1384447e-05,0.00020854949,0.00019965354,-4.4793454e-05,0.00025518812,6.956936e-05,-0.00064656965,0.00027988682,0.000630133,-8.103966e-05,-4.684354e-05,-0.00012728357,0.00015007742,-0.00077831955,8.81419e-05,2.6514312e-05,-0.0010448408,5.695699e-05,0.00093234476,-0.0006729633,-0.0013871329,3.1436186e-05,0.00080974976,-0.0004542695,0.00070671627,-0.00064691924,-0.0006408293,0.00014081362,0.00032738774,0.00021178204,-0.00016838212,-0.00064566307,0.00032553778,-0.00010875154,-0.00012344916,-0.00035948688,-0.00022241667,0.0003430176,0.0005806394,0.00017889157,-0.00035485637,0.00011262992,0.00021818695,-0.00017955955,5.783789e-05,-0.00042659685,-0.00026993421,-8.894138e-05,-2.7060114e-05,-4.4279157e-05,9.2866736e-05,7.990294e-05,9.699119e-05,0.0012469927,0.000672679,5.7815905e-05,0.00035153428,6.757156e-05,-2.1892987e-05,0.0010449977,-0.00020147659,0.00016711907,-0.0012995402,0.0001741836,2.7822e-05,0.0005413411,-0.0004720154,6.6753404e-05,0.00066335744,-0.00025945145,0.00011797167,0.0004489489,-2.6839498e-05,0.00012656253,0.00020229895,0.0014282225,0.00066775485,0.0009892273,9.7412485e-05,-7.3744995e-05,0.00017031853,7.2125913e-06,8.609783e-05,-1.1865068e-05,-6.0405623e-06,6.336908e-05,-0.00018946566,-0.00047537943,0.00028619016,-0.0013412215,0.0003823089,2.8949278e-05,-0.00010042591,0.00078455993,-0.0007238011,5.6368495e-05,-0.00030861446,-0.00013797647,0.0010624453,0.0001773824,1.8844341e-05,1.5887832e-05,-0.00017307937,6.635745e-05,5.7190806e-05,0.00014215625,-3.6268055e-05,-6.273921e-05,7.537702e-05,0.00018747065,-0.00059708423,0.00025528815,7.5198965e-05,0.00010823451,-0.00020286841,0.00053637585,3.8588973e-05,0.0003341071,0.0002064642,-7.1649774e-05,0.3415829,0.00015110912,7.7864745e-05,-0.00027585763,-2.567782e-05,0.00014530434,-0.00013784846,0.00048548417,0.00010198326,0.00017723744,0.00045237673,6.112001e-05,-0.0010566815,0.0009770393,3.2697237e-05,0.0005729518,0.0009235378,4.5017983e-05,4.0240287e-05,9.047761e-06,-0.0001448074,-0.0002870184,5.0185765e-05,-0.00029095288,0.0022316559,-0.0003135149,-0.0010936322,-0.00039913424,0.00015033888,-0.0002160991,-0.00080030045,-1.1470712e-05,-0.0003640902,-0.0024720826,0.00019238068,0.00067280495,-0.00036932537,0.00015015861,0.00027260976,-0.0016249461,-3.9422885e-05,-0.00012935835,0.00015067706,0.0002480913,9.124266e-05,0.00040467663,-0.0003548426,-0.0006781958,-0.00020149698,8.6870285e-05,-0.00034142018,6.340387e-05,-4.5538345e-05,-6.246099e-05,0.0003581044,0.00029354187,0.0001834686,8.0799455e-06,0.00013517804,-5.079273e-05,0.001002718,0.00047231233,-0.00013807122,0.00019362522,9.351538e-07,0.00011722321,0.0002884779,-4.5919838e-05,-0.0009373297,-0.00075311767,-1.7901159e-05,0.00025093398,-0.00024660773,0.0006698053,6.1901465e-06,0.00021731602,0.00020318305,0.0001645306,0.0004297899,0.00078778795,-0.0005941175,0.0009952263,1.3518872e-05,0.0011748086,-0.00047132518,0.00030167596,-0.00012784619,0.0003533661,-0.00019391839,-0.0014707024,2.2992863e-05,0.00029588334,7.0526994e-06,0.00022028963,-0.0005829766,-0.0006723084,0.00011745417,-1.3369294e-05,0.0002704053,0.0001227199,-0.0007115526,0.0003516129,-0.00018004944,-0.0004194255,0.0004109141,6.7717214e-05,-0.0005849276,0.0007565183,-0.00012540945,0.0007871783,0.00012579357,0.00027610426,0.00035185274,-0.00029755806,-0.00018291158,7.217284e-05,4.5132423e-05,6.339437e-05,-0.000500761,-0.0003122795,-0.0005727567,0.00014022336,-1.8844494e-05,0.00025485648,-0.00021667355,0.00044665165,0.00041902004,0.00031732753,0.0003678087,-8.94505e-05,0.0004485427,-0.0003978613,0.00043501725,0.0002512065,-0.00013464798,-0.0006373222,-0.00024651,-0.0001983023,0.00012210749,-0.00013726365,0.00027680624,0.000101215395,-0.00026736117,-5.3065018e-05,-2.4772664e-05,-0.00015900093,-0.00014316544,0.0003274338,-3.636292e-05,-0.0010078915,-9.313495e-06,-0.00015010554,-0.0004916777,0.00064005156,-0.00019944894,1.7554656e-05,0.0028412198,-0.00078325666,0.00074757583,0.00016756279,-0.000103657185,0.000113940994,-3.5891208e-05,-0.000519935,-0.00091650157,0.00031480892,-0.00057086983,0.00058976334,-0.00014868536,0.001174579
-0.00050137413,0.00017328467,-0.00015253296,-0.0018626278,0.001040049,-0.00072497036,-0.00041925246,0.00023853521,-0.00129035,-0.00022030964,-0.00020040067,0.00014087131,-0.00012916903,-0.00032621168,0.0005728528,-0.0002486655,-0.00040672233,-0.00024200634,-9.5119394e-05,-0.00016320405,-0.00033772519,-0.0006371084,1.7447897e-05,-0.0015579927,0.00014604507,0.00037920434,0.00010890592,-0.00022897191,0.0016967139,-0.0014251666,0.0003812573,-0.00021383702,0.0001444156,2.8313338e-05,0.000983804,-0.00025522255,0.00043489554,8.396123e-05,-0.00012365101,0.00025494906,0.00010405053,-2.4523117e-05,-0.00018316675,3.5595513e-05,8.014751e-05,-0.0009106478,0.00088082184,0.000295207,0.00093121245,1.1783588e-05,-0.000483016,3.9645107e-05,-0.00089002505,0.0002703022,0.00065486657,0.0006401636,-0.00021795876,-8.259487e-05,4.1283423e-05,0.0002703474,0.0002986239,0.00035324498,7.783607e-05,0.00029761624,0.00091574434,0.00017057749,-8.364444e-05,0.00029801394,-0.00010150972,-0.00028767966,-0.00017709231,-0.00015199995,-0.00018926192,9.159001e-05,0.00047318536,-0.00048219098,-0.0006740628,6.179618e-05,0.000103437946,-0.00041149076,0.00024681023,-0.0005809341,-0.0006652892,0.00044179757,-0.00011790875,-0.00016719814,-0.0002531181,-0.00040500014,0.00016550902,-0.00019703891,-0.0005052513,-0.00017013743,0.00038283688,3.9584134e-05,-0.00013249273,0.00020957104,-0.00037785014,0.00085378124,0.00011527969,-0.0011940184,0.00021900349,0.000958327,-0.00010495239,-0.0003444419,-0.00047940313,-0.00079009397,0.00043984814,7.320639e-05,0.00070224516,0.0004017097,-0.00016064166,5.6304816e-05,0.0002676768,1.115066e-05,4.378818e-05,-5.3099357e-06,0.0008090067,-0.00015086753,-0.00022948712,-0.0003323381,0.00041128785,0.00014870518,0.00015802355,8.631567e-05,-0.0005659854,0.00020363086,-0.00042363448,-0.00030904118,0.00019298433,-0.00013432525,-0.00010109065,0.34141374,6.598954e-05,-0.00058780104,0.0004193163,-0.00013203814,-0.00046255178,0.0012953517,0.002299674,-5.843858e-05,-0.00036891428,-0.00014909837,-0.00020403507,-0.0016128934,0.00021561884,0.0004279736,2.8799783e-05,1.267858e-05,-4.573044e-05,-0.00021108564,-0.0005171641,-0.00034055454,0.00016023785,0.0005519353,0.0015924022,-0.00033616505,0.00034423478,-0.001337843,0.00048852706,-0.0004791098,-0.0006889378,2.7717786e-05,0.0004103598,-0.00075861014,5.718711e-05,-0.00010113552,-0.00016742345,0.0001528618,-9.567333e-06,-0.00046515823,0.0011090855,0.00026653905,0.00014163041,-7.5273296e-05,0.00018610472,-0.0006206284,0.000782029,8.064549e-05,-8.8011104e-05,-0.0005474796,0.000114428505,-0.00020273234,-9.2948125e-05,-0.00066174986,-0.00025033008,-0.00033192773,0.00018163153,0.00046392094,7.078196e-05,-2.0690222e-06,0.00037493763,-0.0003419446,-0.00014697379,0.00034039028,0.00017763226,0.0001363699,0.0006583277,-0.00041534728,-0.00044365018,-0.0009088999,0.00071518007,0.00021814558,3.3172397e-05,3.7394144e-05,6.842584e-05,-0.00025625344,-9.270182e-05,0.00042916776,1.2850566e-05,0.00020286127,0.0008017725,0.00063240353,0.00027948135,-0.00075098715,8.014152e-05,0.0006231684,0.00013951753,-4.69942e-05,-6.6618806e-05,-0.0007745282,-0.00025331494,0.0013544187,4.0746916e-05,-0.00025734495,-2.5745321e-06,0.00094093126,0.00015253421,-9.630479e-05,-0.0005039764,8.4298736e-05,-0.0009952929,0.0013940234,-8.11572e-05,-0.00011534458,-2.755361e-05,-7.4329095e-05,0.00034575455,-0.0008576246,0.00015632661,0.00037556075,6.459399e-05,-0.0008329579,-0.0006289271,-7.486451e-05,0.0006399494,-0.0010872873,0.000115054645,0.00011649699,0.0003718147,2.2957833e-05,-0.0017139184,-7.1023096e-05,0.00020495577,0.00013933264,-0.0002953093,0.00024398499,-0.00010027118,-0.000118338794,-0.00054914725,-3.0049723e-05,0.0003898372,0.00061835174,0.0001801473,-0.0005411994,-0.0002398571,0.00027703942,0.00070580235,2.731006e-05,-0.00044470397,-0.00013850968,-0.0006518349,-3.9796192e-05,-0.0005833169,4.4202734e-05,0.00010591214,-3.924405e-05,0.0003425831,0.00057398505,-3.1967407e-05,-0.0002762154,-0.00018601558,-0.00052511203,-0.00018516248,-3.916986e-05,-0.00017598197,-0.00017265113,0.00047222717,0.00025369806,0.00097180135,0.0005271665,0.00022384715,-0.00022019366,-0.0008608916,0.0004848014,0.001189465,-0.00026845987,0.0031855246,-0.00023506193,-0.00026208078,0.00036884172
-0.00043418744,-0.0014220345,0.00052519946,-0.00024612533,0.0016956984,0.00074724434,8.711302e-05,7.3121873e-07,3.7407306e-05,-0.0001079207,-7.201631e-05,-0.000212616,-0.00017957721,-0.0001932855,-0.0004506426,5.557273e-05,0.00012900947,-0.0005575583,-0.0009141216,-0.00014959543,-0.00025753956,4.3708587e-06,-9.608247e-05,0.00022673365,2.2677023e-05,-0.00023661283,0.0014543999,-8.3525854e-05,-0.00078710524,-0.0002050947,0.0010321316,-0.00012238459,-0.0010725638,0.00071738363,-0.00042687167,0.0008838831,0.00055492524,0.00013223183,-0.00013937852,-0.00011220505,0.0002106403,0.00036554254,-0.00011384775,-0.0002608538,0.00011420207,0.00034843304,0.0008958117,9.300322e-06,-0.00015179336,5.7314635e-05,0.00032532366,5.4641765e-05,-0.00038579767,0.0004858544,5.345084e-05,5.371353e-05,0.00014449988,4.3743195e-05,-7.1707154e-06,0.00032337048,0.00012461,-0.00017001062,-0.000115672665,-0.0011420363,-7.810527e-05,0.0003988194,-0.00029892754,7.012678e-06,-7.669639e-05,-0.0012966063,5.550508e-05,6.0762213e-05,0.0013347508,-5.609674e-06,0.00023205117,0.00015535769,0.00027888012,-3.086114e-05,8.915659e-05,0.00012668179,2.2658922e-05,-0.000788112,-0.00039586323,0.0003392255,-0.00014706986,-0.003003564,-0.00046582357,-0.0008186234,-0.0001877724,-0.00011251149,-0.00022926614,-5.554973e-05,0.00016607603,0.00058481283,-0.00010841644,0.00013514944,0.000100958394,0.00064893113,-0.00031846706,0.0013677676,-4.7728732e-05,-0.00031282144,0.00034556066,-0.00092307356,0.00011869219,0.00026709124,0.001408235,0.000332301,-0.0011336256,0.00021374837,-8.9419606e-05,5.254641e-05,0.00028617866,-4.153081e-05,-3.841667e-05,6.44561e-05,0.00034011534,-6.721595e-05,-4.6285204e-05,-0.00030411026,0.00050291,-0.0001333862,0.00022793218,-0.00010917066,0.00018777886,-0.00023893442,-0.00011717454,-0.0014010374,-0.000107045875,0.000121080506,-2.9969196e-06,-0.00024175362,0.3407758,0.00024040842,6.83478e-05,-4.768402e-05,-9.7981265e-06,-0.0005208547,-0.00030845852,-0.00017208915,-0.00041039247,-0.00044795926,0.0004769546,0.00091884483,0.00019918973,0.00011253741,-0.0012209752,4.8496655e-05,4.266025e-05,-0.00010874757,-0.0007349993,0.0005742626,-0.00016956517,0.0004020553,-0.0021869892,7.481571e-05,0.0017394726,-0.00074965553,0.00028694066,6.5619766e-05,0.0011030557,0.00012268998,-0.0001918951,0.0027213227,5.156523e-05,-0.00057345233,0.0004244934,6.7717694e-05,6.8287336e-05,0.0016342,0.0014367672,0.0003610837,-0.00018427288,-0.00062865333,4.7202964e-05,-0.0004098061,0.00030631968,0.0003594259,-2.1180284e-05,7.500792e-05,-2.4068548e-05,-0.000118612996,1.810601e-05,-0.00016394458,-0.00043804725,-0.0010117936,-7.973888e-05,0.00018985648,-5.6242447e-05,6.933758e-05,-0.0005242671,-0.00061749754,1.9358029e-05,0.00017252707,5.513661e-05,2.6498183e-05,0.000108438035,-0.0001637176,0.0010508883,0.00021818766,0.0002493699,-0.00020131246,0.0010071893,-0.0003559282,5.6455454e-05,2.1466694e-05,-4.850726e-05,0.00017243344,-0.00037946686,0.0009455167,0.0010568877,-0.00069536356,0.00018740956,-0.00011327817,0.0005601765,9.53094e-05,0.0003578046,-0.0004088646,1.8693989e-05,0.0016869869,-0.00018038775,0.00054670963,1.6098729e-06,-0.00086293975,0.0005277157,0.00090582075,-0.00018058885,-0.000109394736,-0.00030731046,-6.567533e-05,7.132466e-05,-1.3938385e-05,0.0003348891,0.0003302348,-0.00036602982,-0.00027784737,0.0007757903,-0.0007301453,0.00019170788,0.0002560517,1.1358294e-05,-0.0011232847,-0.00071564224,0.0003054843,-0.00032902695,-0.0007561463,1.804747e-05,3.4282813e-05,0.0002528703,0.0007245548,0.00025889775,-0.0002038235,5.6872737e-05,4.3309556e-06,-2.2802778e-06,-0.0006681826,-0.00037083376,2.2792995e-07,-0.00047490053,-3.943613e-05,-0.0008017478,0.00071872136,-0.00052357797,0.00085084763,-0.0005425135,0.00035903757,0.00037579163,0.00025808907,-0.00056501897,-1.7181628e-06,-0.00015877884,-0.00023051737,-0.00029783347,7.623549e-05,0.00013342018,5.279794e-05,-7.262248e-05,-0.0004756481,-1.2918036e-05,-0.00026094713,-0.00017953229,3.0335777e-05,0.0003004488,-0.00061796646,2.877344e-05,-0.00014169251,-0.0032064177,0.0005313474,-0.0001544333,-0.0004871985,0.00017985703,-0.000109637615,-0.00015508996,0.00071482005,0.0007368578,-0.0002891456,0.0015966018,-0.0005019431,1.6536018e-05,-0.00080593966
-0.0003600963,0.0012706408,6.363946e-05,0.00030491804,-0.00020884539,-0.0006735879,-0.0011326963,8.418456e-05,-0.0014113492,-0.00012726767,-0.0001532749,0.0002736469,5.4114404e-05,-0.00041694855,0.00013333169,-3.8579117e-05,-0.00081708084,-0.00014361645,0.00032753096,-0.00025715612,-0.00044890464,-0.0006911705,0.00023892378,-0.0018504355,0.0004001528,0.0003590962,0.00049168244,-8.9618916e-05,0.0018864359,-0.002282263,-0.00067532546,-0.00015146041,0.0010008963,-0.0003643248,0.0014842007,-0.00073634885,-0.00049312745,0.00026390163,0.00023611556,0.0006512661,-7.072507e-05,-0.00027944826,0.00014049132,-0.0004041496,-5.763077e-05,-0.00032560917,0.0010335785,0.0009433477,0.0011578539,0.00020901581,-0.0005204827,1.0189701e-05,-0.00027648133,0.00026222607,0.0006988189,0.00071268965,-0.00023945175,-0.00017382308,-8.486552e-05,0.00023253841,0.00043856888,0.00010430573,0.00025581368,0.0011671026,0.00034794223,0.00014295717,0.00024235419,0.0002224891,-6.2346844e-05,0.00039153436,-0.00038702565,0.0003188055,-0.0008946999,0.0003393137,0.0005407758,4.6487283e-05,-0.0010727979,8.693978e-05,0.00042363754,-0.00067614,0.00026083572,-6.73968e-05,-0.00031713894,0.00056690606,0.00030701797,-0.0006080535,0.00044496867,0.00047066982,0.00013641702,-0.00024842573,-0.00025336453,-0.00017547619,0.00045269664,-0.00021094875,-2.3962912e-05,0.00013419637,-0.00057457277,0.00032113295,0.0005692771,-0.0025236662,0.0007794742,0.00025702963,1.728149e-05,0.00012919758,-0.0016906803,-7.8038735e-05,0.0009225639,5.4826418e-05,0.0008696039,0.00076046016,-0.00016351536,7.704001e-06,1.4126674e-05,0.00010159117,3.5194666e-05,5.6080422e-05,0.00083929085,-0.0002137202,-0.00010962516,-7.592849e-05,-0.0005431786,0.00041587028,0.00030199156,0.00017516015,-0.00054141396,0.00064017856,-0.000235073,-0.00062255515,0.00030355057,-0.00017470699,-0.00021693656,-0.00023671663,-2.3626999e-05,0.3406093,0.00030328846,0.00010775499,-0.00049193535,0.0015097734,0.0018053302,0.00020322716,-9.4508854e-05,-0.00035483204,-0.0010205742,0.0013103626,0.00034380078,0.0011374998,0.00051433523,9.957644e-05,0.00029386368,-0.00017472703,-0.0011999389,-0.0004890529,5.6277713e-05,0.0006424094,0.003042235,-0.0005162462,0.00024331437,-0.0023765608,0.0008831884,-0.0007709155,-0.0009194987,0.00013556649,-0.0001803867,-0.0021684498,8.828716e-05,0.0006776086,-0.00069006014,0.0006286005,0.00028417594,-0.0016848035,0.0016555979,0.00010720433,0.0002723724,-9.881752e-06,0.00032160114,0.00016254993,0.00013769025,-0.0005270831,-0.0002270699,-0.00026808007,-0.0004793135,2.975789e-05,-0.00013285603,-0.00039182027,0.00013849148,-7.785362e-05,0.00032094194,0.0003264284,0.00032565356,-3.929515e-05,0.0012658167,0.00032176866,-0.00034405215,0.00067017577,0.00020229431,0.00016851527,0.0007951755,-0.00037068222,-0.0016248872,-0.0011098655,0.00059795304,-3.824938e-06,6.2962954e-06,0.00056182727,0.00013606723,-0.00031917458,0.00019223736,0.000499864,0.0003679133,0.0016293669,0.0006680383,0.0009080743,0.00036629097,0.0007340305,0.00013495107,0.0009479411,9.270283e-05,0.00032606238,-0.00035471376,-0.001073342,-0.00017477326,0.0016988773,2.8198272e-05,-0.00043028328,-0.0006330524,0.0001548604,0.00028392382,-0.000106351246,-9.918501e-05,-7.672205e-06,-0.0017872888,0.0012074318,-0.00017580818,-0.00035080186,0.00057136547,-9.614108e-05,6.0947637e-05,-0.00049502467,0.00015973551,0.0014772489,0.00012745411,-0.00015102801,-0.0006542932,-0.0003032346,-0.00018543057,-0.001095177,0.00017727603,0.0001669489,-0.0002595233,-5.3002324e-05,-0.0017920478,-7.59886e-05,0.00012073229,0.0004709324,-0.00066783157,2.5589445e-05,0.00034857166,0.0005522048,-0.0003540859,-5.4782715e-05,0.0006447928,0.0009294174,0.0005269148,0.00014745144,-0.0008157328,-0.0004940984,0.0007580685,-0.00024075483,-0.0003955438,-0.00028053042,-0.00042280005,-3.154297e-05,-0.0010997317,9.8613615e-05,0.00013055863,-0.0002376204,5.5061708e-05,0.0008635084,3.6925703e-05,-0.0015507087,-0.00038161763,-0.0006242652,-0.0007508844,0.00039443374,-0.00035284014,-0.00020754506,0.0015272854,-0.00029984,0.0018299064,0.00033766648,8.043232e-05,-1.9509656e-05,-0.00046329098,-3.369173e-05,0.00055176276,0.00018868588,0.001953236,0.0004551322,-0.0003988713,0.00082561007
0.0004848757,-0.00017747367,0.00016863969,0.0018020358,-0.00097373023,0.00048903393,0.00055072573,-0.00020306748,0.0012856001,0.0002698264,0.00024868487,-0.00015955282,0.00014063249,0.00032425512,-0.00061266986,0.00022031346,0.0003441662,0.00018219832,0.00015806127,0.00016118589,0.00032155646,0.00069754245,6.838815e-05,0.0014616845,-7.4049516e-05,-0.00039126162,-0.00015798518,0.00019817303,-0.0015948472,0.0015092036,-0.00041422172,0.00013707076,-0.00027535527,-8.689087e-05,-0.00094435655,0.00031892327,-0.00035565117,-2.973512e-05,0.00018976422,-0.00026168657,-0.00013209818,-4.2224474e-06,0.0002196837,7.048445e-05,-6.926336e-06,0.000964438,-0.000935311,-0.0002950241,-0.0011596768,-8.7795546e-05,0.0004549963,-4.09472e-05,0.00084571616,-0.00024486,-0.0006346244,-0.0008492212,8.64915e-05,0.00010477907,-5.7199697e-05,-0.00022099524,-0.00039973704,-0.00029089322,2.3723567e-05,-0.00033902298,-0.0004263437,-0.00020826775,5.252989e-05,-0.0002313871,9.002457e-05,0.00031987898,0.00017585221,0.0001870883,0.00022507104,-5.9220318e-05,-0.0004524806,0.0005660727,0.0006463883,-4.8687525e-06,-2.330388e-05,0.00037442945,-0.00010470707,0.000577419,0.0006058123,-0.0004622223,4.2556465e-05,0.0005401044,0.0002629613,0.0004253715,-0.000114484625,0.00015846574,0.00047863924,0.000102261096,-0.00033561626,-0.00020814111,0.000110488785,-0.00015797144,0.00047731496,-0.0008557982,-9.0243324e-05,0.0012098381,-0.00023601939,-0.0009233109,0.00013912356,0.00039512958,0.0007424159,0.0007755895,-0.00043672154,-9.753724e-05,-0.00044428764,-0.00033811163,0.0002097207,-2.5392255e-06,-0.00024445468,-2.5271105e-05,-3.8011323e-05,6.692861e-05,-0.00083710265,0.00013738716,0.00022387636,0.00030073102,-0.00034533234,-9.239653e-05,-0.000279262,-0.000111258814,0.0005357724,-0.00016408534,0.00043067208,0.00025436498,-0.00015803619,0.0002039497,6.698288e-05,0.00048323735,-5.4725137e-05,0.0005325639,0.3407149,5.476351e-05,0.0004279975,-0.0013102886,-0.0021893329,4.0621933e-05,0.00038075878,0.00018688224,0.00016397073,0.0026738774,-0.00016089338,-0.00042556605,-0.00020909341,-4.630282e-05,3.525999e-05,0.00019472164,0.0005612312,0.00028340958,-0.00018867155,-0.0005555685,-0.0015788015,0.00021522181,-0.00075729314,0.0015539926,-0.00046726593,0.00052479544,0.0006560461,-3.2861035e-06,-0.00045125693,0.00044015382,-5.103385e-05,0.00020029835,0.00015557704,-0.00020356051,-1.305423e-05,0.0003465111,-0.0012230466,-0.00024977906,-6.266097e-05,2.6519056e-05,-0.00014709326,0.0005292956,-0.00088904233,-0.0001270602,4.4718163e-05,0.0005062861,-0.0001284458,0.00018965546,7.038326e-05,0.000591661,0.00022980897,0.00033269712,-0.0001186851,-0.0003746521,-0.00012468123,-3.6822457e-05,-0.00029200682,0.00032855629,0.00012909099,-0.00035457898,-0.00016710351,-0.00020079134,-0.0005425718,0.00037156447,0.00038527328,0.00097344967,-0.00067523593,-0.00018614202,-5.7356345e-05,1.2763708e-05,-5.764181e-05,0.00026356173,9.690182e-05,-0.0003150225,-1.995714e-05,-0.00012114696,-0.0009363218,-0.0006256051,-0.00033061104,0.00054086966,-0.0006792975,-0.00056082866,-0.00017203913,-4.766346e-05,-0.00011889549,0.00070475356,0.00017600668,-0.0015592474,-1.5189191e-05,0.00022715653,-6.669783e-06,-0.00091926707,-0.00011180308,4.0036448e-05,0.00049496244,-3.675569e-05,0.0010302012,-0.0014273449,6.180267e-05,0.00015061392,4.814215e-05,7.99981e-05,-0.00038281502,0.000917863,-0.00020714104,-0.00056096027,6.6337074e-05,0.0007529959,0.0006539186,7.3310325e-06,-0.0006671308,0.0010611054,-8.27938e-05,-8.673284e-05,-0.0004145327,-1.9308587e-05,0.0014205604,0.00019298558,-0.00019277575,-0.00010276899,0.00029159014,-0.0002080266,0.0001153571,0.00014337857,0.00053959916,-2.624396e-05,-0.0003691779,-0.00071706576,-0.00018250092,0.00026509666,0.00022587017,-0.0002980844,-0.0007276206,8.582163e-05,0.000414066,0.00013201925,0.00065414014,0.0001399825,0.0006498904,-5.3870273e-05,-0.00010539584,4.1764943e-05,-0.00029496712,-0.0005920423,0.00010281365,0.0002848339,0.00015856046,0.0004837823,0.00018382858,0.00013918983,0.0001505499,0.00016111314,-7.2654744e-05,-0.0004670673,-0.001004458,-0.00050339394,-0.00013428273,0.00025114385,0.00091011723,-0.00047320637,-0.0012143597,0.00027121278,-0.003269792,0.00030884365,0.0002906624,-0.00031499428
-0.00033957724,-0.0016369125,-0.0007361214,-0.0034106195,0.0022163233,-0.00071744894,0.00096576416,0.00031604563,-0.000109266504,-0.00027423658,-0.00015785146,-7.706805e-05,-0.00025792565,0.0001947181,0.0014118864,-0.00042687586,0.00045702676,-2.1597439e-06,-0.0007132765,0.0002998069,0.00032617294,-0.00024703908,-0.0002505242,-0.0004405263,-0.0004478888,0.00014489803,-0.001782091,-8.136914e-05,0.0003012936,0.001489178,0.0015833753,-1.0947122e-05,-0.0014415768,0.0007208109,-0.0007275919,0.0006295927,0.0018380216,-0.00035491984,-0.00075296557,-0.0007504501,0.0001765099,-0.00010554334,-0.00046609307,0.00064529665,0.00017241578,-0.0015893308,-0.00065302505,-0.0012803599,0.00075066113,-0.00029582108,-1.9048852e-05,2.1264048e-05,-0.0013056712,-0.000118951095,-0.00026854314,-0.00072362623,0.00022114447,0.00026006188,3.738444e-05,4.545047e-05,-0.00013757037,0.0005686439,-0.00025114242,-0.001262679,0.0018968673,-7.546482e-05,-0.0005883298,0.00013570821,-0.00011508193,-0.0009175068,0.00039987158,-0.0010789934,0.0008152014,-0.00044789413,-0.00012326623,-0.0009858486,0.0006982641,2.47095e-06,-0.00017552168,0.000421945,-0.0001766265,-0.0009667924,-0.0018388808,-0.00016774607,-0.00059195474,0.0006024376,-0.0012483523,-0.0012916271,-0.00010640344,0.00013598458,-0.0003877291,-1.248194e-05,-0.00024292982,0.0008919806,-0.0002446877,0.00015748927,0.000451574,0.00134107,-0.00096099515,0.002588907,-0.0011251932,0.0017151992,-0.00040965524,-0.00068425527,0.0028372807,-0.001608418,-0.00200664,-9.115342e-05,0.0002795763,-0.00084868155,-2.935998e-05,0.00010054757,0.00042165339,-0.00012780596,-9.078603e-05,-0.00018116362,-0.00013445318,0.00016387571,-4.484208e-06,-0.00041143398,0.0015762442,-0.0005221511,3.0456988e-05,0.00016644452,-0.00015982063,-0.0006749206,-0.00035625807,0.0011572219,-0.0002604399,-0.00010541012,0.00024264013,-0.00051194517,0.00021224139,0.0003283049,0.00019944647,0.34136808,-1.5358688e-05,-0.00023022584,0.0012936544,-0.0004437,-0.0005344365,0.00047997825,0.0009517875,-0.004179142,-0.00015274384,-0.0012699203,0.00022320476,1.1707234e-05,-0.0006435975,-4.255525e-05,0.001449125,0.00011568421,0.0004379417,-0.00045831,-0.0025664603,0.00040949503,-0.00010353643,0.0019165644,-0.00083344587,0.0006367855,6.115016e-05,-0.00024145069,0.0013760215,0.0014219322,-1.4475388e-05,-0.0013061591,0.0010330841,-0.0010255047,-0.00015383914,0.002896496,-0.0011008856,0.00019554439,-0.00034260054,0.00020246323,-0.0003648957,-0.0011280675,0.0014867139,0.0009086956,0.00018904271,-0.0005432736,0.0012933401,-0.00045087072,6.406083e-05,-0.0008243346,-0.00077653036,-0.0002186716,-0.0004146271,0.00017622625,-0.0005209468,5.8094414e-05,-0.001294573,-0.0012354386,0.0003744388,-0.00053875515,-3.5538967e-05,-0.00016078148,-0.00037993354,-8.574617e-05,0.0026681786,-0.00015990966,0.00013968008,0.00067066407,-4.5923585e-05,-0.00079331157,-5.0487044e-05,0.0003534197,-0.0005490489,-0.00016654073,-0.0004111687,-0.002228163,-0.0001959494,-6.1647166e-05,-7.458634e-05,-0.0029312063,-0.0003481138,-0.0007501014,0.00013326653,-0.00042659912,0.0008615079,-8.0263955e-05,-1.7403085e-05,-0.00029995386,-6.726317e-05,0.00061442883,0.0011383748,0.0016646906,-0.00032630115,7.626331e-05,-0.00076706544,-1.496569e-05,0.0016694244,0.0007637045,0.00023631277,7.363321e-05,-0.0012017256,5.506033e-05,0.0003459564,-4.1056035e-05,1.6147647e-05,-0.0017127646,-0.00016277382,-0.0011460889,0.00024001436,0.00033843948,0.0015336021,-6.7651745e-05,-0.00020034301,-0.00020122321,0.0010996896,-3.495611e-06,8.77586e-05,-0.00011065477,0.00024121784,-0.0007503098,0.0007313779,0.00090243615,-0.00080278143,-0.0013138955,-0.0002050157,0.00012498272,-0.00039436744,-0.0012663604,-0.0005937935,-0.0013123557,0.0012647128,0.0015216181,-0.00038664945,0.00022938469,-2.3403698e-05,0.00030494505,-0.00026604955,-0.00022369178,0.0011192441,-0.00011652758,2.843071e-05,0.0002994165,0.0007261579,-0.00051385444,-0.00032926182,0.0023820277,0.00056065246,0.00014441968,0.001029645,-0.00055033603,0.00037102247,0.00010932099,-0.00048450578,0.0010032046,-0.0015845882,0.000557543,0.00013918949,-0.000436786,-0.0010488307,0.0008787536,0.0008261051,-0.00084340555,0.0013773266,-0.0012987782,0.00026472175,-8.722698e-05
-0.0012485705,0.0016681432,1.26075065e-05,-0.00039037984,0.0027930473,-0.0018018731,-0.002219092,0.0005813053,-0.0026810425,-0.0003301729,-0.0003951172,0.0004026292,-2.9503859e-05,-0.00069913664,0.0012752132,-0.0002897478,-0.001574738,-0.0004137581,-0.00044566192,-0.00034641934,-0.0007762722,-0.0010744217,4.9850387e-05,-0.0031796054,0.00033107636,0.00036353242,-0.00084079424,-0.00028143218,0.0030094122,-0.002844252,-0.00046466378,-0.00033518218,0.00020113704,0.0003433741,0.0018450262,-0.0005583923,0.0005091395,0.00047033193,-0.00014050149,0.00064970786,0.00018845363,-0.00089248177,0.00016027677,-0.00035980443,1.6877375e-05,-0.0026173778,0.0016906303,0.00074402796,0.0028154987,0.0002606782,-0.0009398337,0.00024170688,-0.00171823,0.00061206636,0.0009957843,-0.00023258595,-0.00060515787,-0.00019543721,7.8654644e-05,0.0007587829,0.0005643836,0.00063791516,0.00017485002,0.0010369355,0.0028543526,0.00070404727,-7.06674e-05,0.00059625495,-0.0003278697,-0.00016010946,-0.0005274519,-0.00014191521,-0.001187151,0.00029926267,0.0008744244,0.0005247328,-0.0012126378,7.709759e-05,0.0016652972,-0.000819357,0.00032068495,-0.0011549676,-0.0011495145,0.0012591386,-0.00011268396,-0.0007522201,1.6545218e-05,0.000103621256,0.0003064672,-0.00048701387,-0.00085980166,-0.00027276468,0.00083584123,0.0010754312,-0.00024202307,0.000537607,-0.0007809111,0.0016184732,-1.5238142e-05,-0.0022221485,0.0007289062,0.0015304965,-0.00013388883,-0.00040692912,-0.0008389695,-0.0010493584,0.0014323212,0.00041294677,0.0012466888,0.0007600841,-0.0003536786,0.00028851314,0.0004196865,-3.8071173e-06,1.7362156e-05,5.6240988e-05,0.0015540718,-0.00027791344,-0.00032308858,-0.00064927526,0.000641321,0.00039811345,0.0004997351,0.0005014358,-0.000982165,0.00086694176,-0.0007140708,-0.0010671276,0.00034030306,-0.00013580878,-0.00023552896,-0.00075420237,1.9476938e-05,-0.0008247602,0.00064482936,-9.685173e-05,0.33951256,0.0020608134,0.0036448536,-2.4928519e-05,-0.00050414354,-0.00043227128,-0.0013443674,-0.0012876344,0.0005427963,0.0015499175,0.0004398364,0.00011097513,-6.619686e-05,-0.00045562588,-0.0013045191,-0.0001769968,0.00011173101,0.00057931105,0.0021780021,-0.0008980992,0.00050186424,-0.003065419,0.0011693119,-0.0005802937,-0.0011796566,0.00013191995,9.4661285e-05,-0.002093721,0.00033333703,-5.11519e-05,-9.971505e-05,0.00021758572,0.00039045938,-0.0005668868,0.0024456969,0.0007395047,0.00033823648,-0.00024047529,0.00027537046,-0.0009356552,0.0011498948,-0.0005276092,-0.00047569783,-0.00055436126,-6.5610584e-05,-0.00050807913,-0.00013346938,-0.001809807,-0.0004422927,-0.0010679339,0.00041988157,0.00083406345,0.00029488644,-6.4719614e-05,0.0014912086,-0.00065733993,-0.0003152468,0.0008476703,0.00031390024,0.00019308955,0.0012858375,-0.0008258155,0.00016776206,-0.0028016958,0.0013759353,0.0008326955,0.0009321194,0.0006673426,0.00014178998,0.00030616167,-5.1550014e-05,0.0009039149,0.00012564112,0.002904023,0.0012662373,0.0021236297,0.0007200938,0.0004535615,0.00017180525,0.0012314155,0.0005066593,0.000101893675,5.628983e-05,-0.0020029373,-0.00045596896,0.002837555,-0.00011232337,-0.0008869224,-0.00011773399,0.0014575268,-2.9838739e-05,-0.00019383519,-0.000845144,5.0963485e-05,-0.0020942073,0.0029917671,-7.4198484e-05,-0.0004702256,-0.00013093869,-0.00035403168,0.00022433607,-0.00058208796,0.00038026163,0.0015921502,0.00038239115,-0.002292367,-0.0011592353,-0.00021785517,0.0006357216,-0.0022496476,0.000110803696,0.00024798562,8.089142e-05,0.00033473046,-0.0028770154,-0.00021173975,0.0004496618,0.00036425365,-0.0006841649,0.0006613578,-7.005874e-05,-0.00054100197,-0.00069256866,5.400193e-05,0.00022577221,0.0005893804,0.0001969924,0.0007883488,-0.0009130554,9.1338625e-06,0.0007414837,-0.00013801779,-0.001095489,-0.00039628692,-0.000538928,6.1572115e-05,-0.0012506676,-1.7191445e-05,0.00024374039,-0.00013469087,0.00044140883,0.00070186955,-0.00035107395,-0.0020776195,-0.0003170592,-0.00084286963,-0.0005647926,1.0750751e-05,-0.00036220596,-0.00038405493,0.0020954495,-0.00029311146,0.0020490938,0.0006344255,0.00032394676,-0.00043187675,-0.0017388358,0.0008355181,0.0011060593,-0.0004051135,0.005311557,-4.5332643e-05,-0.0007791233,0.0019058333
0.00047141258,-0.00056839886,0.0001066258,0.0014170812,-0.0004039383,0.00047681434,0.0007185555,-0.00013314704,0.0015741403,0.00015321629,0.0001498341,-0.0002701809,0.00015407434,0.0004371758,-0.00041268364,0.00016651461,0.00049604144,0.00018967318,-8.666582e-05,0.00024027456,0.00043909682,0.0008232679,-0.00010919584,0.0017816548,-0.00019626282,-0.00047572533,-0.0006394212,0.00011365243,-0.0019431406,0.0020476517,-9.435817e-05,0.00019300055,-0.0008267793,0.00027077572,-0.0013517324,0.00060278416,2.3752771e-05,-0.00017092223,8.6134905e-06,-0.0005364483,-5.755586e-05,-0.000106201995,0.00019710365,0.00025856885,8.861251e-05,0.0007728665,-0.0012245281,-0.0006540733,-0.0009575974,-4.3015756e-05,0.00056172034,-3.966693e-06,0.0008202493,-0.0003420965,-0.0007988537,-0.0012484418,0.00034588066,0.00017056672,-9.241364e-05,-0.00020137744,-0.00038366098,-0.0002667302,-0.00013444864,-0.00082346523,-0.00015734798,-9.137619e-05,-1.29313175e-05,-0.00026903488,8.5839165e-05,0.00010020589,0.00027094816,-3.8559134e-05,0.00042512824,-0.00026993555,-0.00058855955,0.0005872581,0.0010043526,-7.3070674e-05,1.4779237e-05,0.00062326144,-0.00020794311,0.00037093047,7.774633e-05,-0.00051524397,-7.519156e-05,0.00037816822,7.021692e-05,0.00017316834,-0.00033020112,0.00023801514,0.0004522617,0.00015193444,-0.00047620086,0.00036647602,0.00015158374,-0.00021051592,0.00058731076,-0.0007891821,-0.00039088697,0.0025068398,-0.0005377479,-0.0007831021,0.00010667584,0.00031709272,0.0012112443,0.00059969834,-0.0010607251,-5.032818e-06,-0.0006383019,-0.0006167307,0.00019432166,-5.0027527e-05,-0.00017710017,-6.0270766e-05,-6.0567174e-05,-5.745736e-05,-0.00108018,0.00018432736,0.0002820413,0.00026256026,3.8064863e-06,-0.00029773093,-0.00022547458,5.993703e-06,0.0006534548,-0.00036580305,0.0004187707,0.0004535442,-0.00026757544,0.00019008208,0.00019073593,0.00048267317,-3.620509e-05,0.0008088589,-0.0004377327,-2.2770853e-05,0.00054374733,0.33867916,-0.0025861007,-4.1149757e-05,0.0004491522,0.00032226695,0.00036117196,0.0007640197,-0.00016993705,-0.0007972204,8.430598e-05,-2.1969368e-05,-0.00014574769,0.00021419494,0.00096907484,0.0005247447,-0.0001510776,-0.00084074424,-0.0024643731,0.00048153105,-0.00070933887,0.0022567005,-0.00080977345,0.00081184466,0.0009190825,-0.00013193049,-0.00030923221,0.0012009332,-0.00011322108,-0.00017378676,0.00050014746,-0.0005161975,3.5578607e-05,0.0012199576,-0.001620309,-0.00019602398,-0.0002924863,-1.71378e-06,-0.0002534521,0.00045962987,-0.00059517595,3.115402e-05,0.000110511966,0.00053796195,0.00019019793,9.598503e-05,0.000108014305,0.00049337884,3.553991e-05,9.848065e-05,-0.00026785073,-0.00041052588,-0.00022490059,3.079874e-05,-0.0006943974,7.053951e-05,0.00024474223,-0.00053613994,-0.00020319721,-0.00025005834,-0.0008069269,0.00040351733,0.0009933608,0.000960419,-0.0007872565,-4.9431063e-05,-5.929362e-05,-0.00020742245,-4.207913e-05,0.00051526766,-1.7080416e-05,-0.0004843847,-9.084516e-05,-0.00057823467,-0.0010432001,-0.0007408895,-0.000391111,0.0007683662,-0.00041271598,-0.00086210185,-0.00014080414,-0.00019432783,0.00015353016,0.0009027263,0.00027899197,-0.0017900363,-1.4260467e-05,0.0003468899,0.0003297713,-0.0007168269,-0.00027065232,0.00011352737,0.00039796217,-1.7935256e-05,0.0016317009,-0.0015568357,0.0002087467,0.00026249737,-0.00028890383,3.8793885e-05,-0.00030930075,0.0011272238,-0.00010939667,-0.0007788365,1.225174e-05,0.0005495088,0.00087353744,0.000178963,-0.0004972429,0.0013183135,-0.00016143428,-0.00017639976,-0.00022939674,4.0171002e-05,0.0021189803,7.759092e-05,-0.00019825714,-0.00031012433,0.00057935464,-7.06281e-05,-0.00011904736,-5.3385495e-05,0.0006967307,-1.8487166e-05,-0.000647271,-0.001142292,-0.00042703585,0.00040816327,0.00055295334,-3.7561713e-05,-0.0009989131,0.000118597374,0.00046509187,0.00024236809,0.00082116574,4.4457644e-05,0.00093810214,-2.0419502e-05,-0.00012286713,0.00010013627,-0.00021274998,-0.0009055396,4.23226e-05,0.000772758,0.00033413473,0.0007281049,0.00045795937,-3.5508805e-05,0.00025255422,0.0002229386,-0.00044727253,-0.0002141417,-0.0015807732,-0.0005624569,-0.0001681265,0.00017552024,0.0007649906,-0.00033021398,-0.0013214406,9.7413904e-05,-0.003747736,-2.2097367e-05,0.00034272234,-0.00041027064
0.0013463608,-0.00023295678,0.00033769986,0.003542538,-0.003075725,0.0017009516,0.0012092137,-0.00062838715,0.0028575405,0.00058992807,0.00041160878,-0.00030209814,0.00025618842,0.0007187837,-0.0015658485,0.00053756085,0.0009849404,0.00044276306,0.00076414994,0.0003469895,0.0007068099,0.0012409282,-1.0711581e-05,0.0031296888,-0.00021934546,-0.00064355286,0.00021626064,0.00031907344,-0.0033828241,0.0026767657,-0.0009028689,0.00034567437,-7.782203e-05,-0.00035458995,-0.001705136,0.00032823154,-0.001252908,-0.0001955679,0.0005107408,-0.00042956992,-0.00028242683,0.0002552745,0.00040385575,1.2563718e-05,-1.3946943e-05,0.0030835324,-0.0019675975,-0.00038270163,-0.0023041328,-5.491807e-05,0.0009259213,-0.00022008081,0.0024010295,-0.00070837373,-0.0012156554,-0.0006443149,0.0003588736,0.00011949095,-0.00018314522,-0.0006736881,-0.0005349294,-0.0008499088,-6.5268214e-05,-0.0005868698,-0.002781935,-0.0004992758,0.00032610746,-0.0007172332,0.0002883155,0.0008638435,0.0002538777,0.00047063624,5.9903457e-05,-9.324859e-05,-0.00096942467,0.00088043686,0.0012095406,-9.3174516e-05,-0.0006287708,0.00070208084,-0.0002177424,0.001591657,0.0019253982,-0.001151908,0.00045601075,0.0013458799,0.0006671561,0.0010175989,-0.00030376425,0.000388585,0.0010683788,0.0002907172,-0.0007528681,-0.00049970974,0.00031628503,-0.000619257,0.00064907747,-0.0022412958,0.00017185151,0.0020664923,-0.00031385742,-0.0022240023,0.00035170247,0.0008084493,0.0005013559,0.0017462666,-0.0009991733,-0.0003291777,-0.0012906366,-0.0006271025,0.00032997862,-0.0002832521,-0.00062282843,3.468937e-05,1.9019768e-05,3.0467281e-05,-0.0017787855,0.00023483885,0.0005095992,0.00082874426,-0.0011836073,-0.00017571067,-0.00032124834,-0.0002624696,0.001202151,-0.0004999869,0.0009059058,0.0008062433,-0.00026084107,0.00010645259,0.00020678646,0.0011687503,-0.000111586756,0.0010085712,-0.0009316729,0.00024453306,0.0010574415,-0.0024542345,0.3340801,0.00036286155,0.0010941583,0.00030708706,0.00044677898,0.000102241785,-0.00033355862,-0.00093457283,0.0005038822,-9.8760494e-05,0.00017367494,0.00040814004,0.0010579831,0.000485208,-0.0003229128,-0.0010606238,-0.0018421551,0.00067163847,-0.0010447861,0.0026121365,-0.0010512593,0.0006792129,0.0011328955,-7.6710894e-05,-0.00096758356,0.001361921,-0.00020261641,0.00054986804,2.3376018e-05,-0.00014114456,-0.00010070937,-0.00011301915,-0.002413867,-0.0007037484,-0.00021202708,0.0001995911,-0.0002778214,0.001563218,-0.0018105739,-0.00017950169,0.0001942347,0.0010615723,-0.0004307189,0.00054348237,0.00018250839,0.0017802634,0.0007167769,0.0009273871,-0.00026459282,-0.00086606597,-8.596017e-05,3.7559326e-05,-0.0007920044,0.0010732991,0.00020105959,-0.0006968718,-0.00033265914,-0.00024911843,-0.0011788255,0.0008574013,-0.0003818404,0.0025271706,-0.001605764,-0.0007244116,-0.0007962443,-2.9841274e-05,-4.342618e-05,0.00023504366,0.000265525,-0.0008454925,7.249224e-05,-0.0012027168,-0.001792333,-0.0015078434,-0.00070450694,0.001870788,0.00024846412,-0.0011452178,-0.00040412572,8.7282155e-05,-4.93217e-05,0.0013633822,0.00051006844,-0.002779982,1.2514988e-08,0.00072279497,-0.000296389,-0.0023401433,-9.759091e-05,0.00020094999,0.0012404696,-0.00013141119,0.0017578945,-0.003020554,8.664933e-05,0.00038156533,0.00043547887,0.0002470125,-0.0006634145,0.00173068,-0.00029372357,-0.000572626,-0.00032272315,0.002276893,0.0014721374,3.622892e-05,-0.001570918,0.0026627826,-0.0001646457,-0.00021039,-0.0008604028,-0.00031577316,0.0033434082,0.00026650875,-0.0004321478,-0.000104316,0.0005738887,-0.0006206009,0.0003870639,0.0008543386,0.0011519203,-3.409285e-05,-0.0005463829,-0.0009832644,-0.000114359216,0.0005286279,0.00045169366,-0.00082000194,-0.0012849432,5.747247e-05,0.0011128113,0.0002545556,0.0012032145,0.00025077624,0.0010052664,0.0001410979,-0.00022522101,7.6456454e-05,-0.00084278826,-0.0008723088,0.00036088942,0.0007261689,0.00025525352,0.0009711686,0.0001514397,0.00030645778,0.00023035078,0.00039764043,-0.00037951887,-0.0005091339,-0.0018547687,-0.0010144179,-0.0005126484,0.00059202005,0.0019252504,-0.0013525754,-0.0022208823,0.0008041504,-0.0072223176,0.00067038555,0.0005579262,-0.0011043818
0.00055506884,-0.0015596456,-0.00056960416,-0.0026382734,-0.00033463322,0.0003882123,0.0015896524,-0.0001505439,0.00095478125,-3.901818e-05,0.00010267992,-9.0375404e-05,-8.9646e-05,0.0004216499,0.0002000672,-0.00012074361,0.0010553638,0.00038963428,0.00021768728,0.00033306956,0.0004979562,0.00011561344,-0.00013485634,0.0008044633,-0.00034359412,0.00013656294,-0.00025538,9.880455e-05,-0.00061081385,0.0015228505,0.0011216757,0.0001168163,-0.00029758652,-3.101506e-05,-0.00085468875,0.00026560455,0.00061182014,-0.00042327764,-0.00029103926,-0.00054248184,-1.8625798e-05,0.00050178525,-0.00039600665,0.0005530538,-7.5679195e-06,0.0006976398,-0.0011562092,-0.0008770337,-0.00071804505,-0.00030024146,0.00029667217,-8.9159425e-05,0.00017842388,-0.00037494782,-0.00042228907,0.0006200601,0.00037699536,0.00013107731,-2.3851948e-05,-0.00042321061,-0.0001974151,1.1091844e-05,-0.0001539467,-0.00085032044,-0.0009919521,-0.0004204585,-0.00016252884,-0.00021776422,0.00016936683,-0.00019921099,0.00039663317,-0.0004979153,0.00075159664,-0.00025066856,-0.00037724883,-0.001282686,0.0006384554,1.6123147e-05,-0.001275254,0.00046691074,-0.00022645961,0.00021523828,-5.0224702e-05,-0.0007669599,-0.00014244704,0.0008848007,-0.0005726193,-0.0006739837,-7.498985e-05,0.000316798,0.00017549816,0.0001981648,-0.00047405116,-0.00041834192,5.7638466e-05,-0.00023046933,0.0004023867,-2.6499223e-05,-0.00021073129,0.0014120634,-0.00081852305,0.00046158634,-0.00021614885,-8.800789e-05,0.0011213508,-0.0005089125,-0.001943724,-0.00031881448,-0.00022633628,-0.0007339757,0.000116205614,-0.00017599514,-2.9411558e-05,-2.895118e-05,-7.1203294e-06,-0.00018712689,-0.0006288923,0.00020644037,9.830575e-05,0.00015457746,0.000301791,-0.00035144275,-0.00016270994,-6.472592e-05,0.00023028809,-0.000755998,8.337677e-05,0.0013450797,-0.00022577784,-5.992805e-05,0.00017298057,9.36895e-05,0.00015070805,0.00030107642,-0.00013092635,-0.00010802376,0.0004015319,-0.00043227882,-0.00034430317,0.3416039,-0.0002734113,0.0005037284,0.0011997869,-0.002961718,-0.00030443107,-0.0013510707,0.00024856086,-6.1194376e-05,-0.00020527943,0.00019027998,0.0012890834,-0.00019602067,0.00028780714,-0.0002663143,-0.0011959333,0.0006101379,-0.00020132666,0.002018065,-0.0008914715,0.0003579915,9.722679e-05,-0.00021483439,0.0008754188,0.0010634181,-0.00026615552,-0.00039502064,0.00026201922,-0.0004442034,-0.00034672726,0.0012217175,-0.0015537926,-0.00033767472,-0.00023191117,0.0004559811,-0.0002647177,-9.044198e-05,0.00043144258,0.00076527026,0.00040097468,-0.0001858448,0.00066917064,9.431671e-05,7.8413366e-05,0.0005930058,-4.0339964e-05,0.00071772636,-0.0002897806,-0.00037959605,-0.00027800343,7.8085295e-06,-0.0012516686,-0.0001249929,0.00027836344,-0.00055162376,-0.00019850122,-0.00021512037,-0.0007278877,0.0003300683,0.0006343334,0.0012301692,-0.00048206604,-0.00016005285,-0.00091328355,-0.00072837766,-0.00012243968,-0.0003017907,-0.00023990076,-0.00036051558,-0.00015941642,-0.0029846071,-0.0005250571,-0.0010027082,-0.00039049753,-0.0018282887,0.00016841249,-0.0007965133,-0.00030086664,-7.084592e-05,0.00037858385,0.00050224236,0.00024034936,-0.001121459,4.5356708e-05,0.0009860658,0.0004323953,0.00013856143,4.9479095e-06,9.83445e-05,2.9039442e-05,-9.550217e-06,0.0013578598,-0.0006654445,-1.0320939e-05,0.00023687119,-0.00032790797,0.0002821809,0.000109044755,-1.7598653e-05,-0.00017740956,-0.0015382167,-0.00035420066,0.0008812171,0.0005710359,0.0002303445,0.00049816456,0.00093696464,-0.000105706335,-0.00020550088,0.0006409154,-0.0004248042,0.0010870891,6.451123e-05,-0.00013029213,-0.0004525934,0.00058896496,0.00019208915,-0.00022211063,-0.00026480152,9.409015e-05,0.00010270795,0.00012917872,-0.0005954624,-0.0001340982,-0.0017027304,0.0011093968,0.00074390747,-0.0002540113,0.00013219546,0.0006198209,0.00035127113,-0.0001591121,-0.00012747476,0.0010023481,-2.3290704e-07,-6.4099644e-05,0.00018198075,0.00021799855,-0.00016806071,0.00013760761,0.0023728919,0.00036638865,0.00031935342,0.00058654434,-0.0001736937,0.00031294147,0.0002418028,-0.0008288096,0.0008992255,-0.0013398821,0.00031529905,-0.00013021303,9.146482e-06,0.00018468675,-8.056208e-05,0.00045248674,-0.00012406294,-0.0015854691,-0.00057230593,0.00041415993,-0.0010367077
-0.0008450538,-0.0011744298,0.00017168144,-0.0019145242,0.0033494313,-0.00045904214,-0.0001439911,0.00037356548,-0.00074595737,-0.00032294306,-0.00018665876,-0.00017124954,-0.00025108544,-0.00020010518,0.00071277557,-0.00027752397,-0.00019442868,-0.00042260083,-0.0011008013,4.7844105e-07,-0.0002407697,-0.00035611817,-0.00023427233,-0.0009053696,-7.404448e-05,-1.4973182e-05,-0.00025250134,-0.00020341863,0.00042042483,-1.3788718e-05,0.0012737191,-0.00013387368,-0.0014889711,0.001033759,-0.00012331107,0.0007835414,0.0015280921,-1.8310839e-06,-0.0005826148,-0.0002665166,0.00027933784,-0.00019232208,-0.00021026454,9.768813e-05,0.00011830324,-0.0015538746,0.0005727219,-0.00046031,0.0010493516,-6.0118953e-05,-7.945526e-05,8.9089364e-05,-0.0013747872,0.00040186298,0.00015021583,-0.0007155469,-3.7678947e-05,0.00011805813,0.00015969499,0.00048695595,8.681391e-05,0.00038225207,-0.00014679579,-0.0011499695,0.0019420296,0.0003737359,-0.00054283574,0.00025708572,-0.00020278934,-0.0013203041,7.014153e-05,-0.0005666354,0.00082756276,-0.00018243749,0.000315416,-5.123648e-05,0.00024262501,1.519128e-05,0.0006729725,5.1528874e-05,-4.4530574e-05,-0.0013445321,-0.0016333935,0.00049951737,-0.00047763952,-0.0016049487,-0.0009684374,-0.001198761,-0.000108155335,-0.00014196722,-0.0006057816,-0.00016051394,0.00024464497,0.0012645923,-0.0002376166,0.00031432716,2.374053e-05,0.0016029171,-0.00074961287,0.0019643896,-0.00039384622,0.0010757049,-8.5217616e-05,-0.00094438833,0.0013710315,-0.00093070616,0.00033319852,0.00027837552,-0.0002750061,-0.00014016054,-0.00018115294,0.000115872994,0.0005786647,-0.0001070169,-7.253523e-05,-8.326032e-05,0.0005583864,-6.715632e-05,-0.00022529176,-0.000594844,0.0014546656,-0.00030017528,0.0002417901,0.0002428381,-0.00024290393,-0.0002339602,-0.00046307978,-0.0005966016,-0.000115427094,7.1850855e-06,3.8882226e-05,-0.00049427204,-4.2069165e-05,0.00012564263,0.0003282189,-0.0002665495,-0.00034424895,-7.0001464e-05,0.0012518836,-0.0004016673,0.34175408,-7.5176045e-05,0.00034761266,-0.003538178,0.00023961894,-0.0001688872,-0.000550148,5.1664872e-05,-0.00035796678,-0.00024677,-9.374395e-05,0.0004843059,7.9669204e-05,0.0001277776,-0.0026601683,-3.869567e-05,0.0011905031,-0.00040951592,8.9145426e-05,0.0003228183,0.00047244606,1.6256305e-05,0.00058120576,0.0018425141,8.276721e-05,-0.0011682651,0.00088417577,-0.0004929917,6.823181e-05,0.0025150857,0.0009994134,0.00066879374,-0.00015935996,-0.00038597797,-8.229159e-05,-0.0011476177,0.0012276728,0.00048782115,-6.3663094e-05,-0.00034791973,0.00062352803,-0.0004677708,-1.2486565e-05,-0.0012026983,-0.00082229084,-0.0011964635,-0.00013523852,0.00043015776,-0.00014514946,3.3064764e-05,-0.0005868312,-0.0013229657,7.301363e-05,8.654166e-06,0.00013612767,7.2785835e-05,0.00030875398,-0.00039061485,0.0021182282,-0.0008838502,0.00065551855,0.0005414272,0.0009779965,-0.00039436694,4.965923e-05,0.00038606417,-0.0003022751,0.0002540032,-0.0003684917,0.00029630025,0.0009396678,0.00016796382,0.00029689382,-0.0012391517,0.00034695442,2.25775e-05,0.0004405014,-0.00051290623,0.00034802253,0.00048534173,-0.0002769405,0.0008110516,-2.5425205e-05,-0.00057837623,0.00096161425,0.001774204,-0.00034129084,-5.664594e-05,-0.00084645115,-7.0636175e-05,0.00041787204,0.0012269634,0.00033525802,0.00015116204,-0.00097209716,-0.0002724906,0.00069045054,-0.0006747508,0.00025958376,-0.00030620588,2.4962046e-05,-0.0020460007,-0.0006005634,0.00031651763,0.00074148446,-0.0011175297,-4.7579928e-05,-9.168818e-06,0.00074525806,0.00062986615,-0.00044941469,-0.00027150827,0.00028035912,-0.00029984364,0.00020475137,0.0002555357,-0.0007419143,-0.0009289899,-0.00058855116,6.0179278e-05,-0.00080713525,-8.970101e-05,-0.00061915064,0.00038964863,2.5725136e-05,0.0009758242,0.00015035148,0.00022381314,-0.0006974887,1.9003826e-05,-0.0002854425,-0.00033749922,7.903835e-05,-4.4829998e-05,0.00013038513,0.00015668372,0.00046113497,-0.00046211656,-0.00029640493,0.00041376447,6.2455576e-05,-0.0001221718,0.0005541293,-0.0007094338,9.34103e-05,-0.00013979198,-0.0018587606,0.0006821303,-0.0003816408,8.8183006e-05,0.0003002307,-0.00044205436,-0.0011531172,0.0012225152,0.0010869174,-0.0007574914,0.0034709955,-0.00090354565,-6.649311e-05,4.2771237e-05
-0.00044632747,0.0008697436,0.00042709513,0.0018931566,-0.00011243393,0.00017860478,-0.0011301112,1.0579317e-05,-0.000783082,-7.463888e-05,-0.00011034612,-7.891724e-06,5.728718e-06,-0.00038752487,-0.00043796186,0.00013932885,-0.00074384944,-0.0002992888,-0.000121460325,-0.0002578244,-0.00046743974,-0.0001675152,0.00017934608,-0.00084736047,0.00034322886,-9.345684e-05,0.0010819886,-7.634195e-05,0.00043615917,-0.001653966,-0.0006803664,-0.00011669556,0.0003011213,2.9884664e-05,0.00075174746,-0.00016563194,-0.00053339335,0.00036941783,0.00024757054,0.0004832363,-1.36046165e-05,-0.00020943797,0.00021446293,-0.00061526726,1.187579e-05,0.00027107657,0.0011146609,0.00090490154,0.0004563469,0.0002560713,-0.00017983018,5.111899e-05,4.4163964e-05,0.00040780564,0.0004095181,0.00016032314,-0.00015702765,-0.00016165634,3.736314e-05,0.00035750458,0.00025665286,-0.00015887452,0.00017420464,0.0005926585,0.00013953462,0.00035031076,0.00017494068,0.00014765796,-8.678014e-05,-1.6948814e-05,-0.00030397196,0.00049454015,-0.00032120539,0.00026538322,0.0003875559,0.00079672725,-0.0005590491,-2.9516588e-05,0.0007280878,-0.00037292205,0.00012549777,-0.00015090498,7.874773e-05,0.00061352935,0.0002279347,-0.001648292,0.00042588494,0.00046995992,9.6905766e-05,-0.00022811288,-0.0001506781,-0.00013073922,0.00041332527,7.738135e-05,-6.460635e-05,0.00015360204,-0.0003825485,-4.4922694e-05,0.00031638562,-0.0010925094,0.0007376848,-0.0004697406,0.0002499597,-0.0001110342,-0.0015967303,0.0006024156,0.0018012928,0.00033637823,-5.261057e-05,0.0007283732,-0.00010792808,6.130602e-05,0.00010356359,4.0953186e-05,5.8503072e-05,0.00015881364,0.000638998,-0.00020236218,-0.00014718599,-0.00011271059,-0.00042966445,0.00027249864,0.00026997476,6.597159e-05,-0.00014713926,0.0005983357,-0.00010438135,-0.0013547917,0.00017897364,5.4084827e-05,-0.00011314491,-8.414246e-05,-0.00018106202,-0.0003019373,0.00013148497,0.00013710823,-0.0003530475,0.00043582372,0.00035901592,9.2707945e-05,0.00017631706,0.34164932,-0.0008815366,0.0038594052,0.00041229947,0.0011598982,-0.000312897,7.61951e-05,0.0002656995,-0.0001403603,-0.0013823273,8.937653e-05,-0.00029125472,0.00049405487,0.0010800424,-0.00033976178,0.00072475383,-0.002021788,0.0008921573,-0.0004822744,3.867694e-05,0.00028270972,-0.00075226155,-0.00046961676,0.00024122084,0.00041269534,-0.00035313444,0.00056799216,0.00034455606,-0.0010169565,0.0018342179,0.000254188,0.00016899862,-0.0004678251,0.00026577275,5.176777e-05,-0.00029085422,-0.00048454967,-0.00025744617,0.00014585344,-0.0005735165,2.2964057e-05,-9.3211725e-05,-0.00024937108,4.3879027e-05,-0.0005621955,0.00020558057,0.00022031416,0.00024218291,1.1413788e-05,0.0010196998,0.00017274106,-0.00030349422,0.0005069529,0.000115050694,0.00015240826,0.0005884171,-0.0002940066,-0.0007364635,-0.00081120996,0.0004274996,-0.00013791141,0.00068662525,0.0004668424,6.226817e-05,-2.977939e-06,0.00023670225,0.00038535392,5.5245702e-05,0.0022498367,0.00072700914,0.00047198404,0.00034605048,0.0017233388,0.00016002903,0.00083642243,0.00015542103,0.0001426075,-0.00038984945,9.2512586e-05,-0.00019937508,0.0010876552,-1.3253807e-06,-0.0009311559,-0.00038832056,-5.613359e-05,5.7801375e-05,-6.493186e-05,-3.743522e-06,1.7470127e-05,-0.0014090248,0.00053029164,7.4698846e-07,-0.00017738463,0.0003894286,-0.00023001361,0.00011162535,-0.00035678,0.00014338756,0.001482767,0.00015510013,-0.00043257792,-0.00069089356,-0.00019672712,-0.00060751464,-0.00090673944,0.00013044308,0.00018776215,-0.00044407847,0.0004256304,-0.0008792275,-0.00014383016,6.240875e-05,0.00042253107,-0.0005487832,-0.00046435458,0.000197923,0.0006362738,-0.00023552732,-9.658981e-05,3.2382354e-06,0.0009728342,9.971668e-05,0.001199542,-0.0010993566,-0.0006094993,0.0004873231,-0.0001095222,-0.00054998684,-0.0002673917,-3.7316197e-05,5.6920875e-05,-0.0010291714,5.9693675e-06,0.00011645146,-0.00016121437,-0.00021173902,0.00023572131,-3.8468395e-05,-0.0019675903,-0.00038497843,-0.000293651,-0.00052533584,8.199104e-05,-0.0002882107,-0.00023415314,-6.406577e-05,-0.00046474903,0.0014131819,-0.00027240708,9.112246e-05,5.906761e-05,-5.405481e-05,0.000109467015,-2.240491e-05,0.00011738677,0.001221783,0.00037729568,-0.00030576313,0.000421999
-0.00066126214,0.0021552383,0.00042790858,0.0029754946,0.00056658976,-0.0012267347,-0.0020693813,0.00026216378,-0.0013389847,9.358441e-07,-9.245273e-05,0.0001319826,0.00015717163,-0.00044177202,0.00036354404,5.5117285e-05,-0.0013901718,-0.00018918815,-1.1123486e-05,-0.0002142096,-0.00040700598,-0.0003729743,0.0001254264,-0.0017153723,0.00035630172,-0.00017170822,-0.00077940343,-4.7216072e-05,0.0012656315,-0.0016607178,-0.001548379,-0.00011575928,0.00021138263,8.613404e-05,0.0010557127,-0.00037848944,-0.00040959957,0.00043652853,0.00022033646,0.000500446,-7.5090225e-05,-0.0010550726,0.00048142474,-0.0005132402,-7.950765e-05,-0.0014372439,0.0007685722,0.00068035506,0.0015065965,0.0005086075,-0.00054869306,0.000121378,-0.00035951522,0.00028174033,0.00037976966,-0.0013493792,-0.00030674078,-0.000111667076,4.3144202e-05,0.00045526933,0.00029928962,0.00017553446,0.00018334847,0.0012222698,0.0022384406,0.00032046638,0.0002507707,0.00027986424,-0.00020205264,0.0004946287,-0.00039899352,0.0003035072,-0.0014155693,0.00030041914,0.00043612852,0.0015052449,-0.00068780134,0.00012751043,0.0017331376,-0.00049335294,0.00013897207,-0.00016097979,-0.0008424674,0.0008238278,0.00020525644,-0.00043257148,0.0006931286,0.0010185178,-2.6220696e-05,-0.0003429505,-0.00014876624,-0.00014955479,0.000496955,0.00072252407,-0.00018564878,0.00026690835,-0.00043018494,0.00038945596,0.000108432,-0.0011097328,0.000784287,8.170403e-05,3.0538242e-05,0.00045558717,-0.000737973,0.00021681713,0.0010622849,0.0003033865,0.0008537432,0.00055792753,-0.00014566885,0.0002544996,4.109542e-05,2.8845301e-05,8.284817e-05,0.00011072716,0.00056315324,-0.0002129467,-9.366796e-05,-9.879922e-05,-0.00030921338,0.00039507909,0.00022392113,0.00038036818,-0.00039967027,0.00091813237,-0.00019334766,-0.0010142652,0.00032708922,2.3457706e-05,-0.0001642541,-8.7068554e-05,-4.1300962e-05,-0.00033235658,0.00016635613,0.0001980141,-0.00051451864,0.0006339064,0.0007188694,7.324637e-05,0.00033592278,-0.0003582121,0.3388715,0.0019788237,0.00036958684,0.0014346611,0.00067671057,7.949702e-05,5.8230115e-05,-0.00021334254,-0.0011036127,0.00010866456,-0.00019320032,-4.3102445e-05,0.0014076763,-0.0007128767,-0.00024466313,-0.0019047897,0.00082940917,-0.00021015525,-0.00048160515,0.00017700672,-0.0007410732,-0.0022247527,0.00041538486,0.00062290387,-0.00018951237,0.00026426965,0.0005655993,-0.00084796204,0.001432201,0.00039106002,0.00025283775,-0.00022314797,0.00023060825,0.00010826706,-0.00013641741,-0.0009813859,-0.0004840761,0.00013459499,-0.000577909,-0.00016064977,-0.0001197444,-0.0008480706,2.1354903e-05,-0.00072308717,0.0003049896,0.0004209514,0.0002045338,2.8788227e-05,0.0016293415,3.5908346e-05,-0.00028720582,0.0005455599,0.00011461578,0.0001392045,0.0008329251,-0.0003922528,-0.00055826415,-0.0018197902,0.00053556135,0.00049352227,0.00086513796,0.0009872094,0.000113991315,0.0005995922,0.00027235688,0.00055382604,0.00030856105,0.0030993817,0.00018671204,0.0015540535,0.00032957396,0.0023456644,-0.00029600697,0.0008143344,0.00021726025,0.00020195673,-0.00027315042,-0.0014939677,-0.00018617699,0.0013764417,-3.7795653e-05,-0.00076902384,-0.00044064948,-1.9779376e-05,-2.1104051e-05,-6.91338e-05,-3.7478952e-05,6.98768e-05,-0.001431003,0.0012597489,2.4230112e-06,-0.00055273145,0.0002427269,-0.00026856823,-0.00028518427,0.00078173756,0.00013322012,0.0017286653,0.00021562703,-0.0010532571,-0.00028596155,-0.00030929636,-0.0004175543,-0.0010848048,8.340438e-05,0.00019449982,-0.00069775013,0.00031714357,-0.0012471025,3.7091908e-05,0.00013906474,0.00046350653,-0.0005050471,0.00048832607,0.00027461298,0.00010957243,-1.940758e-06,-0.00011269896,-0.00014568672,-7.07116e-05,0.00022755825,0.0018119019,-0.000998364,-0.00073786353,-4.17457e-05,-0.00021435216,-0.0005982157,-0.0003754378,0.0003189545,2.0196383e-05,-0.00087428506,-5.7136025e-05,8.249108e-05,-0.00023763385,-0.00014138312,0.00016598363,-0.00026664571,-0.0025734764,-0.00022588007,-0.000317978,-0.00064126105,0.00041611624,-0.00037041772,-0.00021181382,0.002538228,-0.0010493735,0.0014273516,-4.8870344e-05,9.4822135e-05,-2.6577545e-06,-0.0006455116,5.940478e-05,-0.0007425284,0.00011985888,0.0013016928,0.0006676164,-0.0004630506,0.0018847894
5.9913742e-05,-0.0023097363,-0.0009571551,-0.0058062114,0.0022350696,-0.00085712614,0.0018347114,0.00023488289,0.0002654715,-0.00032390864,-2.062189e-05,-9.009258e-06,-0.0003122817,0.00038094498,0.0015283298,-0.00051781273,0.0010068738,0.00021634977,-0.0004945587,0.0005042957,0.0005205608,-0.0002542998,-0.00038389876,9.0814116e-05,-0.0005578739,0.00039682735,-0.0022053418,-0.00011633593,0.00017785215,0.0024264015,0.0021475328,4.601577e-05,-0.0013139234,0.00059790665,-0.0009784681,0.00050995447,0.0020704628,-0.0005640901,-0.00074245926,-0.0009554595,0.0002662742,0.00017573278,-0.0006075469,0.0011494746,0.000103041806,-0.0014180052,-0.0012979275,-0.0017123169,0.0004858843,-0.00060173025,3.954678e-05,-9.6787095e-05,-0.0012428962,-0.00044649068,-0.00040740322,-0.00028364733,0.00022305317,0.00034512562,-5.016269e-05,-0.00023243632,-0.00029797346,0.0006148315,-0.00036629813,-0.001524399,0.001347578,-0.00013766701,-0.0005543575,-1.7189153e-05,6.8932395e-06,-0.0007630391,0.00054627354,-0.0013560569,0.00089741417,-0.0005309614,-0.00030638446,-0.001676861,0.000873902,5.0082283e-05,-0.0008351472,0.0006226664,-0.00022957842,-0.00083665724,-0.0015276943,-0.00055359426,-0.00072820653,0.0019449355,-0.00144951,-0.0016831588,-0.00014115313,0.00027933106,-0.0002868012,9.074704e-05,-0.00047450213,0.0005335238,-0.000120216,-1.3727726e-05,0.0005636199,0.0012299325,-0.0009723888,0.002561851,-0.0014617761,0.001982672,-0.0005903973,-0.00056635094,0.003156405,-0.0020557735,-0.0032311478,-0.0004035258,0.0003440521,-0.0012192605,4.1046547e-05,-2.7812002e-05,0.00038137863,-0.000133385,-3.9726106e-05,-0.00024465084,-0.00040566793,0.00027292737,3.4508288e-05,-0.00027778387,0.0017682512,-0.0006447639,-0.0002785413,0.00011455248,-0.00011822689,-0.0011148655,-0.00027413486,0.0021842108,-0.00036376138,-0.00011339492,0.0002868099,-0.0003840033,0.0003095794,0.0002950346,0.00011499327,-0.00041979132,0.00017862888,-0.0002453731,0.0013894626,-0.0005210807,-0.00056060986,0.00067372416,0.0016661775,0.32534292,-0.00037586474,-0.001821833,0.0006195546,-7.821421e-05,-0.0007364019,4.001594e-05,0.002473616,-5.544335e-05,0.0007477878,-0.00062690116,-0.0031599368,0.0005585186,-0.00047027355,0.0031711904,-0.0014452944,0.0007149947,-0.00015619597,-0.00046035065,0.0020326262,0.0017511304,-0.0001741893,-0.0013586498,0.0011662063,-0.0012899509,-0.00049398956,0.0033292386,-0.0020868294,1.49491025e-05,-0.00045926563,0.0004884895,-0.0004649665,-0.001142019,0.0016529121,0.0011860211,0.0003253588,-0.00067493756,0.0015028778,-0.0003673023,0.00011994311,-0.000543939,-0.0006704954,0.00029042235,-0.0005011406,0.00015810445,-0.0005394192,-3.1843476e-05,-0.0020367855,-0.0012362765,0.00048392967,-0.00084558787,-0.000111933485,-0.00019032478,-0.00067828957,9.812628e-05,0.0025854171,0.00024292879,-6.263031e-05,0.00066338445,-0.00080826273,-0.0010488112,-2.6430116e-05,0.0001387327,-0.00064882834,-0.0003487912,-0.00045033355,-0.004034261,-0.0006058451,-0.0003562436,-0.0003407113,-0.004097872,-0.00027631686,-0.0011761507,-4.0563566e-05,-0.00042229547,0.00094344554,-0.000345653,0.000106255095,-0.00087397546,4.0102124e-05,0.0012645783,0.001292285,0.0015464042,-0.00027266546,5.9966882e-05,-0.0007239446,-6.159201e-05,0.0022454497,0.0005471248,9.962273e-06,0.00020475888,-0.001285349,0.00033832886,0.00029873266,-0.00013345589,-3.116234e-05,-0.0026966918,-0.00014828682,-0.0006700345,0.0005790922,0.0003125856,0.0017869052,0.0006159592,-0.00026235063,-0.00030374323,0.0014437994,-0.00045329425,0.00038143876,4.0969142e-05,0.00015155277,-0.00095259835,0.0009998104,0.0011997893,-0.000856449,-0.001716572,-0.00015525523,0.00017655715,-0.00017843682,-0.0015648999,-0.00052040967,-0.002238279,0.0018923079,0.0017253892,-0.00047998803,0.00029267825,0.00034539186,0.00045165932,-0.00037078143,-0.00017691989,0.0015539894,-0.00014207642,-2.4013102e-06,0.00043089894,0.00090139377,-0.0004052207,-0.00021728802,0.003901827,0.0007056183,0.00022884461,0.0012283216,-0.0005305553,0.00050387555,0.0002925264,-0.00045425945,0.0014763619,-0.002344198,0.0008498449,8.236235e-05,-0.00045071504,-0.0010274282,0.0007528994,0.0011512116,-0.0008355403,0.0004976403,-0.0013305017,0.0005114706,-0.00060632144
0.00032674157,-0.0005345006,-0.00010743944,-0.00021460204,1.6538677e-05,-8.49564e-05,0.0006113314,-2.7054206e-05,0.0007083566,4.060098e-05,9.2678434e-05,-0.0001111175,-2.115398e-05,0.0003445909,0.0002564934,-6.142593e-05,0.0004191238,0.000246931,0.000110763474,0.000269372,0.0003668657,0.0002034177,-0.00016036113,0.00056069077,-0.00015236178,-0.00016707505,-0.0008840739,9.588418e-05,-0.000664298,0.0012520454,0.00021524918,0.00013779664,-0.00050613965,8.793988e-05,-0.000712874,0.00023660835,0.0003161149,-0.0002366372,-5.4198885e-05,-0.00044392634,-5.8493042e-05,-0.00011445992,-2.9737355e-05,0.0003421397,1.5612004e-06,0.00021422024,-0.0010590395,-0.0006404506,-0.00026097058,-0.000103054124,0.00019360978,-7.977705e-05,0.00022610076,-0.00031180205,-0.0005133803,-0.0006347602,0.00020551974,0.00016548937,-3.826872e-05,-0.00023825247,-0.00020764246,4.4342825e-05,-0.0001551588,-0.0005584084,0.00023444704,-0.0002541368,-9.1433336e-05,-0.00013222327,5.4095734e-05,0.00011808057,0.00028083654,-0.000338639,0.00012611084,-0.00016992184,-0.00036820807,-4.7152113e-05,0.00061568344,2.6408688e-05,-0.00023040542,0.00035670635,-0.00023752221,0.00018039258,-0.00023526774,-0.00040763692,-7.60941e-05,0.00074235606,-0.0001741875,-0.000116521434,-0.0001148255,0.00018852997,0.00025024242,0.00013121446,-0.00037266777,0.00010791734,1.4338644e-05,-0.00014497607,0.0003555458,-0.000102185964,-0.00030739134,0.0014702011,-0.00057513476,0.00014775153,-0.0001320783,0.00021721727,0.0010605014,-0.00012511174,-0.0014163181,-0.00017612141,7.3331415e-05,-0.00060660596,0.000102132304,-3.794576e-05,-4.8152277e-05,-3.7371585e-05,-7.795229e-05,-6.172961e-05,-0.0006597819,0.00016295529,0.00021497556,0.00012589678,0.0001732411,-0.00026472865,-0.00026503188,5.9468537e-05,0.00023781971,-0.00039886392,0.00013607406,0.0008632875,-0.00018619941,5.6628945e-05,0.00014957595,0.0002286871,9.387837e-05,0.0004002248,-0.00022108367,-2.4134115e-05,0.0002968576,-0.0007798418,-0.0010186349,-2.9049304e-05,0.000104476545,0.00043529924,0.00037135193,-0.0011601372,0.34159926,-0.00077206665,0.0004913778,-3.943394e-05,-0.00026818443,0.0001505945,0.0010247419,6.715081e-05,0.00013004064,-0.00058257306,-0.0012786977,0.0003481315,-0.0004789923,0.0016585387,-0.0006902906,0.00048830843,0.00020911869,-0.00015849862,0.0002557735,0.0007626667,-0.00012968076,-0.0001489223,0.00037595528,-0.0004961952,-3.2239233e-05,0.0011630697,-0.0012737785,-0.0001473182,-0.00021997544,0.00021247753,-0.00024143289,9.622221e-05,5.309058e-05,0.00019807783,0.0001335994,9.820267e-05,0.0004668761,2.904908e-06,7.176829e-05,0.00013794184,-2.536744e-05,0.00030431943,-0.00026826342,-0.00027868425,-0.00024157953,4.848606e-05,-0.0005976175,-9.492949e-05,0.00019764388,-0.0004246616,-0.00015222242,-0.00018514857,-0.0005404275,0.00024482264,0.00073870434,0.00051336474,-0.00045577093,0.00011358634,-0.00035578202,-0.00021977443,-7.4309195e-05,0.00025950774,-0.00012843747,-0.00029619865,-5.7474845e-05,-0.0011158161,-0.000696633,-0.00034914244,-0.00031819844,-0.00019396382,-0.00013198234,-0.0006594272,-0.00015229956,-0.000104743165,0.00027825803,0.000114913644,0.00016565733,-0.0009048673,3.5277964e-05,0.00061765715,0.00030441847,-0.00012359218,-0.00015728168,6.482634e-05,8.1570994e-05,-3.766035e-05,0.001120505,-0.0005743484,9.894315e-05,9.015135e-05,-0.00032268264,0.0002030805,-0.00017048078,0.00067839085,-0.00010036262,-0.00070829934,-0.000116128926,0.00028259115,0.0006369018,2.2272686e-06,0.00017843643,0.0007689551,-0.0001398325,-0.00015865339,7.680225e-05,-0.00020418597,0.0011281685,7.710783e-05,-9.987532e-05,-0.00034300087,0.0005021822,0.0003226105,-0.00014200617,-0.00028066547,0.0003376436,1.9784418e-05,-0.0002435521,-0.00093380676,-0.00020022584,-0.00049633405,0.00069980463,0.00028479114,-0.00062177,7.894962e-05,0.00040791265,0.00025983056,0.00034775108,7.794462e-06,0.0007220965,3.6489313e-05,-5.2325868e-05,0.00014161384,9.2766066e-05,-0.00041145252,-9.1213515e-05,0.0011118725,0.00036751968,0.00036465924,0.00042404834,4.7790316e-05,0.00022446625,0.00018977538,0.0003303343,0.00012302071,-0.0011065835,3.4711353e-05,-0.00013384409,4.94407e-05,0.00017365444,-0.0001349634,-0.00041094577,-6.8296715e-05,-0.0020040781,-0.00022562144,0.0002810988,-0.00012068644
0.0008755935,-0.0019760719,-0.0008815884,-0.002951273,-0.0009968481,0.00038965372,0.0024899656,-0.00015160097,0.0016538502,2.7489912e-05,0.00022163003,-5.5669152e-05,-0.0001222411,0.000689113,0.00044891375,-0.00018076034,0.0014829951,0.00056775165,0.00023651375,0.0005400857,0.0008729039,0.00057004386,-0.00022428014,0.0017994562,-0.00057432347,7.756635e-05,-0.0014090522,0.00023606412,-0.0013042284,0.0030849369,0.001263908,0.00028835484,-0.0006271324,-4.751033e-05,-0.0015393557,0.00039116075,0.0008579256,-0.0006678115,-0.00037713515,-0.0009150832,-2.4619065e-05,0.0004619963,-0.00040290024,0.001062234,4.2430773e-05,0.00051802554,-0.0021935531,-0.0014726415,-0.0013039929,-0.0005286741,0.00047674088,-0.00016739446,0.00027124517,-0.0007238248,-0.0008748017,0.00011653805,0.00047955223,0.00029441313,-0.00011080675,-0.0006557089,-0.00054554985,0.00012291817,-0.0002521287,-0.0012128545,-0.0010702763,-0.00041560185,-0.00021978031,-0.0003513694,0.00020574636,2.6955451e-05,0.00064363395,-0.0007830423,0.0009098548,-0.0004106279,-0.0008131603,-0.0015170332,0.0011577153,2.04981e-07,-0.0015476049,0.000809602,-0.00034095856,0.00037105853,-3.789358e-05,-0.0011552278,-0.0003350905,0.0025794304,-0.00072068506,-0.00079556234,-0.00027181202,0.00046801512,0.00039898398,0.00026898604,-0.00086999865,-0.0004042408,0.00013745006,-0.0003394394,0.00082956813,-0.000496058,-0.00051874045,0.0026605437,-0.0013859125,0.00051637116,-0.00033663766,0.00019892553,0.0023873537,-0.00078890094,-0.0033385132,-0.00046975177,-0.00013599455,-0.0012793643,0.00025518445,-0.0002458838,-0.00010615817,-0.00010114173,-6.711297e-05,-0.00022882127,-0.0012311361,0.00036836098,0.0001944763,0.00024907474,0.00055763056,-0.0006108084,-0.00038831582,-6.194221e-05,0.00043562322,-0.0010682625,0.0002942828,0.002362165,-0.0004225553,1.6958726e-05,0.00029865632,0.00026837463,0.0002493964,0.0006779482,-0.00033161536,-0.00024421717,0.00071257015,-0.0010969526,-0.0010692498,-0.00021321134,-9.078045e-05,0.0008188491,0.0016441665,-0.0037505424,-0.00060809444,0.3385867,0.00046016125,-0.00010359317,-0.0003831368,0.00033755082,0.0023767825,-0.0001613531,0.00042260153,-0.0008793973,-0.0019754274,0.0007624438,-0.0013791451,0.0038980953,-0.0016429442,0.0007545709,0.00019476634,-0.00039865013,0.0012054683,0.0013075308,-0.00036154795,-0.0006897093,0.0006020371,-0.0009943425,-0.0005489056,0.0016069232,-0.0032380328,-0.0005705537,-0.00040068594,0.000675063,-0.00047709807,-0.00021180503,0.00028243655,0.0009169662,0.0005023388,-0.00012571833,0.0010337716,6.2552055e-05,0.00015127177,0.00071779767,-3.8473205e-05,0.0011172687,-0.00043050546,-0.00055908435,-0.00055208727,1.9144478e-05,-0.0018628761,-0.00021634426,0.0005274714,-0.000962388,-0.00031153846,-0.00033053756,-0.0013433751,0.00057519943,0.0013839756,0.0016324425,-0.00090931455,5.193678e-05,-0.0013599704,-0.000928495,-0.00015353531,-6.603191e-05,-0.00039896884,-0.0007299844,-0.0001887554,-0.0044681192,-0.001400609,-0.0011651813,-0.0005813072,-0.0028164003,-0.0006164405,-0.0014391975,-0.0003855481,-0.00021127329,0.00061358704,0.0004690798,0.00039000253,-0.0024961089,7.445881e-05,0.0016027067,0.00071183447,-0.00010490827,-0.00011948688,0.00012971378,0.00011257508,-3.8761586e-06,0.0026331323,-0.0014298493,6.575631e-05,0.00028344724,-0.0006571363,0.00041902252,-0.00022110256,0.00062829256,-0.00031185363,-0.002710679,-0.00025961173,0.0012544752,0.0012376796,0.00022024095,0.00090655824,0.0019088238,-0.00024562934,-0.00033438118,0.0007774267,-0.00068333134,0.0016608076,0.00022153939,-0.00015829514,-0.0008100228,0.0010144117,0.00047475952,-0.0003869313,-0.0006154403,0.00048780505,0.00012971359,0.00013279378,-0.0015632984,-0.0002994548,-0.0022148625,0.0019482038,0.0010446367,-0.00089714775,0.00018302239,0.0010161275,0.0005133846,0.00017542932,-0.00013257896,0.0018059978,-8.449888e-05,-0.00018041869,0.00032166825,0.00032076132,-0.0005657173,2.8085557e-05,0.003699795,0.00073108677,0.0006178579,0.0010140929,-0.00014568647,0.0005249255,0.00045240723,-0.00042802683,0.0008524977,-0.0025315746,0.00035766957,-0.00017976933,-1.7889386e-05,0.00045757095,-0.00022939558,-0.00025797723,-0.00022677176,-0.0037067444,-0.0006958123,0.00073969393,-0.0012090049
-0.00037937224,4.0012277e-05,0.0002690847,0.000120174205,0.0007874957,0.00016307957,-0.0004064365,4.0458373e-05,-0.0004991722,-3.5270372e-05,-9.0707574e-05,-2.8328013e-05,-1.6689812e-05,-0.00026424075,-0.00029888752,4.558883e-05,-0.00034286024,-0.00036139673,-0.00030530116,-0.00024832806,-0.00034440932,-1.9124649e-05,0.00012455082,-0.00029118563,0.0001495717,-1.8961056e-05,0.0012895768,-0.000107466236,0.00032288412,-0.00096453703,7.522316e-05,-0.00012557427,0.00013134006,6.112389e-05,0.00035856746,9.4684314e-05,-0.0001636297,0.00018602132,3.4950222e-05,0.00033713,6.9110014e-05,0.0001836861,-9.388269e-06,-0.00026679086,6.776191e-05,-0.0004320671,0.0010453301,0.00051082857,1.0332451e-06,0.000117663134,-1.8217928e-05,8.531849e-05,-0.00035368232,0.00036449506,0.0003619239,0.00029645732,-0.0001521433,-0.00015348462,6.0091144e-05,0.00025550916,9.030544e-05,-5.022726e-05,4.0364837e-05,0.00016799093,0.00014158557,0.00029080562,-2.1990545e-05,0.000121505196,-2.3635199e-05,-0.00039124052,-0.00011246353,0.00031712823,0.00037075268,8.0443686e-05,0.00029772997,6.760548e-05,-0.00036058566,-0.000121982404,0.00017466744,-0.00026853324,0.00019156195,-0.00029045553,3.499318e-05,0.00042579856,-8.556076e-05,-0.0012402434,4.1428742e-05,-0.00011371417,8.635318e-05,-0.00013065561,-0.00020564639,-7.324368e-05,0.0002504424,-0.00019447716,-2.7471231e-05,6.604647e-05,-0.00016324142,0.0002857703,0.00014721474,-0.00047311845,0.00039453642,-0.00023214829,0.00017989147,-0.00033976784,-0.00063321716,0.00023954485,0.0016091742,0.00027155617,-0.00013759383,0.0005131659,-1.4359274e-05,0.0001589279,0.00015997802,1.7773109e-05,3.803098e-06,2.0897742e-05,0.00059698697,-0.00011197764,-4.8572638e-05,-0.00015761415,-5.9034104e-05,0.00013505702,0.00011705601,-4.7026846e-05,-0.0001229533,0.000275579,-0.00010821249,-0.0010309856,6.5724984e-05,2.8838575e-05,-0.000100410754,-0.00022012215,-0.00012185092,-0.0002162502,0.00017275575,2.8878032e-05,-0.00023577102,0.00036644915,0.00069315784,-9.896885e-07,-0.00012459894,-0.00038334265,-0.00019451039,0.004047073,0.00022402086,0.0006040782,0.33925012,-2.7761638e-05,0.00018209491,-6.237268e-05,-0.0009196899,7.00211e-05,-0.00017509761,0.00053726725,0.00039661146,-0.00016611385,0.0008417756,-0.0012322718,0.0006496682,-0.000354987,0.00014937858,0.0001567031,-0.00033708112,0.00021927356,6.416745e-05,8.46978e-05,-0.00020302946,0.00038045814,2.3956689e-05,-0.00060761056,0.001155305,0.00019150173,9.6234726e-05,-0.0003651731,0.00021016657,-9.6717195e-05,-0.00013725928,-6.430601e-05,-7.500391e-05,-5.3079708e-05,-0.00034082163,4.189328e-05,-5.107672e-05,-0.00013867336,-0.000103453196,-0.00046355955,0.00014540178,0.00020846516,0.00021452972,-4.564327e-05,0.00039685355,-9.4698626e-05,-0.00011822499,0.00034558488,3.223796e-05,8.191675e-05,0.0003849306,-0.00018723971,-0.00024876362,-0.00044147816,0.0003438759,-0.00016946642,0.00066349725,6.2441024e-05,-2.0693555e-05,-0.00017656448,9.354166e-05,0.00024613205,-4.795397e-05,0.0013716272,0.00080323615,8.110669e-05,0.00023939963,0.00026990855,-7.152448e-05,0.00050757156,0.00017544373,-3.5682202e-05,-0.00024919864,0.0004242536,-0.00016833113,0.00064268254,-5.4637945e-05,-0.00069639226,-0.00011478526,0.00032574421,0.00011139377,-5.0219423e-05,-0.00017948917,6.793243e-05,-0.0007906442,0.0003514619,6.666991e-06,4.2818778e-05,0.0001627167,-0.0001863583,0.00028037617,-0.0008180762,0.000109698914,0.0004932828,7.086877e-05,-0.00056049734,-0.0006609847,4.7970767e-05,-0.00015272581,-0.00085065246,0.00013765218,0.000115689945,-4.4783286e-05,0.00038798436,-0.000764308,-0.00011905726,6.673773e-05,0.00024178183,-0.00041771948,-0.000497192,3.664651e-05,0.00016026593,-0.0002531432,-5.221032e-05,8.399007e-06,0.0008880986,1.8476974e-05,0.0006112413,-0.0006664105,-0.00014731537,0.00054516544,-2.106431e-05,-0.00043161723,-0.00010478424,-0.00027083704,-4.6352993e-06,-0.0006410558,1.6138589e-05,3.7663143e-05,-8.594035e-05,-0.00014594696,0.00014854094,2.3331108e-05,-0.0009604467,-0.00031728458,-0.0002131934,-0.00023624879,-0.00016403238,-0.0001413925,-0.00018558078,-0.0009961374,-0.00016200733,0.00082426297,-0.00017286917,0.00013079437,1.8691044e-05,-7.778908e-08,0.00029411574,0.00042115524,-3.738117e-05,0.0023082928,2.4786175e-05,-0.00018219651,-8.136942e-05
0.00041378784,-0.0022731489,-0.00032243508,-0.0020907212,0.00058309647,0.00052752416,0.0018090033,-0.00011972131,0.0014421348,-0.00013997658,0.000108481676,-0.0002599121,-0.00012761333,0.000545207,6.7917455e-05,-0.00010217998,0.0012387201,0.00012736667,-0.00039496494,0.00031221777,0.00060539215,0.00039748455,-0.00017799766,0.0012693048,-0.00042574262,-0.00018355643,-0.00026883857,8.4286134e-05,-0.0015274513,0.0022979402,0.0015470407,0.00022616971,-0.001384355,0.0005609007,-0.0015813347,0.0009432793,0.0011291349,-0.00048292088,-0.00033494315,-0.0009445411,2.9770163e-05,0.00044415143,-0.0003346957,0.00060087093,0.0001040215,0.00044603847,-0.001184159,-0.0012265507,-0.00091433484,-0.00044547007,0.00058214116,-9.534027e-05,-1.9613213e-05,-0.00034201896,-0.0007863963,-0.0002600232,0.00050637993,0.00030212148,-4.6808284e-05,-0.00031179102,-0.00041542714,-6.285921e-05,-0.00024511904,-0.0017928743,-0.00032296556,-0.00034435972,-0.00037230612,-0.00026605377,0.00013102184,-0.00081330794,0.00055968226,-0.00066867133,0.0014405057,-0.00045384155,-0.0005304901,-0.00084808836,0.0012155974,-8.243453e-05,-0.0008142432,0.00076568325,-0.00027777115,-0.00012650187,-0.00046842368,-0.00069615315,-0.00037552364,-0.00016794444,-0.0008807786,-0.0011294308,-0.0004169351,0.00039021764,0.00020163768,0.00017439612,-0.0006440254,0.00016869661,-5.673903e-05,-0.00027564913,0.000861567,0.00012416641,-0.0006947183,0.0034288105,-0.0011991694,0.00025875244,-0.00013311091,-0.00040406385,0.0022522872,-0.00046835566,-0.0018665371,-9.93813e-05,-0.0007817887,-0.0010249281,0.00013734706,-0.00017333656,5.3281445e-05,-0.00015038333,-0.00012187311,-0.00020857282,-0.0008535908,0.00026367404,0.00019946082,7.217108e-05,0.0008213799,-0.0006339208,-3.905163e-05,-3.694986e-05,0.00053745316,-0.0010041209,0.000115264345,0.0008968253,-0.00045990333,6.3589745e-05,0.00031066049,1.5651499e-06,7.166676e-05,0.00075307954,-0.00027516813,-0.00013929533,0.00057136494,-0.001453414,-0.0009191491,-0.00025316613,-0.0002551349,0.00042267574,0.0014657915,-0.0020371736,-0.00042521788,-0.0016744068,-0.0001332428,0.34130985,-0.00033610957,0.0002323811,0.0014657386,0.00032432366,0.00019037802,-0.00056658435,-0.0034927896,0.00085939374,0.00011703934,0.0025738336,-0.0011180376,0.0007683906,0.00092593266,-0.00025793826,0.00072896737,0.0028172222,-0.0002935764,-0.0010037315,0.000887244,-0.00082651665,-0.00024196117,0.0027223118,-0.0014582144,-0.00013330443,-0.00043947384,0.000108548615,-0.00039899768,-0.00039067198,0.0005333819,0.0009065117,0.00037494433,1.0964537e-05,0.0009013996,-1.0983678e-05,0.00013532474,0.0003346754,-0.00037731408,8.626436e-05,-0.0005147682,-0.00038730036,-0.00050116214,2.9208784e-05,-0.0017679386,-0.0006531182,0.00047240875,-0.0008710023,-0.00024873248,-0.00028430458,-0.0010466306,0.0003968174,0.001873959,0.0013248232,-0.0006538293,-1.0319964e-05,-0.0003343835,-0.000989,-0.00010401148,0.00011777592,-0.000338749,-0.0004933723,-0.00038141,-0.0026635905,-0.00048536612,-0.0013057864,-0.00041464306,-0.0019495348,-8.658683e-06,-0.0012223823,-0.000101203506,-0.00051435234,0.00061046385,0.0014978122,0.00029298148,-0.0013754329,2.8414943e-06,0.00075904164,0.000977575,0.00051814574,-0.00027379015,0.00021397379,-9.880407e-05,-7.552827e-05,0.0021781216,-0.0009544902,0.0002502092,0.00044576896,-0.00081554695,7.8898316e-05,0.0003373716,0.00014961256,-0.00020438085,-0.0017445483,-0.00026927766,0.0001056686,0.0006762911,0.00032938283,0.00044143136,0.000968404,-0.00020568441,-0.00031348265,0.000734705,-4.4722623e-05,0.0017473865,-9.797929e-05,-7.668096e-05,-0.0007354761,0.0009151881,1.42995705e-05,-0.00057859643,-0.00048637594,8.0860715e-05,7.722783e-05,-0.0005759745,-0.00092573854,-0.0006450699,-0.0009230059,0.0012085557,0.0010739798,-0.0005546762,0.00031174617,0.0004817313,0.00048744137,0.00015758288,-0.00035064193,0.0013757442,-5.005867e-05,-6.3805186e-05,0.00033090098,0.00027752385,-0.0008430604,-7.380977e-05,0.0025614211,0.0005446594,0.00058868766,0.0010411912,-0.0005192912,0.0005192445,0.0002709652,-0.0021880202,0.0009936567,-0.0021178706,-7.371703e-05,-9.169453e-05,-4.2309486e-05,0.00015243965,0.00028986824,0.00022223513,-0.00035616045,-0.001711944,-0.00092690013,0.0006365358,-0.0013424617
-0.0009854751,-0.0014627991,-0.00047908942,-0.0035630788,0.0040233373,-0.0016303883,0.0003587157,0.00063954113,-0.0010147298,-0.00045955708,-0.00026910953,-7.0274305e-05,-0.00028207724,-5.5269295e-05,0.0019009351,-0.00054984906,-0.0001685391,-0.00035691826,-0.0013204961,0.00014488846,4.8915153e-05,-0.0004961548,-0.00023862593,-0.0012484037,-0.00028272846,0.000107717766,-0.002209744,-0.00016822384,0.0009756493,0.0010445027,0.0016314503,-6.791166e-05,-0.0022395258,0.0012926058,-0.00036898462,0.00093014265,0.0024045683,-0.00014713094,-0.00086736155,-0.0007089956,0.0003803908,-0.000608067,-0.0003345714,0.0006168806,0.00013261045,-0.0030418343,-0.00019659869,-0.001332172,0.0018064778,-0.00020853167,-0.00023200337,8.49082e-05,-0.0022533291,0.00017585159,-7.847541e-05,-0.001681663,0.00010249689,0.00026819998,0.00013367964,0.00046590116,-2.372466e-05,0.0008271663,-0.0002740945,-0.0015205625,0.0038496326,0.00023979832,-0.0007277718,0.00033447315,-0.00027719006,-0.0013088417,0.0002498433,-0.0012412118,0.0007858547,-0.0004086218,7.643837e-05,-0.00046497185,0.00064809754,8.8704524e-05,0.0010250912,0.00034612554,-0.00021293147,-0.0017413766,-0.0033052615,0.00041274322,-0.0008563314,-4.5613662e-05,-0.0013833911,-0.0015223941,-1.7929868e-05,-6.7438436e-05,-0.00073132257,-0.00012694128,5.283559e-05,0.001730842,-0.00029135493,0.0003614444,0.00036345082,0.002124663,-0.0013317821,0.0030700925,-0.0011087834,0.0022982454,-0.00042505853,-0.00084194023,0.0035835793,-0.0020895528,-0.0016328874,0.00018309288,0.0006739901,-0.00077878096,-0.0001602117,0.00015569331,0.00061192823,-0.0001916625,-0.00018053663,-0.00023161521,0.0003043276,0.000102067796,-0.00011079612,-0.00075368653,0.0022792947,-0.0005081941,0.00020585059,0.00047632772,-0.00038818808,-0.0004302632,-0.00050789944,0.0005875695,-0.00023991488,-2.9329636e-05,0.00012721405,-0.00075253384,0.00018955114,0.00034755623,0.00038086632,-0.00039608666,-0.000393371,-9.421033e-05,0.002290562,-0.0006210834,-0.0008600057,0.00028085423,0.0005041264,-0.0026882894,-1.4555686e-05,-0.00085589907,9.1594855e-05,4.484218e-05,0.34092993,-0.00018091891,0.0011920292,0.00039020277,0.00046288085,-0.00048940163,-0.0035927326,4.6426292e-05,0.0001300252,0.0013768789,-0.0005303701,0.0008598748,0.000120846074,-0.00021462403,0.0014945734,0.0013548806,0.00014093395,-0.0016087752,0.0014867006,-0.0012824913,6.509776e-05,0.0036455218,-0.0002009371,0.000652794,-0.00030563193,-2.5778929e-05,-0.00034342532,-0.0016391885,0.002014114,0.0006875704,-5.551103e-05,-0.0006108731,0.0013960704,-0.0007255675,5.1513372e-05,-0.0018156428,-0.0011228424,-0.0011147459,-0.00024152863,0.0005428112,-0.00055911834,-2.3481438e-05,-0.000988622,-0.0019017315,0.0004096704,-0.0003853995,4.2575182e-05,-0.000100993406,1.2399578e-05,-0.00035799245,0.003475673,-0.001361765,0.0006457589,0.0011966082,0.00078653987,-0.0005922568,-6.143046e-05,0.0008514136,-0.0006066683,3.9480154e-05,-0.0004196254,-0.0006019306,0.00016231538,0.0006840103,0.00016605284,-0.0027250224,-0.0006477723,-0.00050908956,0.00040602047,-0.0007213576,0.0007634436,-0.00055600185,-0.00021190387,0.0005680563,-5.928871e-06,7.0844886e-05,0.0014520657,0.0025639867,-0.00050123734,-2.879428e-05,-0.0011873922,-1.0596184e-05,0.0015358283,0.0018718692,0.00044480638,-2.5506483e-06,-0.0015938575,-0.0001864331,0.0005109456,0.0001362092,0.00014007326,-0.001512074,0.00016519777,-0.0026701912,-0.00014205552,0.0003438027,0.001877547,-0.0009777969,-0.00019922647,-0.00013802665,0.001162125,0.0004406949,-0.00043484283,-0.00019716387,0.00033873055,-0.00069753575,0.00065535685,0.0012681193,-0.0010198695,-0.0018261302,-0.0004231945,0.000121592646,-0.0007959478,-0.0014946375,-0.0008255741,-0.00042206718,0.0009722954,0.0017012215,-0.0003955043,0.00025186702,-0.00059582194,0.00021942433,-0.00017268691,-0.00045877154,0.00079420937,-0.00013258612,0.00016409953,0.00029939716,0.0009382535,-0.0007570245,-0.0006743026,0.0018362142,0.0005239076,4.605576e-05,0.0010847296,-0.00068501366,0.00032686171,-1.7050002e-05,-0.0005038155,0.00086810515,-0.0013780764,0.0006014242,0.0003753398,-0.0006907677,-0.0018409644,0.0015445572,0.0009773925,-0.0011722142,0.0032401616,-0.0013976372,-5.5645614e-06,0.0006522551
-0.00078802276,-0.0010833178,5.4964516e-06,-0.0019360649,0.0028728202,-0.0005505004,2.4362176e-05,0.0003400278,-0.0008589326,-0.00029685238,-0.00017304413,-0.00011078434,-0.00019316064,-0.00017229731,0.0007127428,-0.00022281826,-0.00019544396,-0.0004714469,-0.0010797125,-8.3228835e-05,-0.00018252639,-0.00023395447,-0.00012794504,-0.00063708937,-6.979688e-05,2.3553119e-05,-2.0751122e-05,-0.00011918122,0.0005535586,-5.4457338e-05,0.0011669606,-0.00016246484,-0.0013250763,0.00083802134,-0.00011501029,0.0007049555,0.0013189664,-3.4243262e-06,-0.00047752654,-0.00021927134,0.00019763545,-6.0048817e-05,-0.00023776066,0.00013943018,0.00016159314,-0.0020087447,0.0006837054,-0.00043508766,0.0005115692,-0.00017451185,-5.227479e-05,0.00012826611,-0.001488197,0.00039135275,0.00017119029,-0.0006393782,-5.716805e-05,5.1985022e-05,0.000121793724,0.0004365979,2.6156775e-05,0.000321911,-9.206508e-05,-0.0009248911,0.0019147575,0.00037450634,-0.00043441565,0.0002594196,-0.00021081697,-0.001213601,6.8297726e-05,-0.0004315449,0.0009775233,-0.00023385299,0.00027132934,-0.00036419864,0.00018093325,-1.1486558e-05,0.00056842115,5.370705e-05,2.997784e-05,-0.0011710589,-0.0018828469,0.0005078528,-0.0005546861,-0.0013680629,-0.00087334705,-0.001034605,-0.00017237781,-0.00013582812,-0.00052663096,-0.00012681636,0.00020034636,0.00081765954,-0.0002464764,0.00031130682,0.0001148022,0.0013828541,-0.00068741274,0.0017254988,-0.00043428765,0.0010276389,-6.330236e-05,-0.00078258105,0.0015923101,-0.0008953796,0.00045420034,0.0003845625,3.0756568e-05,-0.00011627734,-8.615301e-05,0.00017193383,0.00050785736,-0.00012146904,-5.9021277e-05,-0.00010386138,0.00055540475,-4.8100475e-05,-0.00017050782,-0.0005410181,0.0012438691,-0.0002511731,0.00016458114,0.00018936416,-0.00025974118,-0.00012709085,-0.0003592862,-0.0005220073,-9.58267e-05,2.8042014e-05,4.9076072e-05,-0.0005472932,-2.0895845e-05,0.0001114754,0.00031930802,-0.0002007636,-0.00031339662,-2.438559e-06,0.0017485145,-0.00042261014,-0.0006636652,-5.6591176e-05,0.00036075723,0.0020089988,6.765867e-05,-0.00016289651,-0.0011052216,7.68562e-05,-0.00028053496,0.3407315,-3.3711367e-05,0.00032726972,9.297757e-05,0.00016074051,-0.001855069,-9.020625e-05,0.0008864111,-0.00018483418,0.00013516193,0.00022145809,0.00038502336,1.35708215e-05,0.00056478573,0.0014636924,0.0002001322,-0.000991894,0.0007314987,-0.00046677323,2.9481625e-06,0.0017598551,0.00063399156,0.00042158272,-7.005888e-05,-0.00034343856,-3.106681e-05,-0.0010782136,0.0009906782,0.00047081895,-4.7320602e-05,-0.00035029044,0.00057123246,-0.00041836902,-2.43937e-05,-0.0010312219,-0.00072048645,-0.0009766702,-7.737671e-05,0.00036743903,-0.00024104962,3.156416e-05,-0.0004102017,-0.0011767645,0.00015714324,6.851703e-06,9.890155e-05,-4.4351273e-06,0.00020385609,-0.0003167845,0.0018713165,-0.00075428037,0.0005283999,0.0004795348,0.0009916595,-0.00034291437,-5.3750013e-05,0.00034162542,-0.00026924172,4.992543e-05,-0.00029443097,0.0007882319,0.0007931728,0.00021008748,0.00027126836,-0.001450697,-0.00040138283,2.8693219e-05,0.00035305266,-0.00045674955,0.0002591923,0.00044478662,-0.00025169612,0.0006403716,-1.7628796e-05,-0.0005532993,0.00081127806,0.0017129397,-0.00023368614,-5.547682e-05,-0.00082952064,1.1037996e-06,0.0003724294,0.0010158058,0.00032046993,2.9155977e-05,-0.000819784,-0.00023390006,0.0005811787,-0.0006910563,0.00012431102,-0.00057637057,0.000101757534,-0.001927095,-0.00063375727,0.00034755334,0.0009173715,-0.0011701736,1.2192419e-05,3.1289488e-05,0.00065943936,0.00054918986,-0.0007197296,-0.00019206962,0.0002494665,-0.00023115365,8.253316e-05,0.0002790163,-0.0006076162,-0.0008565321,-0.0004871072,1.4256597e-05,-0.00050813326,-9.511183e-05,-0.00051994517,0.00024292324,9.855341e-05,0.00092918536,0.00019638237,0.00023341112,-0.00063435594,-7.851751e-06,-0.00027224174,-0.00016000481,-1.3204369e-05,-0.00014173292,7.282006e-05,0.00010528293,0.00047140822,-0.00042702907,-0.00027375456,0.00045878536,7.511553e-05,-6.001141e-05,0.0005295938,-0.0005719185,8.4666346e-05,-0.0001416645,-0.0016624138,0.0004766109,-0.00030262247,0.00010773598,0.00032804068,-0.00037361696,-0.00089740596,0.001079846,0.00082736876,-0.0006978121,0.0039438573,-0.0008492447,-2.424609e-05,9.147274e-05
-0.0013809943,0.0027179904,0.0012696555,0.0048680664,0.0010516288,-0.0002369785,-0.0035249884,0.00019979938,-0.002395063,-2.5158133e-05,-0.00031525237,8.2549624e-05,0.00017578718,-0.0010566183,-0.0006831579,0.00031136538,-0.0021958363,-0.0009138079,-0.00035098224,-0.0008475416,-0.0013272687,-0.0006508757,0.000359303,-0.0026141515,0.00092548825,-0.00018896832,0.0022394436,-0.00030190288,0.0016423165,-0.0043997676,-0.0018853603,-0.00045041688,0.000863436,8.9195055e-05,0.0022032498,-0.00052207196,-0.0012947839,0.0009858184,0.0005848535,0.0013825459,-2.861807e-07,-0.0006812643,0.00061526406,-0.0015964344,1.0237303e-05,-0.00082478824,0.0031022152,0.0021618411,0.001833385,0.0009220838,-0.00059412135,0.0002662556,-0.00036729837,0.0011614223,0.0013037007,-0.00015069115,-0.0006618342,-0.00048135192,0.0002776825,0.0010344615,0.00084141246,-0.00021119263,0.0004375947,0.0017833632,0.0011730061,0.0006695222,0.00039207347,0.0005425055,-0.0002950628,-0.000110954854,-0.0009508557,0.0012118622,-0.0012125323,0.0007342257,0.0012018582,0.002220912,-0.0016813873,1.1879776e-05,0.0022659171,-0.001172147,0.00047353355,-0.00053333817,8.846162e-05,0.001720111,0.0004906343,-0.0038503606,0.0012181988,0.0012565204,0.00027172925,-0.0007033011,-0.0005654197,-0.00034902935,0.0011814864,0.0006960016,-0.00019135998,0.0005345167,-0.0011161119,0.00048653717,0.0007792284,-0.003681501,0.0020266408,-0.0009792462,0.00060032477,-0.00028768758,-0.0036833577,0.0012589745,0.004911699,0.00078948337,5.3083328e-05,0.0019652618,-0.00035858233,0.0003598672,0.00019880752,0.00013386869,9.62735e-06,0.0003036347,0.0018417591,-0.00055248366,-0.00035525594,-0.00037276887,-0.000907748,0.0008731275,0.0005829575,0.000119912314,-0.0005974827,0.0016430715,-0.00038496283,-0.00354138,0.0005616733,1.7538974e-05,-0.00042644658,-0.0002979689,-0.0004096675,-0.0008871818,0.00046147828,0.00027984282,-0.0010178202,0.0015437375,0.0012638114,0.00034025277,0.00014062326,-0.0012798185,-0.002461894,0.007321978,0.0009698851,0.0031504852,-0.00062012504,0.00014849745,0.0006189221,-0.00048853725,0.3374275,0.000293087,-0.0006490232,0.0012582293,0.0025986433,-0.001172217,0.0018814532,-0.0055615036,0.0024399029,-0.0011300292,-0.0001758757,0.00060348527,-0.0018870895,-0.0020783576,0.00054431515,0.0010076507,-0.00090901443,0.001482882,0.0008744027,-0.0023105848,0.0046084356,0.0008335169,0.00055240147,-0.0010213144,0.00071711873,9.926682e-05,-0.0005518905,-0.0013488263,-0.0007300697,0.0002497854,-0.0015566484,-4.1576055e-05,-0.00023047437,-0.0010322885,4.5723496e-05,-0.0017007283,0.000693077,0.0006943158,0.0007710892,7.33097e-05,0.002756042,0.0003176194,-0.00079486537,0.0014897529,0.00047657517,0.00046731776,0.001824188,-0.0008681804,-0.0018955034,-0.0024172938,0.0013564479,-8.049575e-05,0.0020534447,0.0013659429,0.00015346833,0.00012979448,0.0005811245,0.001257219,0.00035201944,0.006208504,0.0020682064,0.0016823475,0.00096042646,0.0042459522,0.0007374525,0.002275297,0.00057234307,0.0002708487,-0.00088831584,-0.0005181799,-0.0006025718,0.0033474995,-0.00012597712,-0.0024957424,-0.0010339442,0.00017960962,0.00015476343,-0.000130823,-0.00016312026,9.035734e-05,-0.003812495,0.0018386125,0.00011387918,-0.00049604627,0.0009193568,-0.0006634461,0.00032404813,-0.0007627115,0.00057549716,0.003944977,0.00033187465,-0.0017673334,-0.0018827365,-0.00037000328,-0.0012689176,-0.0027764428,0.00037304315,0.0005157327,-0.0012037434,0.0011275917,-0.0025927422,-0.00029962955,0.00019805398,0.0012114273,-0.0015302692,-0.00081238034,0.00055915944,0.0010616067,-0.000699069,-0.00019511255,-0.00022661619,0.0023018324,0.0003701251,0.0032687697,-0.0028899896,-0.0015332795,0.0012606479,-0.00023339603,-0.0015194985,-0.0007581841,-0.00019510786,1.496191e-05,-0.0027127254,0.00012184153,0.00019160665,-0.00048048797,-0.0005867449,0.0007135211,-0.00012681507,-0.0054474096,-0.0010619138,-0.00091560633,-0.0014782773,0.00017449037,-0.00077243394,-0.0006726124,0.00039702695,-0.0013196609,0.0037135582,-0.0006430786,0.00028316764,1.2444891e-05,-0.0005560465,0.0003682595,0.00016173342,0.0003194879,0.004515946,0.000983379,-0.0010585777,0.0017075571
0.0008872044,0.00063397543,-0.00042739644,-0.0003932709,-0.0031487076,0.00018456763,0.0005736902,-0.0003198987,0.00027704868,0.00011973528,0.00017280446,0.00019638898,4.7423448e-05,0.00021924356,-0.0003045891,6.963513e-05,0.00042633121,0.00050492195,0.0012249795,-2.1187952e-05,0.00025837467,-1.6845399e-05,0.00010848206,0.00018000577,5.5034667e-05,0.00039337846,0.00037388172,0.00020054445,0.0005489006,-0.0004361344,-0.00058286084,0.00012554659,0.0015981747,-0.0011457597,0.00044427492,-0.00092095544,-0.0010030358,-0.0001920892,0.00038213725,0.00014467178,-0.0003009837,0.00040970105,-4.8001206e-05,0.00023310464,-0.00020627421,0.0015438516,-0.0006183177,0.0003068157,-0.0010849417,-0.0001767956,-5.92418e-05,-8.934964e-05,0.0009499443,-0.00043597064,-2.8383754e-05,0.0015321518,6.586972e-05,-2.896855e-05,-0.00021745359,-0.0005977751,-0.00013628918,-0.00012445348,1.9892961e-05,0.0010346696,-0.0017346685,-0.00037183787,0.0004177969,-0.00021767421,0.00027318197,0.0011555778,6.3915526e-05,0.00029432846,-0.0005590482,6.526992e-05,-0.00020502116,-0.00096000265,-0.00046010557,5.369973e-05,-0.0013586838,-0.00019026834,0.000103984436,0.0011099414,0.0008853532,-0.0006115631,0.00033832606,0.0017002688,0.0006222855,0.00059845054,0.000119458506,0.00023272399,0.00046126018,0.00011549077,-0.00028587747,-0.0017409957,0.00018849425,-0.00025517328,-5.574803e-05,-0.0010515393,0.0008145706,-0.0021662365,0.00018322024,-0.00040315345,-0.000118823475,0.0008933126,-0.0014676442,0.00025898646,-0.00077566324,-0.00043513806,0.0007760188,4.405284e-05,0.00019381176,-9.773939e-05,-0.00044188913,9.914357e-05,4.0831248e-05,5.168571e-05,-0.00032715153,5.708401e-05,0.00013298931,0.0004856703,-0.0011577378,0.00022008402,-0.00020521853,-0.0002646536,-2.3559718e-05,-6.083854e-06,0.0002784646,0.0009615171,9.7821714e-05,-4.3072345e-05,-7.313927e-05,0.00032516397,0.00014365945,-0.00044650576,-0.00013365294,0.00012067793,0.00031748216,0.00084413635,0.00033041497,0.00025082083,0.000289546,0.00031155327,6.2778563e-06,0.0016609658,-0.00029012034,-0.0001619384,0.0004160648,-4.0675834e-05,0.00032032357,0.00026470915,0.00014194373,0.34009203,0.00012209539,0.00017584799,0.0038305067,0.00014266156,-0.0010583536,6.246298e-05,-0.00015701566,-0.00058326044,-0.00091900694,-9.601195e-05,2.2519649e-05,-0.0020219893,-0.00030638487,0.00093557517,-0.0009785038,0.00048732272,-0.00015044698,-0.002703954,-0.00089813175,-0.0006729232,0.00010545936,0.0005969529,5.140777e-05,0.0007891115,-0.0006608855,-0.00015712137,0.00022865861,-0.000111402594,-0.00030216464,0.00043446504,-2.8956227e-05,0.0010989421,0.0007158139,0.0014824611,1.8916122e-05,-0.0003971735,1.0961124e-05,-4.569164e-05,0.0003608952,0.0011308389,-4.6358968e-05,-9.4767e-05,-0.00016127834,-5.3056014e-05,-0.00024970807,0.00034426595,-0.0022105617,0.0008621251,-0.0004870488,-0.0005151704,-0.0014080674,0.00010221853,7.644156e-06,-0.00081006775,0.00014612531,-0.00013637806,0.0003035062,-0.001665247,-0.0006291837,-0.0002610431,-0.00030169057,-0.000677994,-0.0005068702,-4.1136016e-05,-0.0005320152,0.0004392288,-0.00025591225,-0.0006519659,0.00025157264,-0.00055890507,4.0588304e-05,0.0009460297,-0.00085199764,-0.0012085983,0.00044182336,4.99303e-05,0.00058988045,0.000120915676,-0.0005750981,-0.000818582,-0.0005674767,-0.00015705502,0.0008784247,0.00040700947,-0.00042990223,-3.7765334e-05,-0.00027259064,8.1136495e-06,-5.90136e-05,0.002188633,0.00047352616,-0.0003668656,-0.00010854454,0.00075803656,8.4012834e-05,-8.242629e-05,-0.0002184744,-0.00087131886,-9.784516e-05,0.00026541197,-0.0002675144,0.00012696366,-0.00012934118,-0.000109687084,0.00058226957,0.00094128324,0.00025234534,-8.036831e-05,0.001296654,0.00039968686,0.0007251661,-0.0016336446,0.00031284033,-0.0005073276,0.0003200954,-0.00020580752,0.0007490441,0.00013615933,-0.00027534587,0.0002139345,-9.685532e-05,6.5309636e-05,-0.000110930705,-9.667121e-05,-8.244588e-05,0.00084141066,0.00041152502,0.00037480728,1.8474193e-05,-0.00020241753,-0.00044015516,0.0007356196,-4.192585e-05,0.00018793778,0.0020998286,-0.00020646061,0.0005951145,0.0004493003,-0.00021606445,0.00036486762,0.0008531837,-0.0010086631,-8.126127e-05,0.00058849435,-0.002022311,0.00066918426,0.00019020794,-0.0002949689
0.0002627519,-0.0005621077,0.00039991748,0.001152553,-0.0011967839,0.0013034196,0.00030002996,-0.00027677603,0.00090281264,0.00018966445,6.961866e-05,-0.00018282249,5.3793632e-05,6.609344e-05,-0.0011113072,0.00027316238,0.0003742639,-0.00013317869,-4.7309277e-05,1.6921233e-05,-9.6863205e-06,0.00041410394,1.574545e-05,0.0011062658,5.9495433e-05,-0.0002686574,0.0013887837,0.00015848214,-0.0014151897,0.00017982801,3.80974e-05,8.141798e-05,-6.390046e-05,1.9844429e-05,-0.00063015986,0.00036755652,-0.0005293717,5.9033537e-05,0.00024908347,-3.8864197e-05,-1.4677702e-05,0.00049810205,5.6142322e-05,-0.00034116334,2.5080208e-06,0.0016370653,0.0001015625,0.00022181115,-0.0010384229,8.9902314e-05,0.00045577667,-7.429222e-05,0.00082733965,0.00010238421,-0.00021943872,0.00048659075,0.0002503217,1.8899844e-05,-1.4823765e-05,-7.1275805e-05,-4.0934345e-05,-0.00046409122,-2.0376272e-05,-0.00046659753,-0.0018371975,-7.0943366e-05,2.8779212e-05,-0.00021376756,5.731751e-05,-0.00028507854,0.00010681659,0.00042465143,0.0007273072,1.5359457e-05,-0.00016625399,0.00028999316,0.0003546041,-5.312371e-05,-0.00038166766,0.00024392399,-2.5456004e-05,0.00034728946,0.00079677504,-0.0001992947,0.00017660101,-0.0015208136,0.00016874877,6.73467e-05,-0.00013063732,4.559778e-05,0.00022192339,7.200104e-05,-6.761402e-05,-0.00029022692,7.893364e-05,-0.00016611531,0.00017029748,-0.0006959727,0.0001552781,0.0004856332,0.000101257465,-0.0012182461,0.00031969105,-0.00014008812,-0.00046822848,0.0009960849,0.0009999719,9.8976954e-05,-0.0010802278,0.00012999907,3.984368e-05,9.4056195e-05,-0.00016404653,-1.1432741e-05,2.353907e-05,7.096461e-05,-0.00028506437,-6.4707992e-06,0.00015606954,0.00014237183,-0.0004758652,-3.9507064e-05,-4.9886607e-05,-0.00033323886,0.00046377626,-0.00018742534,0.00025233228,-0.0007078954,-0.000103014005,0.00012749602,4.188807e-05,0.00024589984,-0.00018962745,0.00031945852,-0.00024182066,7.110644e-05,0.00028487717,-0.0008117599,-0.001612408,8.831512e-05,7.416015e-05,-0.00018266498,0.00032852963,0.002095112,-1.5796551e-05,-4.3552645e-05,-0.0006772812,-1.625513e-05,0.0002550991,6.319784e-05,-0.00047173278,0.00034617414,0.34132767,0.00012377057,-0.00078007195,0.0001950542,0.000855563,-0.00016179816,4.2947362e-05,-3.1504638e-05,0.0009034816,0.00014163186,-0.00062547106,0.0017385716,3.1311292e-06,0.00019051332,-8.7239394e-05,0.00028527278,-6.75365e-05,-0.00020294888,0.00032227638,-0.00014330512,-2.3847808e-05,-0.0002778018,2.7587546e-05,0.000411808,-0.00069044804,0.00011582332,8.925044e-05,0.00041487615,-0.000368574,0.00018538578,3.8318685e-05,0.00079559843,0.00013980677,-7.15166e-05,-2.409234e-05,-0.00029215543,4.514621e-05,2.485103e-05,-0.00028394925,0.0003064947,-5.1530944e-05,-3.844232e-05,-6.305065e-05,-2.9248527e-05,-0.0002734508,0.00016358573,-0.00018559543,0.0011097556,-0.0003912261,-0.0006002204,0.00020513617,-0.0001437345,2.759749e-06,-0.00018498985,0.00013422419,-0.00012066057,-0.00013802893,0.00020653807,0.00020540965,-0.0009469878,-0.00010500943,0.0010739787,0.00045818716,-0.00013091095,3.0089546e-05,-0.00015620125,-0.00011363115,0.0014032047,4.9882616e-05,-0.00052884803,-4.414587e-05,-0.00035172293,-5.3872667e-05,-0.000549011,-3.7518508e-05,3.1707914e-05,0.00036301138,8.960292e-06,0.0001941167,-0.0012170342,0.00021706212,0.00025099205,0.00022329426,-7.458267e-05,0.00019978762,-3.142875e-05,3.0892756e-05,0.00027783803,-0.00010503523,0.0005586895,-7.620342e-05,6.781039e-05,-0.00075267087,0.0003750812,2.1286745e-05,1.1241245e-06,-0.00027782057,0.00027685714,0.0011325375,-0.00011948564,-9.725929e-05,0.000108763496,-4.0226885e-05,-0.00084044284,8.382709e-05,0.0006773974,0.00011537251,-4.760748e-05,-0.00034568744,0.0005854301,-0.00016095645,0.00075483805,-0.00035795674,-0.00030528137,3.0281431e-05,3.930124e-05,8.574851e-05,1.9252418e-05,0.00020820374,-9.9734636e-05,-4.763774e-05,2.2559878e-05,-7.3936266e-05,-7.784552e-06,-0.00041802655,-0.00030142348,7.166706e-05,-0.00034626113,-0.00017826521,0.0002733986,-5.6771514e-06,-0.00017429244,2.2943994e-05,8.121911e-06,-0.0019669936,4.005501e-05,-0.00012539997,-0.00064644864,-6.0989812e-05,0.0001936468,0.00073148316,-0.00022230254,-0.0003128877,0.00023092757,-0.0011242037,8.852164e-05,7.7837765e-05,-0.00094864506
6.932237e-05,0.0004777599,-3.3222736e-05,0.0015795523,0.00064423244,-0.0011062041,-0.0001711322,0.0001459309,0.0004899118,0.0001187954,7.9003155e-05,-1.5771013e-05,0.000113901995,0.00031433278,0.0005920568,-2.494843e-05,-0.00017955096,0.00028015024,-0.0001006473,0.00029747427,0.00041945282,0.00032607114,-3.4138426e-05,0.0003062936,-0.0001749169,-0.00035027968,-0.0024059287,0.00013124316,-0.0005185497,0.0015808835,-0.0006460027,0.00017283643,-0.0008191848,0.0003116853,-0.00068439223,0.00026517207,0.00036219732,-7.108869e-05,-0.00012341666,-0.00046240483,-4.6745317e-05,-0.00086019293,0.0003103588,0.0004405576,-4.8924096e-05,-0.0011779258,-0.0012349873,-0.00078690005,0.00043393756,0.00011842882,3.8352482e-05,8.0549245e-05,5.0840346e-05,-0.00039504733,-0.0007328021,-0.0023640401,0.0001319866,0.00018533925,4.0334517e-06,-6.816816e-05,-0.0002387338,0.00016346195,-0.00014763897,-0.00025103573,0.0022942573,1.9352236e-05,-4.5124343e-05,-6.598993e-05,-5.4161155e-05,0.00043292518,0.00014614746,-0.00039039247,-0.00053513795,-0.00027096822,-0.00042309237,0.00089212845,0.0006745632,0.00013681481,0.00091388554,0.00040290062,-0.00021300653,7.3731186e-05,-0.0011071373,-0.00017918297,-0.00021692034,0.0014376033,2.5152613e-05,0.0004181195,-6.4000276e-05,0.000118251184,0.00029390215,6.0687853e-05,-0.00029494453,0.0008745111,1.4686692e-05,-6.597673e-05,0.0003889487,-1.6335123e-05,-0.0006102849,0.0019553194,-0.00051095913,0.0002766025,-0.00021970196,0.0006091612,0.0018989821,-0.00022335441,-0.0016442178,-7.825146e-05,0.0005225258,-0.0007884579,0.00010592611,-2.6396901e-05,-0.00017736509,-6.798566e-05,-3.2907825e-05,-4.4038945e-05,-0.00076467305,0.0001632809,0.00024391126,9.279159e-05,0.00038719896,-0.0002381269,-2.1436857e-05,0.00017308463,0.00021224763,-2.8307679e-05,0.00021165475,0.00093727227,-0.00014201348,0.00010324034,0.00016252544,0.00028578597,9.9679135e-05,0.0005805779,-0.0002708091,-4.8098602e-05,0.00022812921,-0.0010760538,-0.0010118756,-0.000103857914,0.00037176313,0.00036180022,-0.00037725637,0.00034098089,-0.00022167807,-0.00048137593,0.0009695578,-2.2027578e-05,-0.00027284195,0.00011976584,0.0011565302,0.00031441328,0.00011824254,0.34002244,-0.0022880256,0.00014419758,-0.0013334025,0.0019277403,-0.0006915984,0.0008970401,0.00014266786,-0.00021613312,8.10161e-05,-0.00039105004,0.00018360768,-0.00014378918,0.000704448,-0.0007606911,0.00031642622,0.0016325397,-0.0014363835,2.5991543e-05,-0.00020379976,0.0002490326,-0.00031417236,2.7126363e-05,-3.9253646e-05,-0.0002652102,-0.00012926626,0.00031647028,0.00036877336,-0.00014617325,7.434649e-05,-0.00033939854,-9.448263e-05,-3.8498188e-06,-0.00014260937,-7.710219e-05,-0.0004092971,3.2721775e-05,-0.000104617226,-0.00024675898,0.00029030617,-0.00052915653,-0.00012949434,-0.00012982835,-0.00045080818,0.00020921607,0.0015690408,-0.00025322617,-0.00045183394,0.0006668656,0.00020776293,0.00021375399,1.3275307e-05,0.00093946094,-8.757292e-05,-0.0002827955,8.692517e-05,0.0002497364,-0.001264114,0.00048620984,-0.00027607713,0.00038367815,-0.0008863418,-0.00077285146,-4.5016743e-05,-0.0001744476,0.0002737412,-0.000753489,0.00019405507,-0.0009195435,-3.2374417e-05,0.0005274021,0.0003398797,-0.00021266058,-0.00032579544,5.28206e-05,0.00015414144,-1.4132786e-07,0.001310239,-0.00030531746,0.00016191468,-0.00013931164,-0.0005159551,8.419829e-05,-0.0005717878,0.0017086924,-0.00015380791,-0.00053856825,5.0021517e-05,-0.00039405152,0.00095175416,-2.1009404e-05,0.00019807373,0.00065346103,-0.00021893707,-0.00015814966,-0.00021145618,-7.124628e-05,0.0009615928,6.386571e-05,-5.3526477e-05,-0.00033149857,0.0005673459,0.0009389399,-0.00013528318,-0.00074926787,0.00060991495,-2.7457483e-05,-0.0006097312,-0.0018768572,-0.000282497,0.0006310726,0.0006746962,5.2439347e-05,-0.0011756954,3.865796e-05,0.00027612707,0.0001566617,0.0008548436,8.5481624e-05,0.0008383954,-0.000105358085,-9.205539e-05,0.000115842806,4.234012e-05,-0.00076262344,-0.00031435967,0.0003590732,0.0005044343,0.0004743779,0.00037533997,0.00025478547,0.00019821752,0.00020428532,0.0018229313,-0.0005252116,-0.0012543545,-5.5373293e-05,-0.00010488711,1.1266308e-05,-0.0001296619,-9.043491e-05,-0.0013891546,-8.1008075e-05,-0.0018559553,1.6852373e-05,0.00015576389,0.00105299
-0.00069839146,-0.0015592169,0.00023504942,-0.0007095042,0.003453676,-0.000411356,0.00023440552,0.00037960702,0.0003192858,-0.00015774596,-0.00012161053,-0.00032027104,-9.879706e-05,-1.2083119e-06,0.0008094572,-0.00016537018,5.7769925e-05,-0.00041078794,-0.0014455866,0.0002615072,8.326166e-05,0.00016808105,-0.00027230437,0.0002990853,-0.00025203236,-0.0004907021,-0.0016295984,-6.660886e-05,-0.0010963329,0.0018329719,0.0011875302,1.9835363e-05,-0.0023849385,0.0014363307,-0.0011984946,0.0013548101,0.0016996297,-4.4286877e-05,-0.0006882128,-0.00074117037,0.00031902245,-0.00047429348,-7.186579e-05,0.00037059278,0.0001241527,-0.0016175271,-0.00036302695,-0.0011492862,0.00081439747,-4.064591e-05,0.00020746308,4.6360223e-05,-0.0010974128,0.00016949615,-0.00039241835,-0.002245411,0.00020731679,0.00021139054,0.0002628296,0.000450471,-0.00013635813,0.00029452352,-0.0001846683,-0.0018265656,0.002567926,0.00022909376,-0.0006193435,0.0001598529,-0.00023520702,-0.0013686147,0.00018603312,-0.0007764682,0.001023518,-0.00032948577,-0.00012619206,0.00060713117,0.0011609137,-3.1276795e-07,0.0011120033,0.00059294637,-0.00024073599,-0.0013133837,-0.0019403922,0.00022433656,-0.00059345836,-0.0010393241,-0.0010361668,-0.0010631122,-0.00025505497,-5.9928767e-05,-0.0004080698,-6.467429e-05,-1.49860725e-05,0.0020215285,-0.00021273564,0.00021232593,0.00047161753,0.0012427934,-0.0013226082,0.003962208,-0.0009368313,0.00079630944,-8.34936e-05,-0.0008714093,0.0030477946,-0.00075082935,-0.00080880884,0.00037448085,-0.00069729553,-0.000708134,-9.303143e-05,4.8876704e-05,0.0004516532,-0.00015415427,-9.448874e-05,-0.00015777384,-0.00021446432,9.276191e-05,-1.3496721e-05,-0.00054081425,0.0017490622,-0.00054504466,7.658094e-05,0.00025546848,0.00018639168,-0.00048615923,-0.0002314996,-0.0001356894,-0.00026981282,8.1879574e-05,0.00016667036,-0.00026541261,-4.183236e-05,0.0009197783,3.6814126e-05,-0.00033282547,-7.317155e-05,-0.0015267129,-0.0005923372,-0.00041722014,-0.00042361833,0.00020132282,0.00057694624,-0.0026282798,4.674026e-05,-0.00078189827,-0.00015426624,4.025065e-05,-0.0005762389,-0.00018253746,0.0009235117,0.0010218805,5.9015918e-05,-0.0007139446,0.33344266,0.00015702366,0.0005794215,0.001629821,-0.00061051926,0.0012484756,0.0011791788,-6.119926e-05,0.0005516853,0.0028294928,0.00025398872,-0.0014594819,0.0016011755,-0.0010568632,0.000109156696,0.0042851986,-0.00021321893,0.00053278194,-0.00034905886,-0.00032528292,-0.00031257415,-0.0010066634,0.0010711026,0.0005695118,-9.925358e-05,5.147094e-05,0.000900959,-0.0005515465,7.828184e-05,-0.0011113553,-0.0009428805,-0.001344371,-0.00028726645,0.0002109077,-0.00043788218,4.9402523e-05,-0.0012043249,-0.0015519647,0.0003112783,-0.00038875433,-4.2509873e-05,-8.854038e-05,-0.00024896723,-0.00016655734,0.00369737,-0.0005092256,0.00017761065,0.00080035016,0.0012084673,-0.0005002568,-7.268257e-06,0.0010789917,-0.00039761153,-0.00022380482,-0.0004830085,0.00016021648,-2.4913788e-05,-0.00011600764,9.2197e-05,-0.0009247241,-3.795547e-05,-0.00060515135,0.00043468666,-0.0007704861,0.00067031477,0.0008093394,-0.00010877321,-0.00035003695,-6.6789806e-05,-0.00029699865,0.0013772476,0.0014969656,-0.0005838132,6.1079496e-05,-0.0006898486,-5.361595e-05,0.002013645,0.00042865126,0.0006102956,0.00020153196,-0.001439297,-0.00022467694,0.00041421907,0.0006165357,0.00016422989,-0.0010970806,4.3429678e-05,-0.0021797922,-8.5907495e-06,0.0005348681,0.0006909954,-0.0002651144,-0.00021206244,-8.973369e-05,0.00062104536,0.00077406,0.0010286872,-0.00019312568,0.00018192899,-0.00054800994,0.00068518874,0.0005504621,-0.00087890914,-0.0014591453,-0.00013447579,0.00013745738,-0.0015891932,-0.0014439101,-0.0010533663,0.0009162269,0.0005554609,0.0011216112,-0.00080712925,0.0002936465,-0.00048110302,9.670648e-05,0.0004184692,-0.0003209846,0.00095299946,-7.9733276e-05,9.881816e-05,0.00024949296,0.00040164153,-0.0013699741,-0.0005176974,0.0010864155,0.00037108432,0.00049248466,0.0010410567,-0.00082229055,0.0003127848,-1.05850695e-05,-0.0020784428,0.0005477177,-0.0018874336,-0.00029785326,0.00019394227,-0.00045527835,-0.00096030073,0.0012089092,-3.61951e-05,-0.00082207314,0.00050691544,-0.0010813517,0.000105927844,0.00012045044
-0.00092201703,0.003307698,0.00048269372,0.0037573993,0.00050163234,-0.0014049105,-0.003081077,0.00032665636,-0.0022768036,2.0609373e-06,-0.00024131364,0.0003144574,0.0002280638,-0.0007814623,0.00034609094,9.888848e-05,-0.0020090607,-0.00035391594,4.9719285e-05,-0.0005846909,-0.0008754321,-0.0006136155,0.00034739665,-0.0024330702,0.0006000075,8.311819e-05,-0.00013842183,-0.00017546183,0.0022988147,-0.0033150986,-0.0021346211,-0.00024265626,0.0010269596,-0.00020105351,0.002165605,-0.0009505981,-0.0010212682,0.0007504956,0.00037268165,0.0011175938,-4.935273e-05,-0.0010525194,0.00057889184,-0.0009129885,-0.000103835526,-0.0016949269,0.0018138814,0.0014616181,0.0019993072,0.00053402997,-0.0008661484,0.00023165384,-0.000518869,0.00052989053,0.00097742,-0.0006961612,-0.00065692293,-0.00033738295,0.0001818545,0.0006471697,0.0005876307,0.00019754923,0.00027986363,0.0021105967,0.0021931874,0.00052173476,0.0003596578,0.0004383485,-0.00028005196,0.00078390207,-0.00080968323,0.0007133135,-0.001958748,0.00052414817,0.00084244885,0.001699023,-0.001509464,0.00013476734,0.0020063045,-0.0010021275,0.00040761477,-0.00027195504,-0.00028433345,0.0012741486,0.00026142236,-0.0006431492,0.0010877061,0.001361586,0.0003340885,-0.000568531,-0.00037823778,-0.00028039073,0.00093810563,0.0005337978,-0.00011111499,0.0004308563,-0.0009598731,0.00043604805,0.0005554882,-0.0033558304,0.0014901938,-0.00011943232,0.00013286997,0.00030396399,-0.00229152,0.0003662856,0.0027483897,0.00040570545,0.0010886276,0.0012592961,-0.00027686506,0.00022174914,1.8232571e-05,8.5767766e-05,7.256004e-05,0.00022442032,0.0012990495,-0.00036842286,-0.0003103262,-0.00026861983,-0.0006379701,0.00074815186,0.00024941264,0.00027772464,-0.00074104563,0.0014402476,-0.00027785616,-0.0016612799,0.00054288754,-1.501141e-05,-0.00039847463,-0.00023252722,-0.000114687915,-0.000866012,0.0003900117,0.00015611117,-0.00091061316,0.0016687086,0.0017185475,0.0001758425,0.0002681569,-0.0007665972,-0.0023352276,0.0032311778,0.00057585817,0.0024111096,0.00042396697,0.00011702925,0.00034821313,-0.00037802994,-0.0021962954,-0.00011569159,-0.00028809486,0.000549554,0.0036097148,0.33888003,-4.0282026e-05,-0.003848271,0.0016075638,-0.00079394627,-0.0010037163,0.00031450213,-0.0011168029,-0.0038264655,0.0005007856,0.0008646316,-0.0007080564,0.0008793167,0.00062235777,-0.0027925235,0.0025283485,0.0005388418,0.0004979052,-0.000337529,0.00050704,0.00014070564,-0.0003634863,-0.0013138095,-0.00070045993,1.6801274e-05,-0.0010193841,-0.00018595681,-0.00018628588,-0.0011953114,0.00017980304,-0.0008157408,0.00062562997,0.0006450895,0.00055138447,-7.3236486e-05,0.0025097008,0.00034196166,-0.00055537187,0.0012049354,0.0003579778,0.00031574335,0.0014778649,-0.0006456405,-0.0016254577,-0.00265661,0.0010204013,0.00041037216,0.0011457056,0.0013861107,0.00011297678,0.0003655363,0.00036462152,0.00084947306,0.00057814084,0.004665668,0.0008305383,0.0022148727,0.0006374644,0.0028314511,-0.00022354214,0.0015726864,0.00032071752,0.00041804323,-0.0006409687,-0.002011336,-0.0003849011,0.0025161684,-5.6160738e-05,-0.0013149459,-0.0009843287,-0.0001240506,0.00016533743,-0.00016315728,-0.00010481042,8.798242e-05,-0.002773605,0.001981131,-0.00021915961,-0.0005680322,0.0007203676,-0.0003353187,-0.00031616472,0.00013545417,0.00029446662,0.0027962732,0.00048452793,-0.0012604984,-0.0009530731,-0.00048826783,-0.0006141131,-0.001863475,0.00024134431,0.00039001234,-0.0009513915,0.00037440236,-0.0025046745,7.392831e-05,0.0001607872,0.0008923025,-0.0010999322,0.00018889071,0.00056692766,0.00038125223,-0.00023427361,-6.775498e-05,0.00029172146,0.0008985302,0.0005729407,0.002166678,-0.0017327551,-0.0012739948,0.0005896465,-0.0002978589,-0.0009336793,-0.00067634496,2.6542253e-05,0.00013697176,-0.0019123028,-5.6988283e-06,9.30097e-05,-0.00039373603,-0.00020419747,0.00077559,-0.00020809844,-0.0041048625,-0.00060151285,-0.0007926346,-0.0012524639,0.00054986693,-0.00063125684,-0.00039779893,0.0031124586,-0.0014500568,0.0029161752,1.2879409e-05,0.00020662934,-1.6738104e-05,-0.0007374349,2.8922015e-05,-0.0003504331,0.00029469392,0.0031014006,0.0010642555,-0.00090460666,0.0023786693
0.00032288424,0.0007111154,-1.11922345e-05,0.0013070146,-0.0011836179,-0.00023177668,-0.00014014111,-9.2060276e-05,0.0003294049,0.00011147476,0.00014747103,-1.9415664e-05,0.00014679409,0.00012692486,-0.00018076846,0.00012487786,-4.234167e-06,0.0002589175,0.00041839466,4.29203e-05,0.00018104678,0.00014560897,6.351583e-05,0.00019086227,-8.955614e-06,-9.0860805e-05,-0.00044761595,9.3306124e-05,-7.738117e-05,0.0001449036,-0.00072455546,0.00011872291,0.00022731091,-0.0002573371,-5.677168e-06,-0.0001750378,-0.00042535015,1.3458648e-06,0.00022850189,4.316462e-08,-0.00015728107,-0.0002047236,0.00020718375,0.00013490369,-7.659947e-05,0.0002506721,-0.0004533828,1.3308785e-05,-0.00031467367,0.00010377066,7.09579e-05,-4.529223e-05,0.0006218343,-0.00024002072,-0.00028297276,-0.0004409891,3.0909963e-05,2.5116487e-06,-9.97865e-05,-0.00017940793,-0.00010830395,-0.00014723213,-6.49096e-05,0.00023220689,-0.00010559645,-0.00012260303,0.0001890331,-0.00011485626,5.355785e-05,0.00057034043,3.2164993e-05,0.00014703715,-0.00045149727,9.015669e-06,-0.00015025242,0.00030639267,8.1328835e-05,5.235751e-06,9.263301e-05,2.93195e-05,-0.000106298256,0.0005106671,-3.8935683e-05,-0.000214635,0.00017207886,0.0007053632,0.00034988738,0.00058522064,-0.00014380639,6.30192e-05,0.0003101114,3.1749394e-05,-0.00013560404,-0.00016056084,2.5314426e-05,-0.00013995622,0.00010922704,-0.00055602245,0.0001288336,-0.00019074803,4.80229e-05,-0.00035747088,1.9216943e-05,0.00045290802,-0.000132988,0.00036482266,-0.00045258194,-9.424156e-05,0.00028512595,-0.00010276084,5.901959e-05,2.3300304e-06,-0.0002404129,3.6965746e-05,3.169681e-05,-5.6678517e-05,-0.00043076955,2.586941e-05,0.00014969053,0.00024215062,-0.0004666708,4.300242e-05,-8.3004925e-05,-1.0980528e-05,0.00017220095,6.71752e-05,0.00022926505,0.00027738215,2.5539295e-05,-4.6138233e-05,4.737792e-05,0.00025331182,2.758191e-06,0.000107404485,-0.00020356747,0.0001354581,0.00020895028,-0.00028502088,-0.0007764051,0.0001943117,0.0003083762,7.453816e-05,-0.00037618793,0.0012395475,-3.51646e-05,8.029856e-07,0.0005263996,2.3926075e-06,0.00010134462,0.00010761129,0.00013077985,-8.166641e-05,-4.2013407e-06,-0.00032514814,0.00070188893,6.696148e-05,0.34202328,0.00028087065,-0.0001584239,8.380586e-05,-7.852399e-05,-4.169605e-05,-0.00027121982,-0.0009993282,-3.3238433e-05,0.00041979374,-0.00016075512,2.3712222e-05,0.00016746,-0.00078578386,-0.00050001405,-0.00019601919,7.48978e-07,0.00017963939,-3.4600464e-05,0.000515453,-0.00047753038,-0.00026946678,-2.009224e-05,0.00025549193,-0.000167516,0.00010776654,1.8273477e-05,0.00040165454,0.0002765011,0.00032518915,7.416911e-07,-0.00017672768,-4.3161337e-05,6.831706e-06,0.0002964847,0.00041297058,-7.943736e-07,-7.7655335e-05,-8.86941e-06,-5.683759e-05,-0.00018804063,0.0001522615,-0.00037488874,0.0003647772,-0.00033899432,-4.702367e-05,-0.00027060168,0.00022461057,-2.8314209e-05,8.018254e-05,0.0001385461,-0.00013448835,0.00021217728,0.0001249476,-0.00064615224,9.559669e-05,-0.00017973084,0.00063713617,-0.00042866022,-0.00022412487,-0.00020996269,0.00017966231,-0.00010616123,-0.00035668528,0.00015838898,-0.00035284087,-1.8680478e-06,0.00031496835,-0.00027305412,-0.00066168106,1.1168615e-05,7.808398e-05,0.00039520772,-6.3244306e-06,-5.636218e-05,-0.00055011,1.1820312e-05,-0.00012605981,0.00024465565,0.00013134979,-0.000364459,0.00078014657,-0.0001622821,0.00023279455,-1.1777895e-05,0.0006416509,0.0004372172,-0.00010131866,-0.00027075928,0.00044751103,-2.1214351e-05,-6.371315e-05,-0.00036469853,-0.00020371383,0.000511267,0.00013714063,-0.00010934784,4.9040453e-05,5.25034e-05,0.00020865409,0.00023972477,0.00035674107,0.0003735942,-3.952191e-05,9.158456e-05,-0.00040337277,0.00012665702,9.719321e-05,7.229272e-05,-0.0003836938,-0.0003177704,-0.00010702242,0.00025715123,2.31006e-05,0.0003410294,0.00011242812,8.25187e-05,-2.1805092e-05,-4.4181634e-05,-3.661325e-05,-0.00022556346,-5.527435e-05,6.260967e-05,-0.00032674856,7.928064e-05,0.0001530001,-0.00013769734,0.00038267576,-1.9448471e-05,0.00011720641,0.0015038215,-0.00043121722,4.736679e-05,-7.7298246e-05,-0.00012373253,0.00017410843,0.00038141658,-0.00050026306,-0.0007774792,0.00031171268,-0.0017937837,0.00040700182,6.884786e-05,0.00036367204
-0.0006333451,0.0022464313,0.0007177353,0.0020315628,-0.00041060915,0.0002905574,-0.0023243867,-7.51922e-05,-0.001995546,-0.0001562985,-0.00021444444,0.00025710012,5.9073027e-05,-0.0008986781,-0.00091405667,0.00021392893,-0.0013249831,-0.00057203934,0.0003547144,-0.0007299146,-0.0010169974,-0.00078557717,0.000303895,-0.002075287,0.00076759077,0.00033550998,0.0029606486,-0.00016714913,0.0021018689,-0.0045951256,-0.0012311138,-0.0003514793,0.001950894,-0.0006728305,0.0023350974,-0.001074238,-0.0015945274,0.0006774608,0.0005925176,0.0013972231,-3.797336e-05,0.00015321773,0.00024731102,-0.0012365482,-3.936963e-05,0.00051194004,0.0028022227,0.0022569224,0.0008900173,0.0005397139,-0.0006315516,7.989079e-05,5.5859877e-05,0.0007908454,0.0013686292,0.002065316,-0.0006271761,-0.0004875777,2.7220041e-05,0.00050794357,0.00076145283,-0.00023120487,0.00031970892,0.0019636326,-0.0010287813,0.0005842639,0.0004768488,0.00030938876,-8.419078e-05,0.0003188062,-0.0008252395,0.0011828496,-0.0010210859,0.0007787311,0.0010444012,0.000533599,-0.0019617595,2.9372128e-05,0.0006039702,-0.0011980858,0.0005576221,-6.26264e-05,0.0014260245,0.0010949009,0.00059215934,-0.002735051,0.0010605503,0.00090409705,0.0004529811,-0.0005226292,-0.00039055862,-0.00027879752,0.0009631789,-0.00072066113,-2.2586077e-05,0.0002830334,-0.0011249613,0.000118226664,0.001302857,-0.005379343,0.001915929,-0.0008448984,0.0004999461,-0.00017496917,-0.004326936,0.0010062457,0.0040320545,0.00041448761,7.6859906e-05,0.0018686658,-0.00026267985,0.00020862532,6.9477624e-05,0.00015448901,0.00014948365,0.00022456826,0.0017100602,-0.00047533656,-0.00034557705,-0.00013660917,-0.001353992,0.00088344706,0.0004167646,-7.75176e-05,-0.0006630408,0.0011970588,-0.00032708692,-0.0025115567,0.00057773205,-0.00013168559,-0.0004971649,-0.00035078076,-0.00027181706,-0.0012478686,0.00045853917,0.0003345988,-0.0007689098,0.0023915796,0.0020981457,0.00045943112,-3.4761084e-05,-0.001031512,-0.0014965952,0.0034666508,0.0005767312,0.0025423863,-0.00054482615,0.00011187968,0.0007139135,-0.00034446138,-0.0033568281,-0.00047799537,-0.0003802351,0.001708517,0.004934039,-0.0009363548,0.00188724,0.33461672,0.0021546446,-0.001703297,-0.000814811,0.00046490968,-0.0012257592,-0.0023987475,0.0003076897,0.0011621739,-0.0015353964,0.0017385894,0.00031035967,-0.0035991366,0.004043876,0.0003215423,0.0006076646,-0.0005857989,0.00071803265,0.00033559633,-0.0005094703,-0.000892464,-0.0004122525,-0.00012583294,-0.001473045,0.00018019807,-0.00022353223,-8.080764e-05,0.00040231008,-0.00047755276,0.00063890236,0.0005538044,0.000861635,-9.643474e-05,0.0022582663,0.00088882126,-0.0007331589,0.001407006,0.00035346244,0.00037504928,0.0015790447,-0.0006176829,-0.0033105756,-0.0013558348,0.001103322,-0.00060492306,0.0006539534,0.000967622,0.00016654737,-0.00085490994,0.0005352058,0.0009514663,0.00029822852,0.0038617263,0.0020991038,0.00095739984,0.0008282095,0.0024076132,0.0012218741,0.002106579,0.00030741404,0.00060979585,-0.00089326705,-0.00044472454,-0.0004309037,0.002918992,-2.903884e-05,-0.0015886704,-0.0013209062,-0.00027797645,0.00051003427,-0.00023631929,4.5459936e-05,4.280544e-05,-0.0037523564,0.0014316131,-0.00033720053,-0.00030783887,0.0013538841,-0.000362105,0.00037936398,-0.0017146677,0.00037041484,0.0032565098,0.00026227642,-0.00016345663,-0.0016639871,-0.00041432393,-0.0011547765,-0.0021048228,0.00040759624,0.000421661,-0.0007347091,0.00037558252,-0.0029200532,-0.00012400345,0.00017222788,0.0011589129,-0.0014801641,-0.0011071572,0.0007307466,0.0013908261,-0.00077458075,-6.660143e-05,0.00085376017,0.002991571,0.0008411506,0.0014743884,-0.0022805762,-0.0013449197,0.0017743186,-0.0002312565,-0.00094175397,-0.00065406243,-0.0008273101,0.00018705378,-0.0025232176,0.00024091064,0.00022399043,-0.0004844121,-0.00041220142,0.001500266,0.0003400254,-0.0040272498,-0.0010670226,-0.001088089,-0.0015372505,0.0003038174,-0.00074005313,-0.00051883794,0.000347775,-0.00065210863,0.0037680422,-6.7599234e-05,0.00017685187,0.000116164316,-0.00012339062,-0.00012202657,0.0010206822,0.0005247595,0.0045094877,0.0010043585,-0.0007429079,0.0006071668
0.0009241893,-0.0031408921,-0.0008513752,-0.0036667956,0.00012341948,-5.687569e-06,0.0033177477,-8.431678e-06,0.0023824545,-0.000113842005,0.0002515528,-0.00028409302,-0.00020300593,0.0011043865,0.00091020187,-0.00027947192,0.001872416,0.0007096964,-0.0002737105,0.0008807897,0.0012752085,0.0008354117,-0.00039130266,0.0024357955,-0.0008474559,-0.00016903806,-0.0026959388,0.000304064,-0.0022091332,0.004911904,0.0019322335,0.0004217522,-0.0019806845,0.00052941305,-0.0026189447,0.0011055444,0.001849206,-0.0008845117,-0.0007482797,-0.0016060709,6.8347814e-05,0.00023401165,-0.0004782885,0.0014240762,6.8831534e-05,0.00019799225,-0.0032146503,-0.002519003,-0.0014878734,-0.0007540723,0.00077563786,-0.00014118428,-6.2172345e-05,-0.00095019874,-0.0015132877,-0.0011997677,0.00074833835,0.00056033727,-1.170892e-05,-0.0007367951,-0.0008602082,0.00023496329,-0.00050675235,-0.002371077,-2.2168351e-05,-0.0005842843,-0.0005853302,-0.00044916788,0.00018227745,-0.00041753147,0.0010122833,-0.0013646691,0.0015789922,-0.00079804694,-0.0012027759,-0.0014609995,0.0021360759,-4.867015e-05,-0.0013127681,0.00138779,-0.0005904195,8.20515e-05,-0.0014176536,-0.0014393425,-0.00068887806,0.002825914,-0.0014242426,-0.0013642622,-0.00048612562,0.0006741418,0.00045427968,0.00032814735,-0.0011849543,0.00021664023,6.358366e-05,-0.00034908872,0.0013834273,-0.0002309495,-0.001319113,0.005308535,-0.0022560298,0.0010026955,-0.00053934706,0.000105860876,0.0045488975,-0.0012918278,-0.0049777166,-0.00054118363,-0.00010403208,-0.0021105914,0.00034215854,-0.00033411515,-7.907096e-05,-0.00022842729,-8.745762e-05,-0.00023249518,-0.0018717609,0.0005401096,0.00037065803,0.00018652054,0.0014365377,-0.0010562919,-0.00045103498,-5.4499313e-05,0.00075233355,-0.0015817139,0.00036817233,0.0029936053,-0.0006837768,7.948387e-05,0.00049016497,0.00035308226,0.00031038604,0.0012976327,-0.0005074681,-0.0004099907,0.001006791,-0.0023426914,-0.001741711,-0.00047799657,-3.418959e-05,0.0012608231,0.0021822792,-0.0034457012,-0.00082746614,-0.0032033168,0.000418803,-0.00013685584,-0.00078990293,0.00044246056,0.003662629,0.0002428995,0.0005668074,-0.0016019498,-0.004974234,0.0012259474,-0.001703667,0.006085622,0.33851826,0.0016120882,0.00078717404,-0.00055692345,0.0016942275,0.002995479,-0.00041224205,-0.0014425003,0.0015305129,-0.0018574543,-0.000535113,0.0038607416,-0.0044457824,-0.00046425668,-0.0007491383,0.00076279213,-0.00078641257,-0.00052536326,0.00072343415,0.0013311862,0.00062087283,-2.1703168e-05,0.0017553216,-0.000105280655,0.00026040184,0.00037370753,-0.00043054845,0.0009451024,-0.0007665659,-0.0005946259,-0.0009884553,-4.470756e-06,-0.0028062554,-0.0008659826,0.00090610306,-0.0016178482,-0.00044462644,-0.0004572681,-0.0018549392,0.00078352,0.0033426052,0.0018427019,-0.0012991285,0.0004317359,-0.0012311337,-0.0013820814,-0.00018676996,0.00051390973,-0.00062556507,-0.0010863051,-0.00043718657,-0.0050127977,-0.0021133656,-0.0014970789,-0.0009041044,-0.0037403388,-0.0012480636,-0.002403683,-0.00039208692,-0.00061124284,0.0010306531,0.00093216746,0.0005641019,-0.0032885494,3.4718825e-05,0.0020169467,0.001525649,0.00040885477,-0.00046853258,0.00024495594,-6.54444e-05,-7.915438e-05,0.0041229506,-0.0017248822,0.00025620608,0.0005153807,-0.001456198,0.0004664828,-0.00021929032,0.0013269484,-0.00047858353,-0.003931083,-0.00028439504,0.00069879397,0.0018454924,0.0004894861,0.0013838297,0.0024153218,-0.00045062925,-0.00051730545,0.0011348388,-0.000601253,0.003086138,0.00014957572,-0.0002116701,-0.0013595276,0.0017419137,0.000928554,-0.0008408194,-0.0013260832,0.00075021136,0.00013423982,-0.00054027967,-0.0028859102,-0.00088804,-0.0022825005,0.0027927954,0.0017356862,-0.0016386261,0.00038168725,0.0012094385,0.0007761085,0.0005678661,-0.00018760591,0.0028662432,-0.00015402734,-0.00025160925,0.0005655797,0.0005801498,-0.0014010939,-0.00014029542,0.0052017183,0.0011750222,0.0011028853,0.001803087,-0.00039341403,0.0008996258,0.0006465126,-0.00091265724,0.0011826382,-0.0041024955,0.00028109105,-0.00018496485,-0.000104610255,0.00028751534,9.475164e-05,-0.00051605084,-0.00059637206,-0.004737119,-0.0013403082,0.0010431494,-0.0014105855
-0.00024154561,-0.00047055294,-8.02881e-05,-0.0013897029,0.0008406064,-4.0517698e-05,3.872895e-05,0.00011394748,-0.0003991092,-0.0001473866,-9.61351e-05,3.5821158e-06,-0.0001152627,-0.000120389595,0.00019007194,-0.00012651841,2.3459103e-05,-0.00011156731,-0.00023638601,-8.5758016e-05,-0.00012918202,-0.00026482847,-6.965667e-05,-0.00042852078,2.1737937e-05,7.111883e-05,0.00026930825,-0.000117393865,0.0004391628,-0.00052437745,0.0005701416,-6.79055e-05,-0.00021338263,0.00020410567,9.0326226e-05,8.770738e-05,0.00042586034,1.5194708e-05,-0.00016694078,-1.473356e-06,9.5769115e-05,0.00014097398,-0.00017183989,7.009152e-05,9.468974e-05,-7.556256e-05,0.00049270916,2.5264282e-05,0.00025642637,-5.3166525e-05,-8.553338e-05,4.4191938e-07,-0.000489324,0.00017082342,0.0001903802,0.00046000772,-2.3934965e-05,4.8473914e-05,-1.6474141e-05,0.00014841689,4.1758747e-05,0.000116332914,-6.383908e-06,-0.00022861973,0.0001994875,0.0002770369,-0.00017633768,0.0001229764,-6.093021e-05,-0.000477736,1.5221279e-05,-0.00014825958,0.00036042783,-1.6496733e-05,0.00017695829,-0.00040117596,-0.00011116099,-7.5372645e-07,-4.8107402e-05,-9.7841825e-05,2.6287555e-05,-0.00044788545,-0.00027700138,0.00016077858,-0.0001425879,-0.0007312914,-0.0002559134,-0.00046072432,-4.9125825e-05,-7.0923124e-05,-0.00026577542,-6.111761e-05,0.00012026252,0.00012886751,-6.688759e-05,0.00011707413,-0.00011175534,0.00049097196,-8.605047e-05,-0.00017175097,-2.6985676e-05,0.00035176607,-1.848335e-05,-0.00033912467,-2.828925e-06,-0.00031529332,0.0002703706,8.3537176e-05,-7.163266e-05,7.145971e-05,-6.274932e-05,0.00014731294,0.00016152894,-3.972016e-05,-1.2520177e-05,-0.00010317761,0.00036008013,-2.8504386e-05,-9.0528294e-05,-0.0002071926,0.0004122453,-5.731391e-05,8.5293694e-05,2.5026422e-05,-0.00018818765,-5.6015153e-05,-0.00019550194,-0.00021816112,-2.4421075e-05,-2.3915467e-05,-5.3770673e-05,-0.00021651371,1.058047e-07,-0.00013467592,0.00019408483,-8.748164e-05,-0.0001466703,0.0003542673,0.0010161481,-9.990069e-05,-0.00029589556,-0.00012180572,0.00019774075,-0.0007136338,7.3201416e-05,6.9609196e-06,-0.0002766454,3.2592015e-05,-7.289201e-05,-9.561492e-05,-0.00024679015,-9.981017e-06,3.9366452e-05,0.00031763013,-0.00018387151,-3.0368383e-05,0.00069012213,-0.0005428675,0.00019602577,0.34167027,1.0407514e-05,-9.827872e-06,0.00031019497,0.0005055901,-3.739987e-05,-0.0003131627,5.38961e-05,9.826257e-06,-4.6591693e-05,0.0003489152,0.000710439,0.00015893338,-5.893442e-05,-9.854297e-05,1.967407e-05,-0.00037022738,0.00048243234,0.00022200281,-6.4607816e-06,-0.0002370845,0.00015772374,-0.00016790302,-1.5727293e-05,-0.00032906584,-0.00026931244,-0.00026366525,-2.2981654e-05,0.00018980486,3.3133492e-05,-2.2806973e-05,-0.00013071841,-0.00031028746,-1.1577144e-05,4.218454e-05,5.9430848e-05,4.0906752e-06,0.00013942947,-0.00016428564,4.962304e-05,-0.00021212117,0.00032201095,5.343216e-05,0.00013394635,-0.00016250652,-1.258558e-05,-0.000121020414,-9.192195e-05,0.00024184055,-0.00013286078,-8.523527e-05,0.0006167636,-3.040841e-05,0.00013737674,-0.0005135362,0.00028916216,0.0001624438,0.00012087873,-8.89066e-05,1.8803312e-05,0.0002129985,-0.00010904731,0.00048586997,2.5057561e-06,-0.00019573349,0.00019051292,0.0005854131,-3.4447265e-05,-7.554509e-05,-0.0003497762,1.6308337e-05,-0.00023553606,0.00045182326,-3.124835e-05,5.8988728e-05,-0.00018985296,-6.166748e-05,0.0003315655,-0.0005642299,0.00012924096,1.6038064e-05,-1.8744413e-07,-0.00043243135,-0.0003976964,8.6930755e-05,0.00026543654,-0.0005193915,1.014147e-05,1.9687883e-05,0.00030431504,0.00011741007,-0.0006103376,-0.00014043847,0.00015055164,-4.8896305e-05,-3.9945895e-05,-0.00010098472,-0.00021098455,-0.00010128046,-0.00030288933,3.9385188e-05,2.4059687e-05,0.00043146373,-0.00010536734,-0.00026061144,-7.849862e-05,0.00030021358,0.00034703835,5.575577e-05,-0.0002522459,-1.3627175e-05,-0.00030938382,-0.00012341312,-7.245646e-05,3.1424453e-05,3.6038025e-05,3.8974104e-05,0.00018019207,0.000131119,-5.8666097e-05,0.0001295933,-2.5478643e-05,-0.00013744048,7.912505e-05,-0.00023222867,-1.8065575e-06,-9.702661e-05,-0.0007793193,0.0003768034,0.00022745511,0.0001350514,0.00012344171,-0.00014255517,-0.00035345898,0.00036630934,0.0007771594,-0.00024167143,0.0016699937,-0.00025859335,-7.2175517e-06,-0.00020325388
0.00019077327,0.0007121385,-0.000270324,-0.00040971345,-0.0005132595,-0.0004589614,-0.00016141015,3.4730583e-06,-0.0003453631,-1.1788269e-05,3.402997e-05,0.00022735095,3.1647432e-05,1.2704007e-05,0.00035505882,-5.144368e-05,-7.784933e-05,0.0002803055,0.0005090564,9.881907e-06,0.00010110106,-0.00022130563,7.588699e-05,-0.0005225654,1.3101178e-05,0.00024750334,-0.0003061852,1.3573897e-05,0.00086806883,-0.0004323474,-0.00038495526,-2.106382e-05,0.0007395135,-0.00047223674,0.00053630455,-0.0005724582,-0.00029831813,-6.622809e-05,0.00016289944,0.0001373733,-9.615766e-05,-8.3297855e-05,-5.250342e-06,2.6466301e-05,-7.21558e-05,-0.00020781773,-0.00019731095,0.00011817597,0.00014861808,-3.6515863e-05,-0.00025379885,2.5224983e-05,0.00010660784,-0.00020967028,0.00012309228,0.00040157588,-0.00013701589,-6.3580985e-05,-4.796145e-05,-0.000171978,3.974569e-05,0.00012569706,2.8818655e-05,0.0007459883,8.837483e-05,-0.0001276217,0.00016850248,-1.4389569e-05,5.1545336e-05,0.000643167,-7.83252e-05,-8.74541e-06,-0.0006802688,7.663009e-05,1.38926425e-05,-0.0003697832,-0.00042147565,-9.2950995e-07,-0.00016243078,-0.00022866795,7.425732e-05,0.00033010406,0.0002826099,-9.37477e-05,5.1670537e-05,0.0012437898,0.00024722784,0.00032349097,0.000116220086,4.6708206e-05,7.521844e-05,3.0960953e-05,-9.697789e-06,-0.00049497763,4.0013852e-05,-2.1579235e-05,-0.00021084861,-7.863586e-05,0.00030379184,-0.0012793482,0.0001328883,0.00027360558,-0.00020888055,0.00044798543,-0.0005938613,-0.0002695216,-0.00053690095,-0.00014828994,0.0006532378,-7.855811e-06,2.5167581e-05,-8.195197e-05,-0.00011877369,4.2656262e-05,4.7214293e-05,-1.7261667e-05,2.0090823e-05,-8.1005e-06,3.1228446e-05,0.00012782053,-0.00035038218,0.00013431677,-3.6967453e-05,3.2759406e-05,-0.00024097232,0.00012013296,-1.1469566e-05,0.0006205596,0.00013438596,-0.00010309112,-2.623062e-05,-7.780636e-08,0.00012057596,-0.00031502638,2.6262529e-05,5.61129e-05,-4.7055e-05,0.0007678507,0.0007474936,0.00013542357,0.00012876662,0.00015018042,-0.00027474304,-0.001255373,-9.401052e-05,0.000108037755,0.0004916185,-5.6208255e-06,6.243003e-05,2.5826761e-05,0.00013263794,-0.0004568916,9.782813e-05,1.9481911e-05,0.001868924,-0.00014029919,-0.0006428927,-0.0003249379,-3.5761608e-05,-0.00024325447,0.34049457,-7.7168355e-05,0.0001707234,-0.0016281405,-3.9385854e-05,0.0003710559,-0.00038700772,0.00012308214,-6.6362874e-05,-0.0010431985,-0.0003375174,-0.00012073762,7.803744e-05,0.0003637473,5.6026875e-05,0.0001685796,2.9651039e-05,-0.00017147035,5.000875e-06,-0.0001528561,-4.3788084e-05,8.300615e-05,-1.2198245e-05,7.222946e-05,0.00024656992,0.00056060316,0.00012423337,8.2693645e-05,8.270173e-05,-5.551198e-05,0.00033502,0.0003771284,-5.042889e-05,4.2867065e-05,-2.9877687e-05,4.8809343e-05,0.00020180635,4.6986286e-05,-0.0008576562,-0.00032225178,-9.055508e-06,5.717311e-05,-0.0005621006,0.00020099073,1.439015e-05,-0.00020263396,3.426839e-05,8.929447e-05,0.00022748686,-0.00064822845,-0.00025971956,0.00041263542,-8.030938e-05,-8.588649e-05,-3.414896e-05,5.55638e-05,-0.00016844881,0.0003048798,-2.542805e-05,-0.0010586033,6.2214254e-05,0.0003026888,4.7440044e-06,0.00045251095,-0.00036604513,-0.00033162133,0.00019565823,-6.120942e-05,0.0001319446,7.680184e-06,-0.0004285376,0.00025935753,-0.0002418429,-0.0002166814,0.0003155644,0.00021344842,-0.00030651927,4.8754475e-05,-0.00010092112,0.00013320745,2.3092394e-05,0.00068469817,0.00014431072,-0.0002528759,0.00016072887,0.00013265993,2.3427925e-05,9.325585e-06,-5.252743e-05,-0.0004099248,-0.00052391,0.0002014544,-3.0134719e-05,7.491933e-05,-9.8083445e-05,0.0003421239,0.00023637898,4.0364877e-05,5.7817568e-05,-1.952754e-05,0.0006150298,-4.6469464e-05,0.00038487685,-0.00069834903,0.0001725769,-0.00018962755,0.00010542589,-0.00010378759,0.00025090264,1.2532738e-05,-0.00018052773,0.00013664147,-0.00012140338,-8.391158e-06,-4.4221983e-05,-8.111361e-05,5.4412405e-05,0.0005172765,6.5432745e-05,3.6217898e-06,4.7300855e-05,-0.00019976895,-0.00025754582,0.00036438843,-7.728456e-05,3.731907e-05,0.0016505849,-0.000114330665,0.0004074514,0.00039786324,-6.6944966e-05,8.5613414e-05,3.916277e-06,-0.00036137894,-3.972127e-05,0.00017783238,9.403751e-05,0.0002608517,-7.62691e-05,0.0004066176
0.0012138291,-0.00019238154,-0.0006198727,-0.0008160633,-0.0032570064,0.00058614934,0.001361276,-0.00045939808,0.0013582978,0.00025532217,0.0002832002,1.673391e-05,0.00010462721,0.0005791983,-0.00057978294,0.0001454743,0.0010325187,0.00072349043,0.0011428316,0.00025316892,0.0006103644,0.00044481634,4.0575742e-05,0.0013813333,-0.00022758052,0.0001485897,-0.00011069675,0.00026339592,-0.0007018066,0.001189868,-0.0001760688,0.00026827268,0.0011975244,-0.0010244934,-0.000525669,-0.00054804893,-0.0008025289,-0.0004646584,0.0003133503,-0.00023820359,-0.00028685146,0.000583294,-0.00012597309,0.000521871,-0.0001645526,0.0017526447,-0.0015020043,-0.00020584487,-0.0017228686,-0.00037535146,0.00035520966,-0.0001313236,0.0014020049,-0.0006459115,-0.00050139084,0.0011515743,0.00026721362,0.00010093099,-0.00016401985,-0.00083950313,-0.00032836644,-0.00028995503,-4.5436946e-07,0.00045515833,-0.0024029333,-0.0004728215,0.0003934496,-0.0004285065,0.00037132888,0.0011359446,0.0003046607,0.00010758358,-0.00015178145,-0.00010218943,-0.0006605083,-0.0010298411,0.0002285746,-2.7599577e-05,-0.0016119905,0.00028244845,-1.0290073e-05,0.0013446818,0.0012329748,-0.0010629613,0.00021751902,0.0023461606,0.0003542044,0.00042023676,-0.0001453784,0.00045617213,0.0007539253,0.0002918985,-0.0006983963,-0.0014945354,0.00030343357,-0.00048042162,0.0002761853,-0.0013812988,0.0005225302,-0.0007693308,-0.00029607414,-0.0005758715,-0.00016508519,0.0008078699,-0.0005978425,0.00037202163,-0.001741755,-0.00057706237,0.00025116507,-0.00046376223,0.00032711696,-0.00030084528,-0.0005421753,6.551577e-05,3.1731643e-06,-2.802224e-05,-0.0009775709,0.00025720728,0.00020339954,0.0007119402,-0.0010401035,-7.5661395e-05,-0.000309454,-0.000321794,0.00038543032,-0.00040925,0.0004999918,0.0017369757,-0.000116459785,2.6846785e-05,0.00013806038,0.0005281918,0.00017917868,5.7474368e-05,-0.00042184352,0.00014095838,0.0007465115,-0.00010262781,-0.0011447222,0.00022744684,0.0004981561,0.00056191365,0.0006697531,-0.0009891748,-0.00048790668,-0.0009732157,0.0005526993,-0.00011604825,0.0001378582,0.00043786096,0.0011446481,-0.00066546665,0.00016622386,-0.00030777688,0.0017045188,0.00058319815,-0.0013360286,0.0018627435,-0.0008155678,-0.00010261511,-0.00042956398,0.34126335,0.00035209965,-0.0006695861,-0.00032234404,0.0006110755,-0.0006299129,7.195711e-05,-0.0003659069,-0.0014319085,-0.0022471033,-0.0008244393,-5.6622368e-05,0.00062873703,-0.00016310267,0.0009202741,-0.000850181,0.00011160619,0.00039887926,0.00014359033,-2.874712e-05,0.00054324087,9.782417e-05,0.0014968625,0.0007600063,0.001733474,-0.00020510313,-0.00066630787,-0.000120592835,-4.894125e-05,-0.00047489846,0.0010569198,0.00017270872,-0.00061802537,-0.00024126164,-0.00011888788,-0.00086568017,0.00066956057,-0.0015089109,0.0017163783,-0.0010225418,-0.0005971036,-0.0016480933,-0.00023123171,-1.6880076e-05,-0.0006575481,0.00010186344,-0.00052057963,0.00025076643,-0.0029791265,-0.0012182943,-0.0008763111,-0.0005825126,-0.0006418934,-0.00039347925,-0.00068698364,-0.00061705586,0.00036975474,-0.00011403166,-6.0455e-05,0.0004490083,-0.0017614835,7.235804e-05,0.0013684737,-0.000533053,-0.0015640948,0.0003083656,9.3491355e-05,0.0007944468,7.031209e-05,0.0006952305,-0.00164207,-0.00038067202,1.2616378e-05,0.00060126,0.0004929948,-0.0005811807,0.0004169874,-0.00049717474,-0.001008369,-0.00024339155,0.0025835217,0.0010665884,-0.00016401916,-0.00010725742,0.0017353061,-5.0045142e-05,-0.00021411324,-0.00013311257,-0.0009991741,0.0010124214,0.00024167947,-0.0003725837,-0.00018262048,0.00028675466,-6.713612e-05,0.00042507384,0.0005992867,0.0005706001,-1.069466e-05,0.0009343047,-0.00031499105,0.00046347274,-0.00180022,0.0009183937,-0.00028650824,-0.00028178928,-0.00015671163,0.0011886474,0.00034771333,8.851015e-05,0.00019258923,0.0007090452,-2.5953756e-05,-0.00019627952,6.635738e-05,-0.00010303712,0.00035538478,0.0004366806,0.0016102022,0.00026027556,0.00026263803,-7.09497e-06,0.00052978634,0.00018383242,0.00035385974,0.00095760584,4.6644112e-05,-0.00066591514,0.00021783556,-0.00039667575,0.0004719493,0.0012309565,-0.0011421927,-0.0006575932,0.00057725876,-0.0037543923,0.0003632175,0.00049478153,-0.0008651478
0.00022115065,0.001316432,0.00060557947,0.0040612174,-0.001735803,0.0006709358,-0.0008940591,-0.00020842552,0.00043008648,0.00026697046,7.4828815e-05,-0.00010662769,0.0002451234,-1.8270433e-05,-0.0009993721,0.0003870972,-0.00035815942,1.895859e-05,0.000290868,-0.00014347628,-0.00017139934,0.00039966463,0.00026296874,0.0006873781,0.0002912436,-0.0004702131,0.00084871793,0.00012452668,-0.00087901985,-0.0005425853,-0.001452535,4.618214e-05,0.00058739376,-0.00031077012,8.56399e-05,-0.00017130731,-0.0013471311,0.00027200565,0.00043419286,0.00039707124,-0.00014153824,-0.00013398683,0.00043098998,-0.00051725406,-2.5110845e-05,0.0011981552,0.00015953655,0.00071398733,-0.0006765246,0.00035715444,0.00014478317,1.0162897e-05,0.0012019447,2.7781689e-05,-6.725346e-06,-0.00034490429,-4.0540588e-05,-0.00014097748,-1.7833725e-05,2.8884642e-06,9.933191e-05,-0.00048995693,0.00016101345,0.00072275405,-0.0007397927,-1.778685e-05,0.0003182429,-8.7459965e-05,2.4088924e-05,0.0005997239,-0.0002690941,0.0007508339,-0.0005965367,0.00026533817,7.106257e-06,0.0012341748,-0.00015780456,-1.7009236e-06,0.00053181034,-7.773136e-05,4.691508e-05,0.0006759929,0.0011373074,8.976608e-05,0.00040490343,-0.0006871486,0.0008566366,0.0011430654,-3.2260898e-05,-0.00012408744,0.0003199663,3.121957e-05,0.0001539802,-0.0002733961,0.00014445352,-6.105511e-05,-0.00018419657,-0.0011337057,0.00045002496,-0.0010101694,0.00071636797,-0.0015048538,0.000332291,0.00047208008,-0.0015651217,0.0014602961,0.0013379848,0.00013194709,-0.000494895,0.00047256495,6.7170495e-06,-3.3698292e-05,-0.00030193367,8.6696295e-05,0.000101053956,0.00016390966,-0.00023687424,-0.00012521069,9.855052e-05,0.00025846707,-0.0011669158,0.00027059528,-5.5348464e-05,-7.9343044e-05,0.00027448192,0.00047233692,0.00033592258,-0.0008805334,0.00014655034,9.3073584e-05,-0.00015570011,0.00039860155,-0.00019518835,9.039081e-05,-0.0002551889,0.00027763064,8.520281e-05,-0.00046199939,-0.001969698,0.00034705116,0.00060049596,-0.00027571715,-0.00084143813,0.0049184784,0.00013197628,0.00080155366,-1.7269178e-05,-1.5186073e-05,0.00038618472,-2.1672531e-06,-0.0009546514,0.00022558356,-0.00041259942,-1.527671e-05,0.0007976593,-0.00026028528,-7.369645e-05,-0.00096036977,0.0004526274,-8.772229e-05,0.0003728408,0.00026404433,0.34051475,-0.0006813576,0.00014481496,0.0008121391,-0.0005117843,0.0005716915,0.00027618365,-0.0017136409,0.0005662618,-0.00016215541,0.00021030348,-0.00022830721,0.00021252435,0.0009003693,-0.001205952,-0.0006698656,-0.00019505211,0.00060084596,-0.0008485094,0.00024858353,-3.5858975e-05,0.0005781808,0.0004794259,1.3438283e-05,0.00023846471,-0.00021196213,0.00028940197,-5.744909e-06,0.00086180493,0.00086390413,-0.00024196776,0.00029594975,-6.385062e-07,0.000102118705,0.0001451396,7.516378e-05,-0.0010667468,0.00027480558,-0.00025424876,-0.0003909947,0.0003125199,0.0005977311,2.5649588e-05,9.618827e-05,0.00038968702,7.325514e-05,0.00032139343,0.001990363,-0.00021174623,-1.2540202e-05,-1.0158343e-05,0.0028664838,0.0002197285,0.00041974537,-6.696465e-05,0.00033372414,-0.00046140084,0.00028951984,1.1626719e-05,-0.00019190618,-1.4727603e-05,-0.0005078101,-0.00064467744,-0.0013298787,6.320848e-05,-1.679427e-05,0.0006475955,1.7602746e-05,-0.00079949247,-0.00088345376,-2.6150014e-05,-0.0001270955,0.00067600573,-3.3924716e-05,-0.00036787338,0.0006319778,-2.5187619e-05,0.0012783232,4.206339e-05,0.00071202114,5.3640757e-05,-0.00015928362,-0.0012305547,0.00032824225,9.355507e-05,0.00014958701,-0.0009360692,0.00017825949,0.00065254356,-2.1560503e-05,-0.0001569223,0.00048310132,-0.00038018767,-0.0005708644,0.00047098575,0.00093067717,0.00036425938,-7.344603e-05,-0.00014961882,0.0004147158,0.00021432333,0.0014565086,-0.00086377177,-0.0011420535,-0.00014711323,-0.000103864164,6.204874e-05,-0.00026572758,0.0005392126,0.00019065132,-0.0006298551,4.3271295e-05,-4.4866483e-05,-0.00020065633,-0.00063266605,-5.04785e-05,0.0001323112,-0.001969072,-0.00029284265,0.000120604825,-0.00059582706,0.00034050946,-0.00025832787,-6.735106e-05,0.0004705546,-0.0009518231,0.00075033505,-0.0006794357,-0.00014112834,0.0002992591,0.0009358405,-0.0006594693,-0.00126293,0.00058654463,-0.0022862195,0.0008636334,-0.00015863386,0.00027414432
0.00022765314,0.004498869,-1.993171e-05,0.004415899,-0.0033027139,-0.0012977992,-0.0023610264,-1.508953e-05,-0.001446002,0.00024598616,-2.8966773e-05,0.0005250172,0.00045747866,-0.00040976855,-7.1543225e-05,0.00022317971,-0.0015699058,0.0005289992,0.0016028507,-0.0004376201,-0.00038393552,-0.0003602386,0.00043513175,-0.001768735,0.0004718579,0.00031930214,-0.00061496336,9.591236e-05,0.0023138002,-0.002768968,-0.0033242577,-0.00012436838,0.002888101,-0.0014641266,0.002343377,-0.002034731,-0.0022966429,0.0005357662,0.00087648554,0.0011483058,-0.000419082,-0.0009487813,0.0007077829,-0.00085182517,-0.00033855438,-0.00017577446,0.00050610106,0.0016602512,0.0009434997,0.0005815024,-0.00092016865,0.00013033322,0.0009781889,-0.00011799344,0.00072212925,0.00019394208,-0.0006863816,-0.0004325719,-4.9401766e-05,-1.2265398e-05,0.0005131462,1.6738088e-06,0.00038249514,0.0033799813,0.0001556011,-0.0001981602,0.0009722118,0.00020040586,-1.1790094e-05,0.002535571,-0.00081380596,0.0009985128,-0.0030849345,0.00062433764,0.00043491623,0.001119293,-0.0018113963,7.715548e-05,0.0010472314,-0.0010301027,0.0002789758,0.0013441996,0.0012505694,0.0004552218,0.0007542602,0.0024047773,0.0020619086,0.002540741,0.00045393905,-0.00030932747,0.00023998841,-0.00012062723,0.00053017243,-0.001104745,0.00014703082,0.000103529645,-0.00094141555,-0.001273439,0.0013786097,-0.00555293,0.0016710008,-0.000650154,-0.00010961346,0.001661275,-0.0035639883,0.00087403477,0.0008759923,-0.0002721492,0.0020335736,0.0011268402,-8.418078e-05,4.169805e-06,-0.0006254098,0.00022322054,0.00015767875,0.00020840089,0.00043587218,-0.00028287157,-8.312225e-05,0.00043047365,-0.002127312,0.0010174192,-0.00010707748,0.0001320446,-0.0006455003,0.0015291213,9.6904994e-05,-5.053022e-05,0.0006606235,-0.00021534709,-0.0003819732,0.00033512193,8.356333e-05,-0.001088669,0.00010563635,0.00046891737,-0.00052958424,0.0019520451,0.0007410624,0.00063423766,0.0010531148,-0.00029127215,-0.0025668847,0.0039066235,0.0001473299,0.0021138603,0.0016506128,1.7322956e-05,0.0005759873,-6.143276e-05,-0.0014030819,-0.0009998559,-0.000224552,0.00022861987,0.0068425564,-0.0010552346,-0.0018760635,-0.0026953397,0.0010748949,-0.0010636612,-0.0019872272,0.00014892359,-0.0012811839,0.33160663,0.00018078866,0.002199916,-0.001729354,0.0011982908,0.00055894186,-0.005345404,0.00060011976,-0.00025966,0.0006800616,0.00044049986,0.0004914931,0.001289886,-0.0013598256,-0.0017863794,-0.0004970765,0.00015416044,-0.0013606469,0.0003154305,-0.00018446823,0.00016295214,0.0011091062,0.000924308,0.0007500875,0.00016801141,0.00068735855,-9.221272e-05,0.0028953252,0.0017687173,-0.00061193854,0.0009573726,0.0001826192,0.0001905921,0.0011128057,-0.00018969903,-0.0040905364,-0.0016414386,0.00027873684,2.8699076e-05,-0.0006394488,0.0017204196,6.285735e-05,-0.00022695283,0.00061835913,0.00048896513,0.0010377399,0.0026476579,-0.0006207713,0.002065313,0.00019545852,0.0030288894,-0.00063268346,0.0013512672,-0.00038079612,0.0010712711,-0.0008899978,-0.0031144344,-5.9562113e-05,0.0011793149,5.3778745e-05,-4.562534e-05,-0.0019806603,-0.0020210922,0.0006060167,-0.00013406893,0.0007709853,0.00017832621,-0.0028169756,0.0006571528,-0.0006056768,-0.000855292,0.0016775402,0.0001441595,-0.0012710048,0.00097613805,-0.000101428355,0.0025781973,0.00034600764,0.0015607729,5.007884e-05,-0.0008827902,-0.00095213763,-0.00027053853,0.0002736372,0.00031277238,-0.0015016412,-0.0006657001,-0.002120077,0.0003492669,-6.4334905e-05,0.0010391714,-0.0011258456,0.0003876022,0.0012723291,0.0012369055,0.0005281718,-9.4622534e-05,0.0015625001,0.0005046501,0.0013861125,0.0006399165,-0.0012031571,-0.0020580536,0.00028170648,-0.00061674375,0.00010097573,-0.00053459953,0.00017583818,0.00037112995,-0.0015196272,-3.848425e-06,-6.7489265e-05,-0.0005434146,-0.00045193837,0.0014802559,0.00015566699,-0.0034313935,-0.00046483046,-0.00074051804,-0.001784503,0.0015062717,-0.00068771065,-0.00017663265,0.006147356,-0.0019454767,0.002935318,0.000384981,-0.00011893535,0.00038698805,0.0004454652,-0.0014372194,-0.0015439049,0.0010226228,-0.00084333366,0.0019184331,-0.00063895783,0.0023390683
0.00040894002,-0.00088299136,-8.206997e-05,-0.0014390118,-0.0011895484,0.0009888399,0.0008759898,-0.0002345841,0.0005365764,-3.4137785e-05,9.442995e-05,-3.8745296e-05,-5.286402e-05,8.307008e-05,-0.00059398665,3.097787e-05,0.0007127179,7.252664e-05,0.00023443278,-4.14635e-05,5.5245924e-05,0.00010524079,-3.2532353e-05,0.00068642205,-7.820584e-05,0.00015160354,0.0013457743,5.2230993e-05,-0.0003754542,6.223436e-06,0.0006676346,1.7902035e-05,0.0005475799,-0.00034558418,-0.00022100756,2.0492836e-05,-0.00024653223,-0.00016693637,1.801449e-05,-5.822623e-05,-3.5512196e-05,0.00084552675,-0.00028617808,3.972129e-06,-2.7242902e-05,0.0012512694,0.0001211699,8.943478e-05,-0.0011302177,-0.00018055248,0.00020149752,-0.000101770485,0.00040041842,-4.414853e-05,8.091516e-05,0.0015604651,0.00021755302,-2.738512e-05,4.1374667e-05,-0.00026444494,-0.00011480636,-0.00020389669,-7.600708e-06,-0.00023942924,-0.0018819579,-0.00024061142,-2.1568248e-05,-0.00013643246,0.00016201218,-0.0002064459,0.00013841807,0.00013588529,0.000727048,-4.8537062e-05,-5.386112e-05,-0.0010270623,-1.8486817e-06,-7.095843e-05,-0.0012048675,6.632613e-05,-0.00013792556,0.00025626688,0.00095236755,-0.0004251271,4.292904e-06,-0.00030957622,-0.00018783902,-0.00040692324,0.000103282946,0.00013486634,7.487954e-05,4.5417502e-05,-0.00014550459,-0.0011281238,0.000107087995,-0.00015195122,4.2476815e-05,-0.00036178774,0.0003278327,-0.00042063883,-6.8823945e-05,-0.0003431477,6.2288746e-05,-0.0002725192,-0.0007575672,0.00016680121,0.00015668705,-0.00016689139,-0.00055331824,6.8482455e-05,5.49548e-05,-0.00020029707,-5.234356e-05,1.7628598e-05,2.2623759e-05,-1.2902835e-05,-4.455783e-05,2.0326117e-05,-1.51374115e-05,0.0001307817,-0.00027339463,-4.0817333e-05,-0.00015691838,-0.00033492825,0.00012356264,-0.0003658896,0.00010800962,0.00015450106,-5.9705544e-05,1.1744967e-05,6.0971277e-05,2.0161679e-06,-9.830304e-06,-0.000109106324,-1.958091e-05,-3.9684464e-06,0.0002589356,0.0001612232,7.421236e-05,8.106069e-05,-0.00025752792,0.00010753449,0.000873295,-0.000238787,-0.00020231532,-0.0004214173,-0.000675137,-5.7029567e-05,8.953625e-05,0.00010755485,-6.9803355e-05,-0.00025016224,7.574211e-05,0.00042599073,0.00058162934,0.00028633876,0.0005108286,-6.323491e-05,-0.000106589854,-0.0003350476,0.0001384834,5.72477e-05,0.00019967297,0.0009220757,0.34181255,2.9878172e-05,-0.00031357436,0.0003090797,-0.00037554756,-0.0006474037,-0.00014341767,-0.0003251227,-1.4041522e-05,5.3139327e-05,7.111551e-05,8.237055e-05,-0.00011314632,0.00050071464,0.0002837114,-0.00013007672,-6.322937e-05,0.00024685203,5.781103e-07,0.0008413472,0.00018584655,0.0005134121,-4.457573e-05,-0.00014830186,4.229026e-05,-3.6527297e-05,-0.00052745367,0.00030035674,-1.279553e-05,-5.000758e-05,-8.996929e-05,1.5789217e-05,-0.00026344013,0.0001641986,-0.0006833612,0.0010185239,-0.00016342654,-0.00062247773,-0.00048954267,-0.00045842314,-5.659638e-05,-0.00071967446,-2.50982e-05,-0.00020443067,-0.00020920848,-0.0014346079,0.00034802014,-0.0009072103,-8.21415e-05,-0.00084519025,0.0003505477,-6.20975e-05,-0.00016851681,-4.0374107e-07,-1.9709836e-05,0.0008484981,8.927252e-05,-0.00033960346,7.108996e-05,0.00020101012,-9.614882e-05,-0.00020177208,0.000241761,1.3225199e-05,0.00011404936,2.7953642e-05,0.00016575467,-0.00064220617,-0.00013793743,0.00020174665,0.00025941426,0.00016458884,0.0002610566,-0.0008706753,-9.393734e-05,-0.0004553383,-0.00019315068,0.0009655133,-0.00010521875,0.00010746317,-2.1922999e-05,0.00028873005,6.573171e-05,-1.1249513e-05,0.00023286296,-0.00019357749,6.9260655e-05,-2.5933696e-05,-7.295834e-05,-1.5794929e-05,-4.958721e-05,-0.0005935961,6.371375e-05,0.00035772158,-0.00020493176,2.7252245e-05,0.00038175235,0.00079742126,0.00012654615,-0.00082254666,0.00013186713,0.00014226006,0.00046279305,5.3898388e-05,0.00031679016,9.5890915e-05,-0.00046466765,5.0814797e-06,-6.3451407e-06,3.177585e-05,-1.8789173e-05,1.0662381e-05,-3.524888e-05,0.00028168064,0.00030986284,0.0007374654,-0.00012503756,1.8116447e-05,3.641636e-05,-0.0001709834,6.370772e-05,3.5575587e-05,-0.0016195754,0.0005463052,-2.1001615e-06,3.2952827e-05,-1.9135896e-05,0.00012820857,0.0004902225,-0.0001605976,0.00061105145,0.00013638036,-4.07613e-05,-8.852079e-05,0.00018624972,-0.0012109785
-0.0010423637,-0.0038199867,-0.00029131598,-0.0053949053,0.0061211167,-0.0009082349,0.0016853211,0.00062930747,0.000206696,-0.00057555217,-0.00022802583,-0.00034019497,-0.00055759115,0.00024125374,0.0019686997,-0.00067610195,0.0007650752,-0.00048401536,-0.0023153413,0.0005189998,0.00039185767,-7.05634e-05,-0.00051486463,0.00032205417,-0.00066516706,-0.00019359651,-0.0026056252,-0.00026583616,-0.0007279113,0.0032171009,0.0033310887,-1.6778255e-05,-0.003931178,0.0021619643,-0.0019381798,0.0021992465,0.0036898174,-0.00047980458,-0.0014579474,-0.001397847,0.0005963146,-9.9155375e-05,-0.0007452149,0.001128364,0.00020762696,-0.0031808338,-0.00077726354,-0.0024538955,0.0010666045,-0.0006270589,0.00032804618,1.5952184e-05,-0.0026880119,0.00013122248,-0.0005610934,-0.0022165766,0.00042729234,0.00044297698,0.00021549103,0.00047208194,-0.0002861249,0.0007895851,-0.0003151823,-0.003505233,0.003768802,0.00029495024,-0.0013172452,0.0002230139,-0.00026661233,-0.0027094146,0.0006166667,-0.001853293,0.0023735682,-0.00076835504,-0.00020201526,-0.00089992565,0.0018353228,-3.2454373e-05,0.00039750896,0.001022502,-0.00035002222,-0.0023912126,-0.0036295864,2.1628091e-05,-0.0013062326,-0.00072135794,-0.0026388555,-0.0029299348,-0.0003918573,0.00012491904,-0.0008587372,-7.059042e-05,-0.0002844159,0.0024412535,-0.0004025049,0.00034546573,0.00087263156,0.002675917,-0.0022313446,0.006635315,-0.002106543,0.0025919536,-0.00043374114,-0.0018798263,0.0058675483,-0.0025194841,-0.0024600774,0.00024634652,-0.0007397024,-0.0015509074,-7.8942525e-05,4.29456e-05,0.000952304,-0.00030939575,-0.00022283632,-0.0002412983,-0.00011470397,0.00026522862,-0.00015425033,-0.0009453085,0.0036267242,-0.0011271717,0.00015517778,0.00033673382,7.3803545e-05,-0.0013123581,-0.0005787629,0.00079026126,-0.00062542176,0.00011076941,0.0004014723,-0.00083700864,0.00011287905,0.0010612688,0.00031057323,-0.00074035994,-1.3792893e-05,-0.0015755715,0.001248397,-0.0010389539,-0.0012225885,0.00048202224,0.0020512973,-0.0066674002,-0.00020601855,-0.0022338459,-0.00065937266,1.3293802e-05,-0.0011737029,-0.0001887869,0.002222492,0.0011226487,0.00047399913,-0.0008718444,-0.00843817,0.0006542456,0.00097327813,0.0032730605,-0.00131544,0.0016750138,0.0013317615,-0.0002958009,0.0021883696,0.0052430294,0.00014996484,0.33662915,0.002654388,-0.002120057,-0.00032877055,0.007021657,-0.0009960366,0.0007537807,-0.0007005336,-0.0002473538,-0.0006259279,-0.0024331203,0.002674432,0.0018158508,0.00023444253,-0.00064522895,0.0022402783,-0.0009136789,0.00014682037,-0.0019264902,-0.0017535612,-0.0016361692,-0.0006408182,0.00045887323,-0.0009064548,7.566943e-05,-0.0028146182,-0.002871805,0.00079254585,-0.00091732905,-8.50076e-05,-0.00016153057,-0.0006640979,-0.00024091611,0.006256966,-0.00043298525,0.0004120429,0.0012570207,0.0011712448,-0.001595546,-1.7014185e-05,0.0011546225,-0.0009630294,-0.00037624186,-0.0010211323,-0.002056609,0.00029221352,-0.00047764386,4.7688478e-05,-0.004815373,-0.00013729892,-0.0013540251,0.0005816362,-0.0012640625,0.0014251882,0.0010989204,-0.00018974849,-0.00058122526,-4.1995583e-05,0.00014393587,0.0027052811,0.0035146435,-0.0008542253,6.040011e-06,-0.0016135065,-0.00010254634,0.0037590377,0.0012456139,0.00074432994,0.00050298806,-0.0026854652,-0.00021602145,0.0010427226,-0.00021408203,0.00019018313,-0.0032635967,-0.00016235988,-0.0034105699,7.266016e-05,0.000968288,0.0024738547,-0.0004919774,-0.0003641109,-0.0002503139,0.0020012222,0.00077390537,0.000991817,-0.0004073861,0.00038574537,-0.0013717605,0.0013674278,0.001172836,-0.0018200339,-0.002893583,-0.0006297842,0.00020654697,-0.0018974562,-0.0021149318,-0.0017401302,-0.00058972026,0.0018008882,0.0029117058,-0.00085324893,0.0006898765,-0.0005354332,0.0004964784,-0.000112171714,-0.0005977205,0.0018826027,-8.941781e-05,0.0001867312,0.0006182309,0.001161649,-0.0017598381,-0.00073425553,0.0038624525,0.00080916774,0.00055228575,0.0021855596,-0.0016376607,0.0007659834,8.8043824e-05,-0.0037324487,0.0018886813,-0.003425068,0.00029835163,0.00042516264,-0.0009238462,-0.0020251132,0.0022805922,0.0015598348,-0.0017256812,0.0031136267,-0.0026550053,0.0004026616,-0.00058917433
0.00065777625,0.0018914865,8.1105274e-05,0.0021610959,-0.0039455234,0.00089583953,-0.00064296805,-0.00046188902,-0.00019249425,0.0002744647,6.8926005e-05,0.00026011787,0.00021732193,-0.00013362519,-0.0012135254,0.00033831922,-0.000184843,0.00026200665,0.0014471284,-0.00034059052,-0.00023226853,-7.0326234e-05,0.00030409556,-0.00020150786,0.0004934241,0.00026213686,0.0019572957,7.707021e-05,0.00053898914,-0.0020389836,-0.0015591759,-2.4075942e-05,0.002594975,-0.0014188391,0.0012968463,-0.0013504999,-0.002180776,0.00018488118,0.00088414224,0.0008929706,-0.0003108283,0.00044180095,0.00020907188,-0.00045890303,-0.0001786076,0.002194519,0.0006098015,0.0014972824,-0.0007543012,0.00023964334,-0.0001947303,-7.079753e-05,0.0015553411,-6.502766e-05,0.00055232743,0.0021020013,-0.00017927068,-0.00029493542,-0.0001368886,-0.0003537854,0.00030607695,-0.00046648545,0.00020801455,0.0019653868,-0.0030215918,-0.0001450691,0.00071680325,-0.00014013587,0.00021817494,0.0014036855,-0.00034493147,0.0010820325,-0.0012174486,0.0004972963,0.00018120065,-3.7114387e-06,-0.0011945007,-4.688864e-05,-0.00089877483,-0.00069784175,0.000314374,0.0014740146,0.0023286217,-0.00012514672,0.00080780016,0.00038824242,0.0013569555,0.0013898802,0.00021889857,-5.6408342e-05,0.00042017474,6.282049e-06,0.00018897752,-0.0018346689,0.00030344006,-0.00026597956,-0.0006296881,-0.0015179705,0.0014711489,-0.0044591883,0.0012325002,-0.0013836483,0.00025097321,0.00086843997,-0.003729734,0.0013373655,0.0014075706,-0.00018698153,0.00021660887,0.0010530765,3.980549e-05,-3.3522829e-06,-0.0005361972,0.0001875477,0.00012287936,0.00010317613,0.00021521759,-0.00017485062,-3.4146164e-05,0.00054265175,-0.0021235133,0.00068482396,-9.109172e-05,-0.0003074225,-9.9420686e-05,0.0006403413,0.00026046572,-0.00037366254,0.0003703708,-8.592037e-05,-0.00030631648,0.00037169244,-4.139981e-05,-0.00078663806,-7.551945e-05,0.00038807973,3.3749326e-05,0.0012985872,-0.00024891258,0.0005827324,0.0005490989,-0.0002539182,-0.00081379747,0.0017010435,7.3082745e-05,0.0011224109,0.0002955954,-4.1266444e-06,0.00072506064,0.0001041597,-0.0013403924,-0.00083731074,-0.00024823096,0.00079257897,0.0053622923,-0.000350664,-0.00035139621,-0.0021041068,0.00080182723,-0.0011631617,-0.0009396224,0.00016550852,-0.0010236743,-0.0024820094,-0.000159221,0.0015890897,0.33947664,0.0013573882,-9.974472e-07,-0.0044089686,0.0007617042,-0.00054894184,0.00039129876,0.00017136626,0.0004356132,0.0013845755,-0.0013965146,-0.0007819303,-1.8779801e-05,0.00018762266,-0.0013054832,0.0005868677,-8.9569665e-05,0.0013402458,0.0010669447,0.001181141,0.00040173958,-0.00021156864,0.0006056324,-3.272098e-05,0.001419073,0.0017321358,-0.0004822403,0.00060528534,7.818356e-06,0.00017262796,0.00038643242,0.00013413384,-0.0039884425,0.0004924655,-0.00012027172,-0.00097163755,-0.00096964237,0.00070671,9.361878e-05,-0.0010277504,0.0005284802,0.00017271299,0.00052190345,0.00035596895,6.745505e-05,3.4811274e-05,-2.6966209e-05,0.002048704,0.00039696592,0.00092253013,-0.00040669183,0.0008286003,-0.0007122941,-0.0005407711,0.00010811495,0.00046652657,4.0703613e-05,-3.1335163e-05,-0.0015963536,-0.0019866466,0.00064819,-5.6016852e-05,0.00089295686,8.954986e-05,-0.0023079335,-0.00061860203,-0.0005291164,-0.00025524927,0.0016463905,0.00015598055,-0.00043076844,-0.00039440874,-0.00010304898,0.0016976269,2.6165937e-05,0.0023398674,-0.00011969214,-0.0005161709,-0.0011901603,0.00026713492,0.0002796786,0.00017154789,-0.0009207125,-0.0005592338,-0.0007797016,0.00025047013,-0.00019897296,0.0008107375,-0.0008648848,-0.00086865324,0.0010696163,0.0017679665,0.00016401401,-0.00014640189,0.0013362983,0.0016500668,0.0010949831,-0.00021217206,-0.0010132884,-0.001506671,0.0008290902,-0.00032512395,0.00039286813,-0.00024594276,-0.000266613,0.0003485147,-0.0011440074,0.00013156864,-3.362554e-05,-0.0003587045,-0.00058728934,0.0013166086,0.00055269856,-0.0019046274,-0.0005479134,-0.00046162642,-0.0012801473,0.0008311792,-0.0004347625,-8.715207e-05,0.0016245776,-0.000775939,0.0021207498,-1.6583961e-05,-0.00021637829,0.00056147727,0.0011519858,-0.0013007466,-0.00030574587,0.0010152806,-0.0017010152,0.0013858102,-0.00018287712,-7.169772e-05
-0.00035402772,-0.00048892765,-0.00047821293,-0.001380917,0.0020108998,-0.0011052693,0.0002081924,0.0003801263,-0.00019064048,-0.00019779034,-0.00015453287,1.8285034e-05,-6.128077e-05,0.00013795783,0.0013065814,-0.00030481626,-9.477474e-05,0.000109640925,-0.00058947544,0.00012335353,0.00026352788,-8.768073e-05,-0.0001871632,-0.00038569327,-0.00026796875,1.1080556e-05,-0.0023650373,-0.000110348235,0.00021293962,0.0014471149,0.00049656094,8.515035e-06,-0.001169864,0.00061204133,-0.0004269204,0.0004130961,0.001232887,-0.00018100349,-0.00057021354,-0.0005215769,0.00010259351,-0.0006271346,-7.53787e-05,0.00050294213,2.2282367e-05,-0.0020058872,-0.00082116685,-0.0010263872,0.0009670573,-0.00013243627,-0.0001988114,9.37758e-05,-0.0010532788,-0.00016279668,-0.00026690285,-0.0015900194,4.744545e-05,0.00015284916,0.00011917262,0.0001158386,-0.00012101525,0.00052694866,-5.2505027e-05,-0.0005871282,0.0022133833,-8.362433e-05,-0.00027813076,0.00015654338,-0.00014243665,-0.0002997468,0.00019917774,-0.0008024791,-8.525247e-06,-0.0002886989,-0.00013306776,-2.256174e-05,0.0005524472,4.3100663e-05,0.00072099356,0.00031999522,-0.00024685694,-0.0006939839,-0.001585862,9.952259e-05,-0.00045583598,0.0012289586,-0.0006097575,-0.00047869098,5.315672e-05,2.7708791e-05,-0.0002097643,9.187475e-06,-0.00010120375,0.0011903739,-0.00015492215,0.00016470233,0.0002483998,0.000871597,-0.0008601176,0.0022758131,-0.000741415,0.0012969681,-0.0003747738,-5.470466e-05,0.0023960012,-0.0011763786,-0.0016539447,3.5828074e-05,0.0005109241,-0.00070218224,-4.5688696e-05,9.49003e-05,0.00023681861,-0.0001082064,-8.524919e-05,-0.00015898266,-0.00020043619,0.000104774954,-9.752944e-05,-0.0002781912,0.0012262381,-0.00031197554,-1.3823736e-05,0.00028830877,-0.00016553632,-0.00021872108,-0.00019333772,0.0009954519,-8.6960754e-05,-7.953406e-05,0.00018479214,-0.0002918334,0.00016745376,0.0003214756,8.7010616e-05,-0.0001687453,-0.00014195338,-0.0004504163,0.0006724644,-0.0003383795,-0.00015930929,0.00034882108,0.00018295344,-0.002437844,-9.384053e-05,-0.0006231811,0.00054218125,9.004709e-06,-0.0005400738,-4.79999e-05,0.0012213313,0.00022373202,0.0002786836,-0.0006845581,-0.0024823947,4.261527e-05,-0.00065305526,0.001657922,-0.00062485755,0.00079616095,-9.611611e-05,-0.00019583042,0.0007764138,0.00010065429,0.00015495415,-0.00075990875,0.0008792488,0.3403936,-2.7710252e-05,0.0024076947,-0.00097497704,0.00026410364,-0.00018212361,0.00018589357,-0.00026151107,-0.0007511473,0.00093350554,0.00020560985,-6.681943e-05,-0.00022459176,0.0008773125,-0.0004093824,5.8750138e-05,-0.0010319881,-0.00050697295,-0.00032064813,-0.00017746595,0.00019443316,-0.00036045103,3.497297e-05,-0.00049386366,-0.0009162229,0.00027408396,-0.0003799019,3.1311267e-06,-7.246723e-05,-0.00011839146,-9.834232e-05,0.0020370667,-0.0008094521,0.00013713229,0.00087212265,0.00023710818,-0.0001353172,-8.848933e-06,0.00073622563,-0.0003037236,-0.0001654982,-6.0686096e-05,-0.0008475136,-0.0005921334,0.0005288054,1.6526486e-05,-0.0013124048,-0.0005741021,-0.0005175103,0.00017004412,-0.00028307535,0.0005897884,-0.000795338,-1.4109139e-06,-0.0003989753,-3.8415885e-05,0.00041886218,0.00075822324,0.0009645788,-0.00033723345,-2.455892e-05,-0.0005175401,-5.3127107e-05,0.0012882041,0.000651146,0.00020498007,-0.00015440091,-0.0009216884,-5.46702e-05,-0.00016133151,0.00073446566,6.40636e-05,-0.0011726567,4.4344004e-05,-0.0010800427,0.00036577656,9.5867166e-05,0.0011514955,9.978491e-05,-0.00016768955,-9.2681395e-05,0.0004885607,1.2802049e-05,0.00020924691,5.0895178e-05,0.00015112116,-0.0004957856,0.00053821824,0.001019374,-0.0005046912,-0.0012802144,7.74498e-05,8.1055485e-05,-0.0005048961,-0.0015972717,-0.00040539308,-0.00013586636,0.0008920201,0.00087298197,-0.0007105496,8.779927e-05,-0.00010312819,0.00010973163,0.00025903393,-9.224e-05,0.0009342384,-0.000101716556,-3.4367888e-05,0.00012698949,0.00051495864,-0.00059555576,-0.00047669202,0.0012311776,0.00046098314,0.0002160344,0.0006291227,-0.00023786337,0.00020849907,7.330986e-05,0.00063778606,0.0002757089,-0.0012963375,0.0003709472,6.1808074e-05,-0.00034142786,-0.0008746767,0.00056860846,-0.00025206408,-0.00055987446,0.00013724863,-0.0006498817,4.5232624e-05,0.0006806831
0.00034839998,0.00018475625,-0.00012410816,9.3904004e-05,-0.0011762292,0.0005216029,0.0003013621,-0.00014998301,0.00042071735,0.000179817,7.751126e-05,4.7841324e-05,5.509645e-06,0.0001584035,-0.00024271995,7.597394e-05,0.00027114645,0.00012879033,0.00032957658,1.7346303e-05,0.00010773632,0.00019442858,6.4644635e-05,0.0007083826,-4.544982e-05,4.9547398e-05,0.00023075608,5.639562e-05,-0.00025341596,0.00014308582,-0.00019142384,5.2023348e-05,0.00056564325,-0.00041797233,-8.705066e-05,-0.00024021005,-0.00046596123,-8.818567e-05,7.7528945e-05,0.0001365868,-6.4518164e-05,0.0002821268,-1.3544968e-05,-7.777628e-05,-3.1886437e-05,0.0006885854,-0.00029093437,0.00014418633,-0.0007490988,-0.00013588936,9.6578835e-05,-1.6545933e-05,0.00047044383,-0.00015631497,-7.333265e-05,0.00072659034,2.0407301e-06,-5.6931134e-05,-0.000120188044,-0.00020184298,-0.00016145884,-0.0001345633,5.8482452e-05,0.00033120552,-0.0012113448,-1.4959065e-05,0.00011341426,-9.74526e-05,0.000106077714,0.0003810109,2.0293626e-05,0.00017857287,-9.5319025e-05,4.157184e-05,-0.00012557756,-0.00027331588,-5.1422587e-05,-4.317126e-05,-0.0005409617,-7.2483226e-06,-2.507024e-05,0.0004699699,0.0010697627,-0.00027571534,0.00010281865,0.000813448,0.00017648615,0.00020762823,2.3075057e-05,0.00011111949,0.00019988941,4.1199502e-05,-0.00014277379,-0.0005626532,0.00014609116,-0.00012812878,-3.99026e-05,-0.0005929427,0.00025319055,-0.0007766222,8.390775e-05,-0.0003752186,5.219432e-05,0.0002253136,-0.0006680985,0.0002593878,6.2560386e-05,-0.0001543942,-0.00012414785,3.3409422e-05,9.787107e-05,-6.888814e-05,-0.00012257931,3.5215657e-05,-7.0114e-06,0.00010430194,-0.00019551818,5.6971014e-05,-4.2349498e-06,0.00020173885,-0.0003825322,5.2387757e-05,-0.00014317641,-7.776452e-05,0.000126702,-2.4104978e-05,0.0001489742,0.00033180337,-2.9632723e-05,3.8279017e-05,-7.404517e-06,0.00012622839,1.1883646e-05,-7.2364994e-05,-0.000108167354,7.3151066e-05,0.00019646563,5.156348e-05,-0.00043318013,8.486624e-05,0.0001683617,0.00014612146,0.0002866487,8.087551e-05,-0.00015575251,-0.00014362982,-0.00019361828,-6.6433706e-05,0.00011720766,0.00011977528,8.4333566e-05,-0.00015873012,-4.5312067e-05,4.279116e-05,0.0009417429,0.00014388416,-0.00029362904,0.00015570511,-7.268023e-05,-0.0001732873,-0.0001498377,-2.7724309e-05,-9.709148e-05,-0.00035517212,-0.00012416842,9.5002426e-05,-0.0003080372,0.00014599618,0.3418273,-0.0012226832,-0.00052318856,-0.00022012128,2.71418e-05,0.00013660309,1.3731778e-06,0.00031283646,-0.00045646005,9.740084e-06,0.00011464005,7.792351e-05,-0.00015130696,0.00016906293,3.36166e-05,0.0005256857,0.00025975014,0.00053358433,-7.6244814e-06,-0.00022545939,6.276121e-05,-4.1597967e-05,-1.5486708e-05,0.00045244783,2.3378849e-05,-6.350414e-05,-8.097786e-05,-3.593121e-05,-0.00020139395,0.00017187328,-0.0006008813,0.00051267684,-0.00024592443,-0.0002979097,-0.00045269495,-6.0854552e-05,2.202738e-06,-0.00025620815,4.334222e-05,-0.00014924379,5.6170436e-05,-0.0005105906,-0.00019282865,-0.0002295392,-4.9553186e-05,-9.783753e-05,0.00018340642,-8.223519e-05,-0.00019254853,0.00015736582,-3.777744e-05,0.00010278241,8.05634e-05,-0.00054427475,2.6348323e-05,0.0002372407,-0.0002513194,-0.0006110541,0.000102971215,-2.8376719e-05,0.00025350112,2.8363627e-05,3.982793e-05,-0.0005202968,-0.00014653913,2.6803387e-05,0.00029357948,0.0001185406,-0.00020716574,-5.8666723e-05,-0.00015334893,-0.0001950206,-3.929656e-05,0.0007676917,0.00016561507,-2.8020263e-06,-0.00010211318,0.0005009285,1.6245132e-05,-4.2165124e-05,-0.00010342017,-0.00028117548,5.612579e-05,5.734203e-05,-0.00012333094,-5.743603e-06,-3.7294754e-05,-0.00025852903,0.00018990229,0.00022992672,0.00015990368,2.298198e-05,0.00039495528,0.0002639964,0.00017155865,-0.00025109062,9.953953e-05,-0.00022261028,4.4448163e-05,-3.8937855e-05,0.00031344945,2.5623704e-05,-3.8982034e-05,0.00016569736,-8.998613e-06,-2.5941517e-05,-6.1873165e-05,1.6635797e-05,-0.00011946719,0.00019479063,0.00019990266,0.00013820497,-1.663865e-05,1.022303e-05,-0.00011688035,8.505864e-05,3.697077e-05,7.6165896e-05,-7.250742e-05,-7.406604e-05,6.470419e-05,-1.41432665e-05,-8.3219915e-05,0.00012049808,0.000498258,-0.00040107293,-0.00016390561,0.000236354,-0.0008138518,0.0002193017,8.097052e-05,-0.00035979156
0.00054855243,0.0022081672,0.00045371646,0.0032510392,-0.0036635457,0.0010535988,-0.0010785029,-0.0005092821,-0.00018412157,0.00040526362,0.00013800879,0.00018648204,0.00022364712,-0.00024585272,-0.0015939131,0.00043740473,-0.0004546223,0.0001577235,0.0012483685,-0.00040015185,-0.00040340837,8.223939e-05,0.00042294982,0.00017895366,0.0005043481,0.00014849966,0.0026111396,0.00012188203,0.00038835016,-0.0024455439,-0.0019415589,-8.932948e-05,0.0025265776,-0.0013840498,0.0012896552,-0.0012568972,-0.002464296,0.00031432882,0.000909116,0.0010449417,-0.00034629303,0.0004890667,0.00035635283,-0.0009181864,-0.00010475935,0.0021821328,0.0010891514,0.001793897,-0.0010716261,0.0003570501,-0.00010085292,5.0427436e-05,0.0016701124,9.435089e-05,0.000598703,0.0020486815,-0.00037485824,-0.0003875072,-8.279972e-05,-0.00024864695,0.00020445503,-0.00062660174,0.00036762565,0.0021749865,-0.003042557,4.378449e-05,0.00076495705,-0.00016456748,0.00019387656,0.0013559834,-0.0004738342,0.0013769232,-0.0010995428,0.0005507124,0.00026985037,0.00038782755,-0.0013219706,8.465441e-06,-0.00044974612,-0.0007622853,0.00036820688,0.001398594,0.0027563225,9.29752e-05,0.00081209646,-0.00026475743,0.0015665633,0.0016100166,0.00026310503,-0.000119563745,0.00046534085,-8.299066e-06,0.00025812397,-0.0018745264,0.00032976526,-0.00016899686,-0.00072898535,-0.0017993365,0.0015815883,-0.0046691257,0.0015495725,-0.001922868,0.00042148735,0.00080506026,-0.0041909176,0.0017904873,0.0026631232,-6.363092e-05,-3.8463037e-05,0.0012385702,6.130867e-05,-7.837329e-05,-0.00050632935,0.00019301519,0.00017531707,0.00014114275,0.00040444752,-0.00021636268,-2.3415272e-05,0.0005708917,-0.0022701088,0.00074625306,-1.9067502e-05,-0.00034720826,-2.8382483e-05,0.0008595861,0.00034145996,-0.0010906371,0.0003825171,1.3329722e-05,-0.00029802008,0.0004906057,-0.00015308398,-0.00081868254,-0.00010747425,0.00041269333,6.142814e-06,0.0011665843,-0.0005901495,0.0005988762,0.00070763915,-0.0005180846,-0.0010189238,0.005134264,0.00014684272,0.0015994746,-0.00039711854,-1.8999035e-05,0.00090438966,9.0595655e-05,-0.0019860733,-0.00065096584,-0.0003878273,0.000937064,0.0054321834,-0.00044503258,0.00019113116,-0.0028278993,0.0011782964,-0.0013324742,-0.00066229486,0.00026648326,-0.0014439819,-0.00278573,-0.00010695264,0.0018433067,-0.001804658,0.0015536709,6.836876e-05,0.33488315,0.0010441054,-0.0004205013,0.00045676588,-5.460069e-05,0.0005064956,0.0014336208,-0.001802526,-0.00094770157,-0.000113273054,0.00035716878,-0.0015776728,0.00064852374,-0.00010693745,0.0013067132,0.0011122471,0.00091436296,0.0005096569,-0.0001767953,0.00072039105,-5.6350236e-05,0.0017347337,0.0018391107,-0.00052520377,0.0007546238,9.409824e-05,0.00018740701,0.0005394889,9.304471e-05,-0.004152349,0.000414855,-7.897361e-05,-0.0011148213,-0.00045839467,0.0008616906,7.671875e-05,-0.0010042309,0.0006624472,0.000310627,0.00060541474,0.00181596,0.00037920554,6.7850146e-05,0.0001149228,0.0028816203,0.00047493563,0.0011194666,-0.00028536253,0.0008011511,-0.0010080768,-0.00020899373,2.6777387e-05,0.0005844633,3.845877e-05,-0.0004916991,-0.0017270732,-0.0020802387,0.0006203787,-7.741454e-05,0.00096796645,7.025835e-05,-0.0025952107,-0.00079669984,-0.0005580101,-0.00022580005,0.0017930841,4.6774534e-05,-0.0004085526,-0.0006049268,-2.76494e-05,0.0021003478,-6.227351e-06,0.0020705925,-0.0004933371,-0.0004787668,-0.0014546914,2.7563765e-06,0.00031945572,0.0002367716,-0.001202964,-0.00031279612,-0.0009810743,0.00014059104,-0.00024970205,0.0009573035,-0.0010659317,-0.0011701704,0.0011219959,0.0018798612,9.7541946e-05,-0.00016207491,0.0011971592,0.0020917181,0.001067637,0.0005659689,-0.0014677369,-0.0018371304,0.0009362571,-0.00035980574,0.00020479158,-0.00034607612,-0.00019575792,0.00040903958,-0.0017027026,0.00010269501,-0.00012611735,-0.00041366892,-0.00078181556,0.0012381488,0.00061809015,-0.0027573134,-0.0007165356,-0.0005021289,-0.001431828,0.0008011261,-0.00052719057,-0.00014580102,0.0011148244,-0.0010852977,0.0025616519,-0.0003545618,-0.00021862828,0.0005888979,0.0014216282,-0.0013302258,-0.00043582683,0.0011426905,-0.0007219205,0.0015594905,-0.00038862313,-4.7562353e-05
0.0014294813,-0.0008357045,-0.00077360566,-0.00046263234,-0.0023278364,0.00023760443,0.0023066832,-0.00028210576,0.0026542225,0.0003245471,0.00045709842,-0.00013243216,0.00016583015,0.0011045607,0.00021264807,3.1147276e-05,0.0013971197,0.0009956356,0.00079021364,0.00066478096,0.0012502709,0.0010283382,-6.948973e-05,0.0028353648,-0.00077973685,-0.00023022667,-0.0025264423,0.00032581357,-0.002135719,0.0041916557,-2.3600525e-05,0.00046937753,-0.00037661218,-0.0003970968,-0.0020142177,0.00013971914,0.0001243893,-0.0007268029,-7.50339e-05,-0.001026945,-0.00022835424,5.6194072e-05,-1.5911888e-05,0.0009165202,-9.258887e-05,0.00080750015,-0.0032934626,-0.0016725229,-0.0018546497,-0.0005141768,0.00065353967,-0.00022465468,0.0012718596,-0.0012098612,-0.0014035878,-0.00088355766,0.0003303727,0.00031059043,-0.00020222699,-0.0009880726,-0.0008657988,-0.00010743825,-0.00020481201,-0.0006536621,-0.001067544,-0.00065867126,1.7399698e-05,-0.0005479518,0.0002882951,0.001078258,0.0006762567,-0.0006082952,-7.422901e-06,-0.0005615181,-0.0012462143,-0.00062914944,0.0014991168,-5.8863458e-05,-0.0011478948,0.0010052795,-0.00037491118,0.0013103238,0.0008047684,-0.0015643775,-0.00018410207,0.004507613,-0.00025224657,0.00013862105,-0.000343302,0.00064809975,0.00095378555,0.00041733801,-0.0011475283,-0.00054190954,0.00024718803,-0.0005222806,0.000980244,-0.001520806,-0.0004944089,0.0030270817,-0.0013780403,-0.00016551375,-0.0004215198,0.0010338505,0.0025634086,-0.00015361128,-0.0039375527,-0.0007045621,9.874423e-05,-0.0016644796,0.00041088718,-0.00033710626,-0.0004309466,-5.8037935e-05,-2.9804713e-05,-0.0002051346,-0.0020666881,0.000496058,0.00039601364,0.000687295,-3.0015326e-06,-0.00062488485,-0.00049084256,-7.194991e-05,0.0008122481,-0.0009535031,0.00066977734,0.0031462011,-0.00042372616,0.00013436441,0.0003239715,0.0007973702,0.0003097191,0.0009834466,-0.00071720185,-3.2415956e-05,0.0010804387,-0.0020037033,-0.0030424031,-6.0811897e-05,0.00073229795,0.0011170687,0.0012032898,-0.0026412841,-0.00078789936,-0.002331401,0.0009262513,-0.00015472609,-0.00034828266,0.00053877285,0.0030513725,-5.630986e-05,0.00029176203,-0.0016228817,-0.0016958648,0.000942582,-0.0027188289,0.0052434835,-0.002116211,0.0011377494,0.0001519548,-0.0005107042,0.00066079205,0.00015849198,-0.00039501023,-0.00019432856,0.0005622005,-0.0011445864,-0.0005677089,0.0006357041,0.33468,-0.00089526776,-0.00043751617,0.0010144506,-0.00061645365,0.00067665643,-0.0006723857,0.0004830204,0.00047391112,0.00038164697,0.00081999117,0.00026770274,0.000225466,0.0012094898,0.00043802895,0.0016692787,-0.0005259533,-0.0009518949,-0.00052217225,-1.4701623e-06,-0.0015863222,0.00043841696,0.0006842035,-0.0013595136,-0.0003947082,-0.00044665835,-0.0016922328,0.00096316944,0.0008810021,0.0019514757,-0.0016598926,0.00012719439,-0.0016735601,-0.0005707709,-8.7310495e-05,0.00035862706,-0.0001947303,-0.0010989032,0.00021894679,-0.0042353882,-0.0026964336,-0.001019957,-0.0009797533,-0.001763484,-0.0011016729,-0.002053699,-0.0006739403,-3.1530464e-05,0.00047017564,-4.334579e-05,0.0006516974,-0.003682746,3.5613768e-05,0.0022019611,0.0003683547,-0.0014257336,-0.00016167462,0.00025590858,0.00074077287,-4.9523765e-05,0.0033969167,-0.0022805168,-5.9370985e-05,0.0002474902,-0.00038452263,0.00061203755,-0.0010280394,0.0019626336,-0.000591914,-0.0028258497,-0.00022652715,0.0022135528,0.0022107833,0.00018356752,0.00041465068,0.0031012835,-0.00034783242,-0.00041670466,0.00013208362,-0.0010151911,0.002848045,0.00043334538,-0.00038063253,-0.00082417385,0.0012560722,0.0007114299,-4.044786e-05,-0.0005238523,0.0012466091,9.1956696e-05,0.000119640026,-0.0025498648,-0.00014570786,-0.0017214883,0.0021853556,0.00043032214,-0.0017384384,6.384236e-05,0.0016414538,0.000591769,0.0009253684,0.00021142965,0.002268991,-0.00018590681,-0.0002920042,0.00029611733,-7.927907e-06,-0.00083583395,7.1798946e-05,0.0034179646,0.00096622034,0.0010346748,0.00090105145,0.00030873384,0.0006015684,0.00064197835,0.001443303,3.9631595e-06,-0.0030498386,7.096233e-05,-0.00045563866,0.0003025246,0.0011663233,-0.0010720025,-0.0018250195,0.00021587287,-0.006786967,-0.00020000528,0.0007987111,-0.0007081926
0.00085175363,0.000758148,-0.00035336448,0.00063243194,-0.0024342248,0.00039373862,0.0005248586,-0.00027724006,0.00079772,0.00022585237,0.0002089948,8.921748e-05,9.664992e-05,0.00034159928,-0.00031138348,0.00012946746,0.00043151662,0.0005697936,0.0009233575,0.00014350275,0.00038571534,0.0003041958,9.474274e-05,0.000986619,-7.2757495e-05,0.00012496785,-0.0002705871,0.0001413646,-0.00029413874,0.00064999063,-0.00073183706,0.00016942363,0.001103515,-0.00082222506,-0.000115409,-0.0006552499,-0.00094326417,-0.00015369226,0.00029577265,2.9115507e-05,-0.00024237022,0.00022850763,6.879899e-05,0.0001001748,-8.6679065e-05,0.001046471,-0.0009932042,2.9763054e-05,-0.0010251625,-0.00012708665,8.383501e-05,-8.710592e-05,0.0010728703,-0.000555923,-0.00034429706,0.00062221446,4.2242344e-05,-5.9016653e-05,-0.00015596888,-0.00055995845,-0.0002063599,-0.00019571875,4.467965e-05,0.00076268363,-0.0017761671,-0.00035230388,0.00032301564,-0.00028309482,0.00024226411,0.0011338424,4.6088495e-05,0.00020563019,-0.0006628586,-4.491947e-05,-0.00038069283,-0.0003371537,-3.6445574e-05,-4.234183e-05,-0.0006766633,5.995417e-05,9.6633084e-05,0.0011009732,0.0013849749,-0.00065171113,0.00022026311,0.002369361,0.0005210549,0.000669989,8.0359e-05,0.00023337865,0.0005478824,0.00013776071,-0.00039404296,-0.0011586181,0.00026776647,-0.00030545876,6.2536354e-05,-0.0012492861,0.0004847463,-0.0010944804,2.4589946e-05,-0.0005421982,-7.174012e-05,0.00083546044,-0.0007885512,0.00037365552,-0.0009870358,-0.00039184585,0.00023377017,-0.00022317837,0.00016311837,-0.00014629892,-0.00040895902,4.725378e-05,9.880097e-05,-2.7581733e-05,-0.00062197226,0.00012432765,0.00013239583,0.0005189166,-0.00089137786,7.377331e-05,-0.00026454448,-0.00011664543,0.00020424114,-7.062782e-05,0.0003485186,0.0011414364,-8.9093555e-06,4.6067275e-05,-7.675897e-06,0.00046707984,0.00011018749,-5.5591212e-05,-0.00029780995,0.00012784725,0.00041128125,-1.6194377e-05,-0.0010335234,0.00023856953,0.00055795524,0.0003004758,0.00012582932,-0.0005681505,-0.00031410094,-0.00034192353,0.0006296332,-9.348018e-05,0.00019458467,0.00025363604,0.0006545227,-0.000450392,2.7499433e-05,-0.00026990153,0.0018115733,0.00022364929,-0.0013664851,0.00092668005,-0.0004408845,-9.858886e-05,-0.0005266008,-0.00013409514,-0.00016345592,-0.0013135602,-0.00025961304,0.0007061267,-0.00055413577,0.000137944,-0.00023649611,-0.0018564657,-0.0015318041,0.3412949,7.845272e-05,0.00050369086,-6.2062274e-05,0.00078651274,-0.00078038685,-0.00020464376,0.0001831435,0.00016873743,-0.00021481406,0.0003640063,5.9113583e-05,0.0009679004,0.0006677176,0.0012464913,4.86649e-05,-0.00046130968,8.303399e-05,-5.117599e-05,4.558268e-05,0.0009371636,6.148087e-05,-0.00031586038,-0.0001474451,-7.472106e-05,-0.00040267766,0.00043521,-0.001380508,0.0009066923,-0.0006488877,-0.00032908365,-0.0011131581,0.00010736528,-4.5382694e-07,-0.00033962738,0.00014039026,-0.00034158048,0.00019350217,-0.0015008658,-0.00098568,-0.00024222607,-0.00033183827,9.4519986e-05,-0.00014455277,-0.00033306464,-0.0004125411,0.00031144192,-0.00013141146,-0.0005076143,0.00027078204,-0.0011159008,8.808555e-05,0.00090705685,-0.0006016949,-0.0014016756,0.00024575976,2.1960594e-05,0.0006431753,2.8349523e-05,0.000253062,-0.0009871721,-0.0002951108,-4.9627368e-05,0.00059158285,0.00037340194,-0.00058940053,0.00053323706,-0.00034812297,-0.00036027323,-0.00016445309,0.0018487058,0.00075284805,-0.00013843876,-0.00019611762,0.0012504869,-3.0360161e-05,-8.004207e-05,-0.00034842992,-0.00074997824,0.00064983696,0.00029029994,-0.00026898723,1.5731082e-05,0.00010198882,3.5435692e-06,0.00045608642,0.00041128855,0.0005339112,3.8217357e-05,0.00075422804,-0.00027584576,0.00047382762,-0.00076657627,0.00046780257,-0.0005078433,-0.00028521736,-0.00011155038,0.0007976552,0.00013124711,0.0001587646,0.00023777074,0.0003384758,-1.3111772e-05,-0.00018965652,-3.976374e-05,-0.00021005174,0.00034645473,0.00017676325,0.00048308595,0.00014734408,0.000108917135,-0.00021241415,0.0004719619,4.2440523e-05,0.00022019596,0.0016335007,-0.00033304282,-0.00019515502,9.981717e-05,-0.00027716896,0.00034691766,0.0008719535,-0.0009921864,-0.0007483825,0.00052991876,-0.0024738465,0.0005752859,0.00019165115,-0.0001908464
8.204529e-05,-0.0019711272,-0.00047858962,-0.0027901,0.0014729069,-0.00042155723,0.0015948557,0.0001714756,0.00087093085,-9.646838e-05,1.8478819e-05,-0.00017736744,-0.0002247499,0.00046643894,0.0009078091,-0.00030705967,0.0008757523,0.00018246988,-0.00060067786,0.00047153333,0.00060932396,0.00022585106,-0.00028551344,0.00086468953,-0.0005271019,-6.800156e-06,-0.0019216778,9.645535e-06,-0.00081707083,0.0026564559,0.001509105,0.00013782611,-0.0017014716,0.000720462,-0.0014432889,0.00089197577,0.001647975,-0.00045472372,-0.00064367685,-0.0009651633,0.00013782055,4.3616423e-05,-0.00039598413,0.00097351236,9.2240974e-05,-0.00091803167,-0.0014068477,-0.0015732932,-0.00021212029,-0.0004858977,0.00030212436,-0.00012073407,-0.0006928852,-0.0003555447,-0.00071882247,-0.0011400766,0.00044913345,0.000326526,-5.228313e-05,-0.00021709778,-0.00043805537,0.00033123625,-0.0003131972,-0.0016899694,0.0010349208,-0.00025122496,-0.0005079827,-8.132422e-05,-2.3679753e-05,-0.0007231339,0.00056962814,-0.0010248433,0.0010094816,-0.0005415974,-0.00048578595,-0.0007674378,0.0012326625,3.847119e-05,-0.00032791545,0.00077031116,-0.00036413345,-0.000516355,-0.0015680629,-0.00058560894,-0.000553829,0.0011537685,-0.0012046781,-0.0011802926,-0.00017767596,0.00026649705,-2.4106019e-05,9.338536e-05,-0.00048893574,0.00064002693,-0.00010563244,-7.306949e-05,0.00066285476,0.00067083485,-0.0010371313,0.0038390427,-0.0013911718,0.0011659459,-0.0003634058,-0.0003024616,0.0033542288,-0.001188032,-0.0026184397,-0.00016168586,-0.000108279804,-0.0011972301,0.000121313285,-0.00018673202,0.00018846439,-0.00015091884,-6.641149e-05,-0.00019762327,-0.00079386984,0.0002513631,4.1226176e-05,-0.00014191378,0.0014313901,-0.00066536776,-0.00015491043,7.205592e-05,0.00023502886,-0.00092748814,-6.30529e-05,0.0014893316,-0.00036096765,6.405941e-05,0.00027273153,-5.4183503e-05,0.00019038675,0.00074246834,-9.248416e-05,-0.00029826033,0.0003199529,-0.0011823967,-0.00019747255,-0.00043824883,-0.0002959807,0.00060145074,0.0012844888,-0.0034653211,-0.00042104567,-0.0017917753,0.00025016806,-2.4881754e-05,-0.0006100492,0.00010567189,0.0020645326,0.00029576966,0.00036495333,-0.000842467,-0.0036543685,0.0006146136,-0.0005458851,0.0031437348,-0.0013165153,0.0009913024,0.00050175015,-0.00029176002,0.0012844738,0.0020974213,-8.5284446e-05,-0.0012514358,0.0012075879,-0.0012564461,-0.00023521528,0.0032027361,-0.0019874333,5.2219348e-06,0.34118602,0.00028972066,-0.00045906834,-0.0008251678,0.0009522831,0.00094895007,0.0003192099,-0.0002226817,0.0012904366,-0.00029497652,0.000113364134,-0.0002961715,-0.00056979276,2.829762e-05,-0.00045273147,-0.00017428953,-0.0006036057,3.6421996e-05,-0.0016774931,-0.0010596327,0.00054707495,-0.00082005525,-0.00016488235,-0.00022662517,-0.0008138511,0.00024869366,0.002806115,0.0006336541,-0.00038703988,0.00052083196,-0.00022181572,-0.00088160165,-0.0001546381,0.00049218704,-0.0004628458,-0.0005652417,-0.00041193733,-0.0026289192,-0.0008946241,-0.00060445187,-0.00034109314,-0.0027330404,-0.000516726,-0.0012716022,-5.6779012e-05,-0.00048352004,0.0008129394,0.00031766752,0.00015208019,-0.0013630596,-6.828459e-06,0.00088524696,0.0012059468,0.0010537133,-0.00034633616,9.778806e-05,-0.0004157058,-7.860674e-05,0.0024664847,-0.0003046532,0.00029627743,0.00030211135,-0.0012064277,0.00015167233,0.00010106968,0.00049352896,-0.0001647595,-0.0023481355,-0.00019066577,-0.0006047481,0.0007193692,0.00040282376,0.0012242132,0.0007920259,-0.0002509475,-0.00025099257,0.00093012885,-0.000112161324,0.0013810742,6.7843306e-05,7.1335206e-05,-0.00084473134,0.0009978731,0.0008381732,-0.00075353467,-0.0012858629,0.00011741366,0.00011751733,-0.00062902167,-0.0017601561,-0.0006941386,-0.0010658208,0.0015881954,0.0013863883,-0.0008749702,0.00023609148,0.00037368992,0.00037114276,0.00018063402,-0.00017180886,0.0015711827,-0.000108261935,-2.8986924e-05,0.00033480508,0.00049517635,-0.00093489524,-0.00023011459,0.003079368,0.0006768948,0.00056223327,0.0012222116,-0.00049187493,0.000471236,0.00027335426,-0.00084804377,0.00090256345,-0.002439042,0.00027038853,-1.2749131e-05,-0.00026651283,-0.0004377559,0.00057878596,0.00010601276,-0.00067090255,-0.0011564102,-0.0011320955,0.0004975333,-0.0005546701
-0.00081119285,0.00019625595,0.0003331193,0.00066868874,0.0021950796,-0.00036069675,-0.001018226,0.0002739415,-0.00085427094,-0.00014987563,-0.00017565639,-9.350575e-05,2.640932e-05,-0.00031749654,0.00041867932,-9.1572e-05,-0.0007158507,-0.00049867405,-0.00082080957,-0.00019009256,-0.0003808823,-0.0002485861,-0.00013320656,-0.0008252,9.870151e-05,-0.00021595595,-0.0001781814,-0.00015306874,0.0003006573,-0.0007392662,5.5099026e-05,-0.000189654,-0.00087464554,0.000735914,0.0002863567,0.00037592096,0.00058885996,0.0002514374,-0.0002589846,9.731758e-05,0.00022524342,-0.00047302464,7.6594704e-05,-0.00035520238,6.309944e-05,-0.0011729329,0.00082109723,0.0001223833,0.0013264439,0.00016672535,-0.00014040698,4.6587913e-05,-0.0009167643,0.00044510313,0.0002657219,-0.00079639215,-0.00013284589,-4.9717187e-06,0.00024865544,0.0005472119,0.0002787134,0.0001735452,3.4161763e-05,-0.00033966923,0.0014461234,0.00044050353,-0.00024144257,0.0002418631,-0.00019777138,-0.0007556636,-0.00018127123,-0.00013203298,-8.0696256e-05,1.3649042e-05,0.0003644033,0.00086350203,-2.7922099e-05,-2.2236742e-05,0.0011681896,-0.00015239077,-8.938656e-06,-0.00096545747,-0.00078507524,0.00069720123,-0.00020594794,-0.0015978821,-0.00032288753,-0.0002970632,5.8198133e-05,-0.00020319971,-0.00044492155,-0.00011248975,0.00032869188,0.0012182333,-0.0002311727,0.00031321897,-0.00019492184,0.0008994012,-0.00042284798,0.0005863982,0.00016157613,0.00033812792,0.00010669143,-0.000666521,0.00031771607,-0.00024155228,0.0011978083,0.00038593775,-0.00026758175,0.00016345282,-0.00016543848,0.00014404659,0.00039539495,-4.7103174e-05,-8.309882e-05,9.146868e-06,0.0006341499,-8.6124644e-05,-0.00013207002,-0.00043280827,0.0007450564,-6.3939835e-05,0.00029161826,0.00020714098,-0.00015435019,0.0002509541,-0.00031842204,-0.0010386314,-8.257221e-06,-7.796141e-05,-1.0735069e-05,-0.00037290863,-0.00012571162,3.9229235e-05,0.00021124129,-0.00013402423,-0.00035946682,4.386708e-05,0.00055833854,-0.00010268846,-0.00032322857,-0.0004262649,-0.0004296143,-0.0006314282,0.00027494942,0.00061994157,-2.341679e-05,3.6974692e-05,-0.00016791298,-0.00022383289,-0.00068065274,0.0005468069,-8.530446e-05,9.932749e-05,-0.0014252746,-0.00016254731,0.0009380752,-0.001119026,0.000478792,0.00014530652,0.00030981205,8.188735e-05,-0.00013659851,0.0005366438,0.0003620118,-0.0005743243,0.0005030948,-0.00013098694,0.00023052756,0.0010638739,0.0012567281,0.0005890227,-6.874255e-05,0.34115916,2.0572037e-05,-0.0006657016,0.00055327645,-8.173311e-06,-0.0002444593,-1.18574435e-05,0.00010516919,-0.0003151977,-2.3850153e-05,-0.0010109951,-0.0005341518,-0.0012396236,7.238762e-05,0.0004552602,3.497804e-05,8.5751e-05,0.00027467005,-0.00072451076,-5.095285e-05,0.00025941822,0.00012096731,0.00016427872,0.0004506298,-0.0003937021,0.0010681881,-0.0011869838,0.00062559353,0.0004603313,0.0010455259,7.5382006e-05,1.8059061e-05,0.0005581297,-8.265163e-05,0.0003878577,-0.00010176784,0.0023148991,0.00075549586,0.00064518605,0.000320577,0.0007042551,0.000467733,0.00032908013,0.00045483458,-0.00020061861,8.6927204e-05,-6.2377694e-05,-0.0002700132,0.0011280203,-7.838267e-05,-0.0008945163,0.00042813693,0.0009889299,-0.0002973129,-1.3344463e-05,-0.00051577477,-6.557588e-05,-0.00030380793,0.0011195741,0.00022837544,-9.969641e-05,-0.00051910017,-0.00028707783,0.00034942044,-5.035432e-05,0.0003549375,0.0007542352,1.4411208e-05,-0.0018499487,-0.00059888716,0.00016805333,3.9394916e-05,-0.0010434904,-3.511262e-05,7.9149504e-05,3.8544254e-05,0.0006555531,-0.0006250452,-0.00015235029,0.0002669268,8.854168e-06,-8.894721e-05,6.2334526e-05,-0.00037555074,-0.00044141407,-0.00034726804,4.105144e-05,-0.0006940864,0.00018397099,-0.00041393164,0.001263388,-0.0005995662,0.00018708318,6.603045e-05,0.00013787721,-0.0007560361,-0.00015768285,8.06523e-05,-0.00018303466,-0.00044559746,-1.2646296e-05,0.00015229528,4.5280605e-05,8.532362e-05,-0.00032962367,-0.0002873904,-0.0009843317,-7.601606e-05,-0.00014878275,0.0001034952,-0.0004400842,-4.6114823e-05,-0.0002107395,-0.00081749953,-2.0157563e-06,0.00039006685,-0.00020098529,0.00018078466,-0.00031840042,-0.0008554715,0.0007515447,0.00040673706,-0.00042243212,0.0017605758,-0.00048696855,-0.00033172398,0.00059443753
0.00021055657,-0.00096281635,-0.00039827923,-0.0005180648,0.00061427616,-0.0007737264,0.0010740159,0.00022451156,0.0010083055,-1.3649494e-05,9.784945e-05,-0.0001652399,7.350384e-06,0.00044035635,0.000884603,-0.00012303266,0.00046201018,0.00040542075,-0.00034723018,0.0004476961,0.0006085554,0.0005213537,-0.00014237741,0.0009353758,-0.00043668944,-0.00030117194,-0.0025375958,0.000115826995,-0.0011137223,0.002832594,0.00037821988,0.00023537948,-0.0014728148,0.0005181427,-0.0013666908,0.0007031821,0.0010421223,-0.00034671862,-0.00040486592,-0.0008244806,4.533536e-05,-0.00057809096,1.2690297e-05,0.00076594716,8.784825e-06,-0.0011246835,-0.0018298834,-0.0015093633,-3.109099e-05,-0.0002253553,0.00021671136,4.2290896e-05,-0.00021017074,-0.00048934214,-0.0009040937,-0.002092162,0.00022005904,0.00023298792,7.02211e-05,-0.0001687666,-0.0004533828,0.00028466614,-0.00015195702,-0.001032957,0.0018131885,-0.0001665734,-0.00030765787,-3.9600218e-05,-6.73058e-05,-4.6930323e-05,0.00035178923,-0.00079008087,0.00027045325,-0.00040963627,-0.00059681624,2.2197622e-05,0.0012251538,5.807748e-07,0.00036166926,0.00076286454,-0.00033913716,-0.00014966326,-0.0014472436,-0.00048705924,-0.00053032854,0.0018094417,-0.0005531646,-0.00031703772,-0.00028302777,0.00021682068,0.00020628847,0.00016381207,-0.00045147014,0.0008447556,-7.371846e-05,-2.9294852e-06,0.0007003787,9.353477e-05,-0.0009788865,0.0033614382,-0.0011260165,0.0007087217,-0.0003427443,0.0003130528,0.0030944587,-0.0006720113,-0.0027590054,-0.00012237938,0.00032816816,-0.0012063888,0.00013780782,-4.2550106e-05,-2.0424917e-05,-0.000117772826,-5.7629964e-05,-4.686894e-05,-0.0011188295,0.00025269957,0.00021245907,-6.0405837e-06,0.000964129,-0.0005440637,-0.00011063788,0.0001847559,0.00032314306,-0.0005391264,0.00015244399,0.0015140548,-0.0002791591,0.000112509755,0.00028458005,0.00018887162,0.00017842019,0.0008713294,-0.00024281658,-0.00025806672,0.0002993345,-0.0015789395,-0.0011979073,-0.00030098172,0.00010994777,0.00061039155,0.00045878268,-0.0003445202,-0.0003362298,-0.0014189209,0.0005166903,-8.025895e-06,-0.0005125314,0.00012817828,0.0020170982,0.00038309206,0.00026204577,-0.0012814136,-0.0034105117,0.00035465512,-0.0014729005,0.0034765606,-0.001277816,0.0012104096,0.0004512011,-0.00027345627,0.0006626959,0.0006420761,-3.1756495e-05,-0.00074237265,0.0010967801,-0.0012319267,1.178808e-05,0.0025678724,-0.0024245323,-7.121627e-05,-0.00029417578,0.0003371618,0.34051958,-0.0002801686,0.00032560102,0.00029828088,8.542917e-05,0.00014231211,0.0009689421,-0.0002941745,0.00012869644,-0.0004167268,-0.00031490438,0.00011086512,-0.00033500124,-0.00025959057,-0.00056595006,-1.0230779e-06,-0.001101955,-0.0006555388,0.00047932687,-0.0007515437,-0.00016891511,-0.00020765852,-0.00078693277,0.00026664906,0.0024438174,0.00017091802,-0.00062301924,0.0007204828,-0.00014268323,-0.00029643672,-8.1755046e-05,0.0009156544,-0.00032753448,-0.0005064583,-9.639617e-05,-0.0015025481,-0.0014792713,-0.000120811615,-0.00034292744,-0.0011822649,-0.0011130157,-0.0012122609,-8.3265164e-05,-0.00034526942,0.0005285941,-0.00016856707,0.00019237334,-0.0018104987,-3.4456843e-07,0.00093420583,0.00086882984,0.0001662387,-0.00042827075,0.0001369941,-7.241127e-05,-2.4791369e-05,0.002518901,-0.0006404543,0.00025629092,4.896092e-05,-0.0009999786,0.00022798515,-0.00044422803,0.0015035087,-0.00021589096,-0.0018433185,3.169319e-05,-0.00031284164,0.0011784448,0.00014478609,0.000695579,0.0011435687,-0.00028276158,-0.0002277339,0.00032085273,-0.0001428677,0.0016157831,8.327724e-05,-5.326976e-05,-0.00062706566,0.0009249072,0.00094360684,-0.0004342231,-0.0011042333,0.0006182624,8.135631e-05,-0.00068338146,-0.0022545767,-0.00057973125,-0.00046909548,0.0014007133,0.00080656976,-0.0014212591,6.742948e-05,0.0004399711,0.00029584518,0.00075963134,-9.754827e-05,0.0015505111,-0.00013874509,-0.0001226722,0.00020068635,0.00026534506,-0.0010678957,-0.00042890836,0.0021142727,0.0006949204,0.00065029453,0.0009074074,-8.690546e-05,0.00038627777,0.00030171394,0.0006523545,0.0001248316,-0.002334747,7.8193865e-05,-4.7577392e-05,-0.00014902261,-9.677023e-05,0.000106264946,-0.0011188636,-0.00037922806,-0.0027268,-0.00048207786,0.0003751903,0.00022702452
-0.0019944138,-0.002019709,-0.0003693767,-0.005599071,0.007274189,-0.0022898687,-0.00044719887,0.0010071789,-0.0025096266,-0.00079105835,-0.0006185654,-2.6934002e-05,-0.00045218068,-0.00063450856,0.002646097,-0.00080437266,-0.0007315963,-0.0008833251,-0.0023611614,-8.005123e-05,-0.00053646945,-0.0011015015,-0.00029647432,-0.0029249792,-8.751136e-05,0.0002823235,-0.0016294306,-0.0004225324,0.0023269276,-0.00044701152,0.002602881,-0.0003645437,-0.0026582552,0.0018591135,0.00032310828,0.0012228687,0.003327143,1.1887162e-05,-0.0012738593,-0.00040293345,0.00065804925,-0.0005902463,-0.0006219483,0.0006108129,0.00015954813,-0.0049368683,0.0014514693,-0.001044562,0.0030943016,-0.00013943657,-0.00065637426,0.00019711307,-0.0039245333,0.0008388461,0.0007881549,-0.0014341098,-0.00015796715,0.00010258025,0.00040100949,0.001101282,0.0003250263,0.0012089919,-0.00019184992,-0.0016803829,0.005271175,0.0007195138,-0.0010837567,0.0007992052,-0.00050736865,-0.0026015062,-3.9999446e-05,-0.0014799777,0.0013494205,-0.00028235698,0.00077819027,-0.00077182835,9.505127e-05,0.00011401359,0.0014619124,-4.0322306e-05,-9.170788e-06,-0.0030138826,-0.0040716263,0.0012647209,-0.0012287318,-0.0020610434,-0.0020722644,-0.0024179418,1.5848784e-05,-0.0003892764,-0.0015815285,-0.00028545974,0.00065598934,0.0023916713,-0.00058183336,0.000790855,-7.358341e-05,0.0037665293,-0.0015833959,0.0025958824,-0.0008518856,0.003319578,-0.00046263548,-0.0019480648,0.0035549165,-0.0029965427,-0.00013947596,0.00057677756,0.0005877585,-0.00025881352,-0.00041676618,0.00022468467,0.0011796461,-0.00022612938,-9.7581724e-05,-0.00013606517,0.0016082575,-0.0001341326,-0.000561469,-0.0014729569,0.0033288088,-0.0004902067,0.0005139906,0.000546558,-0.0010249635,-0.00020223165,-0.0011524246,-0.00063323573,-9.038142e-05,-0.00013516059,5.8599988e-05,-0.0014882076,9.498085e-05,-0.0001276685,0.0010009606,-0.0006807759,-0.0011188078,0.0010316347,0.004918533,-0.0009059702,-0.0016601451,-0.000121860205,0.0005336332,-0.003947469,0.00036616708,-0.00023024002,-0.0007589429,0.00013919474,-0.00092230167,-0.0005907145,0.00017933617,0.00051572896,0.00046649558,0.00035678665,-0.0042583235,-0.00039032355,0.0016384069,-0.00056897773,0.00028433502,0.00048733997,4.6011926e-05,-2.5349273e-05,0.0018900317,0.00217154,0.00041778656,-0.0023327437,0.0017029034,-0.0011718083,3.6544727e-05,0.0048376736,0.0019607292,0.0012509474,-0.00017407596,-0.00051178393,-0.0001323472,0.3370008,0.0032195125,0.0010358322,-0.00022798344,-0.0011877859,0.0016305638,-0.0011474498,-8.553675e-05,-0.0030345854,-0.0017983625,-0.0022429433,-9.530914e-05,0.0011294581,-0.0004047234,3.2672215e-05,-0.0008179627,-0.002838159,0.00022497111,0.00023514623,0.00028283917,0.00014927087,0.0008677142,-0.0009888425,0.0044042906,-0.0027382656,0.0017496,0.0015396518,0.0018627314,-0.00074192823,3.4992125e-05,0.0007886896,-0.0007905584,0.00058567437,-0.0007331503,0.00079420075,0.0018357787,0.0012327932,0.0007918637,-0.003935084,-0.00022605444,0.0003895324,0.00089356856,-0.0009096396,0.0008853715,-0.00056168996,-0.0006628155,0.0022284344,-9.024434e-05,-0.00094850804,0.0019103477,0.004236337,-0.00053052325,-0.00012563248,-0.0021596907,-4.773029e-05,0.00062516064,0.0035350097,0.00061407825,-9.148926e-05,-0.0020688875,-0.00048637035,0.0012583126,-0.0013846469,0.00050782104,-0.0011717693,0.00021247259,-0.0047056098,-0.0014066433,0.0004987825,0.00266236,-0.0028641017,-6.117698e-05,8.139835e-05,0.001709092,0.0010292481,-0.0023438009,-0.00044010536,0.0007368937,-0.0006276729,0.00025563347,0.0012565447,-0.0014641332,-0.0025763644,-0.0013670048,0.00019482085,-0.001036905,-0.00052575057,-0.0010553929,-6.083369e-05,0.00037973,0.0023538938,0.0004927766,0.00035528612,-0.0015547344,-3.262554e-05,-0.0009779074,-0.0005989691,8.8144734e-05,-0.00020310865,0.00034371228,0.0002942521,0.0013235639,-0.00051527994,-0.0008465056,0.0012612693,0.00017298735,-0.00046461297,0.0011082387,-0.0013066861,0.00015701656,-0.00038212148,-0.0021159172,0.0014594473,-0.0004854872,0.00082939793,0.0007452475,-0.0011636537,-0.0030094907,0.002680927,0.0025674135,-0.0017866927,0.008532605,-0.0020350758,-0.00032810814,0.0008920559
0.0007198772,0.00084100297,0.0002382861,0.0022364731,-0.002684444,0.000870403,0.00013183746,-0.000329952,0.0010149184,0.0003882657,0.00021118275,5.847963e-06,0.00021595779,0.00020454546,-0.0010406927,0.00033900284,0.00016461458,0.00031156468,0.0007552771,2.6008343e-06,0.00017565738,0.00058170274,0.00026072667,0.001380589,9.871936e-06,-0.00010701701,0.0008384507,0.00018634081,-0.0008938045,0.0002293168,-0.0011341566,0.00011700341,0.0011596461,-0.00079450506,-0.0001423012,-0.00042923572,-0.0014093736,-5.713772e-06,0.0004930397,0.0002436555,-0.00025166018,0.000210017,0.00028676432,-0.00022456082,-7.823262e-05,0.0013872433,-0.0003948754,0.00047710122,-0.0013935425,0.00011705647,0.0002264907,-7.5155203e-06,0.0014442811,-0.00024322762,-0.00027477316,0.0004899383,-0.00010194408,-0.0001283428,-0.00012893841,-0.0003758957,-0.0002738111,-0.00045551438,0.00016685457,0.00082037854,-0.0021159924,-0.00016593214,0.00042605793,-0.00024115098,0.00015015565,0.0010745443,-0.0001022121,0.0006925923,-0.00041163043,0.00014226466,-0.00031265983,0.0003636783,-9.0594745e-05,-5.8734327e-07,-0.00039025268,-8.629697e-05,0.00013697155,0.0012071414,0.0017941223,-0.00045679623,0.0003886166,0.0010287571,0.0008201698,0.0010894792,5.4260796e-05,9.063725e-05,0.0005821994,8.273874e-05,-0.0001756045,-0.001047548,0.00026378932,-0.00023599181,-2.9398083e-05,-0.001503909,0.0006263299,-0.0014014413,0.0004311778,-0.0014132233,0.0002096274,0.0008218501,-0.0013208212,0.0012403405,0.0005294813,-0.00019076002,-0.00020351721,0.0001980452,0.00019819716,-0.000103799066,-0.00044157993,8.270553e-05,-1.4988247e-05,6.275702e-05,-0.0005624196,1.50673995e-05,0.00012103034,0.00051520555,-0.0012828726,0.00025924557,-9.6813514e-05,-0.0002657593,0.0003516843,0.0002270384,0.0004926623,0.00012554796,9.8808356e-05,0.00016572942,-0.00010702147,0.00061887316,-3.7600355e-05,5.5483633e-05,-0.00033815534,0.0002041712,0.00033970448,-0.0003492686,-0.0017722223,0.00031198986,0.0007593326,4.7990838e-05,-0.00020396673,0.0038742602,-0.00020858285,0.00014657414,-0.00035225367,-4.244547e-05,0.00041011398,0.00018379322,-0.00017142134,-0.00018769197,-0.00029903452,-9.572777e-05,0.0017916256,-1.8009869e-05,-0.0006547977,0.0001699543,2.5283687e-05,-0.0002378372,2.2521792e-05,6.4633336e-05,-0.0008758526,-0.0009846595,-0.00019859255,0.00093997904,-0.00071287336,0.00048634416,-8.3883235e-05,-0.002330723,-0.00084517547,-0.00047582944,0.00018470114,0.00014343795,9.246662e-05,0.0011015944,0.3392813,-0.00049055455,2.7668986e-05,0.00048240888,-0.00073435344,0.00039070612,1.3741945e-05,0.0011175949,0.00074410846,0.000833347,0.0001612669,-0.00043881653,0.00018873575,-3.9920496e-07,0.00046002757,0.0011644642,-5.570441e-05,4.0157312e-05,-0.00013954265,-1.7791108e-05,-0.00028811814,0.00036022635,-0.0017299611,0.0009802473,-0.00062951085,-0.00056941644,-0.000494468,0.0003874885,2.4718585e-05,-0.0002618636,0.000337066,-0.00021332767,0.00030663348,9.931569e-05,-0.000653906,-0.00045686838,-0.00021181274,0.0014095962,-0.00024707004,2.915699e-06,-0.0003036709,0.0003822259,-0.00034035035,0.00026981047,0.00018806987,-0.0012371904,3.857101e-05,0.00024249831,-0.0008393334,-0.0017228995,0.00024576182,-3.4711826e-05,0.00082654564,3.8245067e-05,-0.00023553034,-0.0014863244,-0.00020229726,2.4278186e-05,0.0008268479,0.00018745639,-0.00057409436,0.0004915974,-0.00024590892,0.00026019925,1.3001963e-05,0.0017286085,0.00048620178,-0.00021147424,-0.0009758867,0.001012118,5.610803e-05,3.0198678e-05,-0.00075508846,-0.00033779448,0.0005467396,0.0002070878,-0.0002341911,0.0003044654,-0.00020967414,-0.0005358998,0.0006189511,0.0009047073,0.00059071387,-4.1392148e-05,0.0004890153,0.0002919016,0.00041807193,0.00026563305,-0.00020368712,-0.0009878721,-0.00016359102,-0.0002174092,0.0005708094,-8.3726736e-05,0.00038987043,0.00024072413,-7.228185e-05,2.0364436e-05,-0.00021707197,-0.00013831448,-0.0005895548,0.00017306262,0.00031181707,-0.0006455655,-0.00012987998,0.00014554386,-0.0005206393,0.00047449413,-0.00013374489,0.00011043628,0.0005783792,-0.0007917451,0.0002885495,-0.00041339296,-0.00021793054,0.000427923,0.0013435575,-0.0010553172,-0.0012238224,0.0007255411,-0.0026164418,0.0009401915,7.188955e-05,-0.00030667175
-2.1384578e-05,0.0027446733,0.00046972142,0.0042680735,-0.0011834437,-0.0006479246,-0.001853623,-2.753646e-05,-0.0006577167,0.00035910177,1.0114241e-05,0.000106965825,0.00020503045,-0.0002860796,-0.00049292244,0.0002887726,-0.0011322941,7.182556e-05,0.0007649137,-0.00024126172,-0.0003538782,-0.000111459725,0.00024838667,-0.0009962557,0.00046270428,-0.00012321612,-0.00020632012,7.962733e-05,0.00072283205,-0.001641705,-0.002234615,-3.073869e-05,0.0012054674,-0.0005372031,0.0012015989,-0.0008448895,-0.0015200321,0.0004559955,0.0006943016,0.0007358821,-0.00025850095,-0.00080477627,0.00067271927,-0.0007228691,-5.1502335e-05,0.00016132146,0.00043751928,0.0011124214,0.00051256956,0.0005107877,-0.0003831615,0.000104421444,0.0008956255,3.4420224e-05,0.000251276,-0.00082593004,-0.00026131535,-0.00015538315,-8.309406e-05,0.00014806935,0.0001933348,-0.00019603873,0.0002575842,0.0016206248,0.0006312477,0.00010598002,0.0005684435,8.8470006e-05,-7.375523e-05,0.0012981372,-0.0005529789,0.00078247936,-0.0018185327,0.00047377122,0.00026492027,0.0016214867,-0.00083988206,4.4592976e-05,0.001104341,-0.0006056925,0.000218789,0.0007600692,0.00060292357,0.00044922467,0.00062047277,0.0002738522,0.0013716043,0.0017082433,0.00017530813,-0.00026325457,0.00026042046,-6.2640196e-05,0.00040473838,-4.537084e-05,6.13539e-05,3.0701314e-05,-0.00043673447,-0.00072485546,0.0007008953,-0.0025828877,0.0011183895,-0.0009623515,0.00018894716,0.00096345204,-0.0018918855,0.0011222115,0.0011573758,0.0001065502,0.0006643384,0.0007838588,-5.5661607e-05,0.00018255666,-0.00036027507,0.00012680395,1.6612319e-05,0.00013459311,0.00016540947,-0.00019188113,4.6651254e-05,0.00024199566,-0.0013424089,0.0005992495,-1.8620894e-05,0.00020829393,-0.00014804797,0.0009627327,0.00019765887,-0.00077201304,0.00038674677,-3.337782e-05,-0.00025095334,0.00044218032,-9.2024165e-05,-0.00036913948,-6.808217e-05,0.00037654646,-0.00026891753,0.00042893598,-0.00076569855,0.00038995477,0.0008770318,-0.0003664917,-0.0018316376,0.0025902502,0.0003372699,0.0015657996,0.0009382965,8.230886e-05,0.00047407625,-9.051474e-05,-0.00120175,-0.00013016119,-0.00038093168,-9.72958e-06,0.0029104117,-0.00068367773,-0.0007736705,-0.0018413702,0.0007867767,-0.00041962057,-0.000588702,0.00020140581,-0.0012791958,-0.002865431,0.00015844875,0.0012282555,-0.0008122103,0.0007233969,0.0005700713,-0.002386349,0.0010781925,2.1352153e-05,0.00034340363,-2.6318197e-05,0.00029052352,0.0010352931,-0.0011116982,0.33931524,-0.0004535774,0.00046171964,-0.0010698345,0.00013885183,-0.0001047358,-3.5972364e-05,0.00059313385,1.7459413e-05,0.00040009798,1.558742e-05,0.00046256624,2.2748161e-05,0.001861363,0.00097518554,-0.00044735253,0.0006630371,8.2867366e-05,0.000106615895,0.0007106084,-0.0001186793,-0.0021898146,-0.0008597819,0.00010157871,-3.227334e-05,0.00022029554,0.0012558216,0.00015404845,0.00021386344,0.0004593092,0.00041090013,0.0007043496,0.0028221824,-0.00027745968,0.001111564,0.00014476945,0.0034369028,-0.00015701159,0.0008196156,-4.098625e-06,0.00051162374,-0.00071980973,-0.0012952087,-5.28546e-05,0.0008998035,9.438596e-06,-0.00044432477,-0.0011206481,-0.0013452054,0.00018825132,-0.00011201864,0.000583235,5.4152846e-05,-0.0018262423,0.00014550096,-0.00024517422,-0.00038487927,0.00096045213,-0.00014652754,-0.0006342221,0.0009550908,1.31654e-05,0.0021227351,0.0002208082,0.00043227948,-3.9895567e-05,-0.00050533697,-0.0012096098,-0.0002793648,0.0001240322,0.0001697526,-0.0012252732,-2.0214784e-05,-0.0005286447,0.00013881549,-9.47916e-05,0.0007248363,-0.00063752214,4.4175362e-05,0.00076133246,0.0009031072,0.00037168342,-0.00015371335,0.00023395555,0.00024857454,0.0006236256,0.0014710209,-0.0011502897,-0.0015290179,-6.036257e-05,-0.0003108007,-0.0001362797,-0.00035223016,0.00053729385,0.00034441482,-0.0010167139,3.52998e-05,1.0854135e-05,-0.0003108449,-0.0004800428,0.00046828864,8.608348e-05,-0.002846915,-0.00037291693,-0.0002829968,-0.0011014425,0.0008708635,-0.0004420944,-0.00013277058,0.0031178875,-0.0014160665,0.0016615909,-0.0002804438,-0.00012936356,0.00030128643,0.00034272115,-0.0007809012,-0.001175567,0.0006775603,-0.0009170278,0.0013524867,-0.00045935743,0.0015454512
-0.0012895843,0.0019563788,0.0006437345,0.0024232594,0.002236349,-0.0014470471,-0.0025707134,0.00045938452,-0.0020422628,-0.00022866212,-0.00028942627,0.00010733327,0.00015441825,-0.00076103327,0.00054208754,-1.572783e-05,-0.0018073721,-0.0005620479,-0.0005959187,-0.00041338557,-0.0007996555,-0.0006641834,0.000119995726,-0.0027167192,0.00048830983,-0.00010313076,-0.0006061229,-0.00018058273,0.0017678301,-0.0024061156,-0.0011576636,-0.00027022895,-0.00032961872,0.0005806157,0.0015307558,-0.00022173721,-2.8828734e-05,0.0006756235,5.509192e-05,0.0006669422,0.00012554543,-0.0011746527,0.00048463384,-0.000787067,3.9730396e-05,-0.002088885,0.0017178765,0.00086749654,0.0024458838,0.00063765736,-0.0006668805,0.00018961285,-0.0010824876,0.000684755,0.0007547742,-0.0014203017,-0.0005172784,-0.0001868972,0.00018911719,0.00088537193,0.0005718868,0.00029327933,0.00020220716,0.00095412147,0.0031990868,0.000547142,9.579037e-05,0.0004973925,-0.0003510989,-0.0001348336,-0.00063134654,0.00026816566,-0.0011857274,0.00031205636,0.0008163567,0.0016991537,-0.00091828377,6.269134e-05,0.0022561627,-0.0006912151,0.00017110261,-0.00091886334,-0.0014532051,0.0013340273,6.311116e-05,-0.0016999101,0.00046055592,0.0006247213,0.00011751169,-0.0005250845,-0.000590041,-0.00030493148,0.0008200917,0.0014632676,-0.00028670896,0.00049310725,-0.00066577975,0.0010758061,-8.540362e-05,-0.0011080914,0.0009566918,0.0005084114,0.00016871298,-0.00018925997,-0.0008220424,-8.928182e-05,0.0021148627,0.00062245387,0.0007338898,0.0009174964,-0.00031472472,0.00024226925,0.00029963494,4.3476342e-05,2.447017e-05,0.00014296317,0.0011993381,-0.00032067503,-0.00024262097,-0.0004924595,0.00020700264,0.00039942146,0.00034738585,0.00044956684,-0.0006007177,0.0010928137,-0.0004975645,-0.0018219245,0.00036231952,-8.414007e-05,-0.00021469752,-0.000454068,-0.00015012822,-0.00046491474,0.000412101,4.6975663e-05,-0.00092241,0.0009500676,0.0015483384,1.8160208e-05,3.5859954e-05,-0.0007673609,-0.0019385881,0.00208535,0.00072222936,0.001951468,0.00040362863,0.000115254305,4.5463148e-05,-0.00041425863,-0.0016978269,0.00034033175,-0.00018144198,0.00031429928,0.00067928,-0.00090847554,0.000628323,-0.0029274197,0.0013102385,-0.00028720175,-0.0003672565,0.0002870122,-0.0006973472,-0.0019906636,0.0005264359,0.0002270638,4.1909196e-05,0.00034645927,0.00077561446,-0.00011048413,0.0027291975,0.00079344993,0.00028876984,-0.0005514291,0.00033230495,-0.00040049758,0.00040592486,-0.00093666447,0.34068072,-8.795109e-06,-0.00051030004,-0.0003705481,-0.00016795377,-0.0015699256,-0.00036061427,-0.0015432503,0.00038562002,0.0006781216,0.00034560138,1.8538236e-05,0.0017335484,-0.00049792486,-0.00041102106,0.0009028511,0.00037248924,0.00025597395,0.0012930023,-0.0007153988,2.4178502e-05,-0.0025798676,0.0011383069,0.0006572572,0.0015578058,0.00095316354,8.3780484e-05,0.0007407184,0.0002005923,0.00089416467,0.00017664918,0.004573161,0.00094484614,0.0019352734,0.0006521553,0.0023979805,6.758986e-05,0.0012974658,0.0005237089,-2.9287941e-05,-0.0003379388,-0.0013474697,-0.00043670542,0.0024574872,-6.0849834e-05,-0.0014353793,-0.0002054623,0.00087129977,-0.00013313523,-0.00013108908,-0.00047153293,2.209038e-05,-0.0019265815,0.0022266614,0.00020976065,-0.00048131205,-7.306735e-07,-0.0005017787,9.7026925e-05,0.00015918622,0.000442219,0.002193744,0.0004108917,-0.002316931,-0.0009951312,-0.00018326515,-0.0002622071,-0.00202375,0.00014143073,0.00028953617,-0.0005195417,0.0007953349,-0.0019408017,-0.00019416667,0.00029977798,0.00057458103,-0.00075086043,0.00034586404,5.6984638e-05,-0.00013902865,-0.0004210962,-4.8331123e-05,-0.0004715782,0.00038412854,8.902192e-06,0.0022536889,-0.0014510697,-0.0005291923,0.00032319396,-0.00018649567,-0.0012196478,-0.0004986986,0.00011836837,-1.1008227e-05,-0.0014796659,3.519918e-05,0.00021166209,-0.00022676008,4.708258e-05,0.0001546228,-0.00043098954,-0.0030803045,-0.0004289775,-0.0005517459,-0.0006594616,8.132495e-05,-0.00044994097,-0.00041265402,0.0015043342,-0.0008307099,0.0018991716,-8.3960374e-05,0.00025491975,-0.00026079887,-0.0012979893,0.0007148427,-4.4658213e-05,-0.0001888819,0.0033604004,0.00027314102,-0.00077512447,0.0020663727
-0.0002288644,-0.0011202877,-0.00016346575,-0.003049582,0.0010596891,-0.00024628497,0.0005587131,0.00013381602,-0.00059638446,-0.0002620749,-0.00011289022,-2.2584e-05,-0.00019714635,-9.452011e-05,0.00038091457,-0.00023637396,0.00028860016,-0.000120860685,-0.00028553067,-5.128512e-05,-5.191481e-05,-0.00031937362,-5.029215e-05,-0.0006078371,-1.8168776e-06,0.00025758313,0.0005854962,-8.696717e-05,0.00079612393,-0.0003685529,0.0011932132,-0.00013322766,-0.00017616393,0.00010923005,0.00016698132,9.286296e-05,0.00080482743,-0.00013248918,-0.000315477,-0.00014629721,0.0001314948,0.00039631175,-0.00038748418,0.00022606443,8.845499e-05,-0.0007589904,0.0004998669,-0.00016956058,-3.6552283e-06,-0.00016349649,-9.859589e-05,2.5557285e-05,-0.0008339339,0.0001940925,0.00028795167,0.00088327134,-9.1104455e-05,4.5506007e-05,2.8042805e-05,5.471537e-05,3.3680808e-05,0.00024636518,-9.54032e-05,-0.0003146865,0.00016823906,0.00011539336,-0.00025845232,0.00011122505,-1.5060965e-05,-0.0006464565,0.00011555147,-0.00028336296,0.0008339678,-8.846099e-05,0.0002154182,-0.0012004301,-0.00016854097,-4.640202e-05,-0.0007187758,-4.7332727e-05,-6.920377e-05,-0.0005400859,-0.00085964234,8.3358376e-05,-0.0003563567,-0.0007590976,-0.00054905994,-0.0008930399,5.4239776e-05,1.3397458e-05,-0.00031489422,-7.017378e-05,6.6557695e-05,-0.00021198386,-0.00014316014,0.00013098471,-1.1232344e-05,0.00083306263,-9.702492e-05,-0.00012614696,-0.00024676046,0.0007995992,-0.0001527854,-0.00050258473,0.00014068933,-0.00075503666,-0.00011788202,-2.4515433e-05,0.00020073302,5.356349e-05,2.7705141e-06,1.4487556e-05,0.00028473194,-6.0738366e-06,3.3978147e-05,-3.6382688e-05,0.0004637783,-9.581796e-06,-0.00016164566,-0.00026442623,0.0005935246,-0.00011741035,-2.1920769e-06,-3.8281454e-05,-0.00028749727,-0.00023631185,-0.0002381668,6.875806e-05,-4.8650963e-05,-6.260356e-05,3.8598366e-05,-0.00042599428,5.468556e-05,-0.00024807028,0.00028677916,-0.00013283265,-0.00015356597,0.0006737061,0.0018694883,-0.00017159736,-0.00065198576,-7.531986e-05,0.0005731458,7.04343e-05,4.3919175e-05,-0.00028222246,-0.00070083764,2.5468786e-05,-0.00013977155,-4.6535708e-05,8.625155e-06,-0.00028073776,0.00021310765,0.0005019297,0.000112449685,6.4714164e-05,0.00072240987,-0.00020184423,9.622946e-05,-0.00019118983,-0.00014626764,-1.6552847e-05,0.00075869384,0.00069527177,-0.00011584943,-0.00045942242,4.42219e-05,-1.8533074e-05,-0.00019479437,0.0007089222,0.00062409556,0.000100061494,-5.8499452e-05,-6.934631e-05,1.9417774e-05,-0.00064221316,0.0007944552,0.00052323414,0.0001758629,0.34044233,0.0004237535,-0.00013016231,-3.3842407e-05,-0.00029352575,-0.00032201802,-6.190454e-05,-7.3979565e-05,0.00022693876,-9.2284215e-05,3.5893652e-05,-0.00042204803,-0.00048516758,3.255508e-05,-1.4557283e-05,7.245459e-05,-1.838717e-05,8.386543e-05,-0.00016181236,0.00047191908,-0.00014556393,0.00038956126,3.752431e-05,-4.066033e-05,-0.00045512404,-3.0054282e-05,-0.00042767485,-0.00020699849,5.1473322e-05,-0.00021181966,-0.0010598606,0.0006680908,-0.00021303985,0.000107222426,-0.0019898661,-0.0001271008,9.211445e-05,6.96964e-05,-0.00014541039,6.414903e-05,0.0003409072,-0.000103405,0.0004909447,5.006144e-05,3.2905147e-05,0.0003270424,0.0010137252,5.7989473e-05,1.3328132e-05,-0.0004918593,2.0147707e-05,-0.00016125718,0.0005168762,1.0034455e-06,8.607203e-05,-0.00027109476,4.9517992e-05,0.00048956246,-0.001007946,6.854058e-05,-0.0005570292,9.1669506e-05,-0.00044009957,-0.00044606093,0.00010741723,0.0007775317,-0.00067252864,4.7094865e-05,-2.5587085e-05,0.00063356163,7.6542665e-06,-0.0009128173,-0.00011195944,0.00015887678,-0.00017023414,5.9331996e-06,-5.0648632e-05,-0.00027407642,-0.00028147397,-0.00049866765,5.0789644e-05,0.00029838659,0.0004959272,-7.172211e-05,-0.0011133254,0.0002272962,0.000733918,0.0005952069,9.431168e-05,-0.00024380744,0.00011425227,-0.00067998905,-0.00019388381,5.1968378e-05,-4.8240214e-05,4.7080528e-05,6.469404e-05,0.00040420573,0.00026414488,4.955197e-05,0.00083953026,-2.918815e-06,-0.00021554883,0.0002312209,-0.00026338742,5.502206e-05,-4.9612037e-05,-0.0011849628,0.00074028596,9.635861e-05,0.00042727843,0.00017341145,-0.00021870738,-0.00046342323,0.0005099803,0.0012969481,-0.0003790418,0.0025564008,-0.00057406357,5.9327915e-05,-0.0005228763
0.0002933549,0.0017369139,0.0005483102,0.0035412482,-0.0026189487,0.00092913996,-0.0010412432,-0.00037642874,4.1128274e-05,0.00027502116,9.6203614e-05,9.195369e-05,0.00026983526,-0.0002902768,-0.0014843795,0.00046007373,-0.0005016435,-3.074435e-05,0.00081026147,-0.00046308796,-0.00044638256,0.00015651752,0.00040748197,0.00027793366,0.00045615266,-0.000109196815,0.0022711193,7.634075e-06,-0.00022445807,-0.0017637956,-0.0016264414,-6.98531e-05,0.0017786891,-0.0008881161,0.00086331007,-0.00083477574,-0.0020274539,0.0004150766,0.00076976547,0.0008594904,-0.00017809811,0.00024571223,0.00044613177,-0.00082610466,-3.759135e-05,0.0017655998,0.000987556,0.0015665699,-0.00069918955,0.00021548849,-7.182424e-05,5.4779972e-05,0.0014152147,0.00018698002,0.00044830595,0.0010587926,-0.00029017645,-0.0002526607,-0.000158036,-8.768693e-07,0.00016242982,-0.00058790605,0.0003513194,0.0015670612,-0.0019235987,-3.361499e-05,0.0005743317,-8.747761e-05,6.957927e-05,0.00097635295,-0.00044864655,0.0011970164,-0.0008310463,0.00045965184,0.00023372886,0.00085881824,-0.00094293756,2.7949773e-05,0.00010165578,-0.00056273746,0.00028419582,0.0009922817,0.002047737,0.00017440873,0.00066874624,-0.00085814047,0.0012709621,0.0014118411,0.000103990365,-0.0002143792,0.00032015177,-5.1129977e-05,0.0003438043,-0.0011252011,0.00017678333,-0.000165491,-0.0006199253,-0.0013469352,0.0011336321,-0.0033637832,0.0013423716,-0.0018575974,0.00048724544,0.00065797125,-0.0032398317,0.0017580834,0.0023837162,2.038683e-05,-0.00034211355,0.0010846161,-9.000247e-06,1.869332e-06,-0.00037061278,0.00018350435,0.00013021313,6.4372354e-05,0.00025589162,-0.00021959469,-3.8911603e-05,0.00038245987,-0.0018590273,0.00063930295,0.00016168565,-0.00028633984,5.3679567e-05,0.000773046,0.00027569244,-0.001293874,0.00034823176,0.000122244,-0.00022674572,0.00036702177,-0.00020876275,-0.0004782038,-0.00012693454,0.00037278907,-7.164167e-05,0.00057538325,-0.0010690787,0.0005086305,0.0007002551,-0.000588521,-0.0010391946,0.0035705497,0.00020425297,0.0014537788,-0.00040961042,1.9835488e-05,0.00066475186,-3.2563948e-06,-0.0017238494,-0.0002326325,-0.0004572404,0.00069309276,0.0031851197,-0.0004420446,0.0001336221,-0.0023339216,0.0010315421,-0.0008274362,-0.00016601916,0.00027054021,-0.0015215122,-0.0015381724,5.1661573e-05,0.0013685554,-0.001267789,0.0012644592,0.00016935819,-0.0032266164,0.0013213143,-0.00020168704,0.00040753413,-0.0001956645,0.00044077594,0.0012625334,-0.0016227153,-0.00090598443,-0.00020984681,0.0004802016,0.33935693,0.0004482552,-9.5271345e-05,0.00095496816,0.0007864351,0.0003372118,0.0004781616,-8.308077e-05,0.0005906345,6.169198e-06,0.0014207917,0.0013821266,-0.00043510358,0.0006758086,8.762733e-05,0.00022983995,0.0005473141,-9.666945e-06,-0.0031417555,0.00037331495,-1.8652827e-05,-0.00084954564,1.3923516e-05,0.00085928175,0.000112322436,-0.0005860062,0.0005807446,0.00025279052,0.00042299277,0.002061068,0.00036117362,-3.7877428e-05,0.000103593586,0.0030008936,0.0004328023,0.00095604314,-0.00011611652,0.00042420274,-0.0007672595,0.00024492957,-1.0880346e-05,0.0003623898,-1.0057604e-05,-0.00065133715,-0.0013168603,-0.0016990538,0.00039554384,-0.0001212351,0.00077234715,7.17658e-05,-0.0020222445,-0.0007999441,-0.00023866541,-8.645179e-05,0.0013457965,-0.00013640476,-0.00029998715,-0.00024619375,0.00010234466,0.0019283874,5.068848e-05,0.001343181,-0.00037210566,-0.0004036985,-0.0016008299,-8.441714e-05,0.000255839,0.00022380795,-0.0011377202,5.7401332e-05,-0.00061718904,7.168609e-05,-0.00018579335,0.000873451,-0.00089740334,-0.0009895952,0.00088490656,0.0015602779,0.00021906091,-0.00014228464,0.0005603634,0.0015765184,0.00072472903,0.0012094928,-0.0014425098,-0.0016301365,0.0006301414,-0.00024488146,-2.6649659e-05,-0.00035080183,5.4506818e-05,0.00021793129,-0.0012385034,4.3322143e-05,-4.097715e-05,-0.00038633763,-0.0007811199,0.00074928853,0.00041980692,-0.0026084336,-0.00066541333,-0.00031283562,-0.0011812206,0.00057334825,-0.0004742564,-0.00017838081,0.00063070445,-0.0010367152,0.0019170407,-0.00052503607,-9.719524e-05,0.00044671458,0.0011228254,-0.0009143976,-0.0006793716,0.0008920582,-0.00071741757,0.0013656885,-0.00035992547,2.138238e-05
-0.0013413752,0.000538069,-9.412504e-05,-0.0005411985,0.0044791503,-0.0022422366,-0.0014802214,0.0007635413,-0.0018381918,-0.00043584695,-0.0003495915,0.00011057626,-0.00012998377,-0.00038622192,0.0019813268,-0.0003836964,-0.0012148902,-0.00033317902,-0.0011794587,-5.9449598e-05,-0.00032661992,-0.00068391993,-7.248914e-05,-0.002222905,-3.2172593e-05,-1.0141985e-05,-0.0025906523,-0.00027461458,0.0018670912,-0.00048530794,0.00016673395,-0.0002063119,-0.0015974788,0.0011195857,0.00060047954,0.00042218456,0.0016055998,0.00025096696,-0.00054965407,-6.671228e-05,0.00028283996,-0.0012413169,8.045409e-05,0.00010596013,5.361793e-05,-0.003924527,0.0005020947,-0.0005453801,0.0027203867,0.00024897512,-0.0006587177,0.00014502018,-0.0022222796,0.00033715056,0.00028347448,-0.0024420717,-0.00030098247,-2.664925e-06,0.00019959743,0.00076396606,0.00023991845,0.00080088736,1.6292235e-05,-0.00025618923,0.0048330594,0.0003148768,-0.0004683007,0.0005775782,-0.0004227974,-0.00075611647,-0.00019381825,-0.00078216917,-0.0005205009,-6.417887e-05,0.00050361705,0.000850124,-9.621668e-05,0.00010296601,0.0022758183,-0.00016460051,-6.88597e-06,-0.0016975176,-0.0026648825,0.0009982643,-0.00053932064,-0.00032583464,-0.00074137136,-0.00048434307,2.8459826e-06,-0.00034685837,-0.00081428065,-0.0002576573,0.0005208681,0.0021369988,-0.00034694673,0.0005798084,-0.00014377048,0.002067474,-0.0010045436,0.0012482858,-0.00022812479,0.0019651395,-0.00034703143,-0.0005287057,0.0022866034,-0.0015761977,-0.00018586715,0.00040230295,0.0010126818,-0.00017988744,-0.00026459133,0.00023537094,0.00058086996,-0.00010944162,-9.909536e-05,1.4025951e-05,0.000826192,-0.00010961713,-0.0002551863,-0.0007711617,0.001689941,-0.00013935285,0.00035195044,0.0006418986,-0.00067720533,0.00038750406,-0.0006478209,-0.00033324023,0.000116712625,4.137149e-05,-6.695942e-06,-0.0006262788,7.8218e-05,-1.6561984e-05,0.00049395877,-0.0002565716,-0.0007786863,0.00039230532,0.0024011068,-0.00038607046,-0.0004836107,-0.00012517284,-0.0008629837,-0.0015285844,0.00036222316,0.0004910314,0.00051439565,8.8565124e-05,-0.00050605374,-0.00041278618,4.2982203e-05,0.00044791718,0.00019385519,-0.0003513086,-0.0021828671,-0.0005855614,0.00013584396,-0.00061607757,0.00025957165,0.00054534187,-0.0003277042,-5.7343743e-05,0.0006436033,-0.0006748635,0.0005354868,-0.0011312418,0.0010912908,-0.000786972,0.00043024967,0.0025466362,0.0010385948,0.0008525354,-2.359847e-05,-0.00021098569,-7.5928634e-05,-0.0014075438,0.0015748251,-0.000126138,-0.00045848338,-0.00042270598,0.0006933246,0.34007356,-5.7478337e-05,-0.0023166994,-0.00091606023,-0.0014804609,0.0001000092,0.0007910697,-0.0001144898,1.626288e-05,0.00040512884,-0.0015169716,7.6119955e-05,0.00031483962,0.00016781971,0.00015242567,0.0007618155,-0.0006720906,0.0026761452,-0.0026780537,0.0010138303,0.0013758322,0.0014110785,0.00030021035,8.040057e-06,0.0011384458,-0.00032612184,0.00047515205,-3.7569866e-05,0.0022126196,0.00051154883,0.0018004123,0.00050492905,-0.00057467836,-0.00046425604,0.00026423784,0.0005555118,-0.00030329142,0.00045268078,-0.001589606,-0.00035686148,0.0016306576,-0.00010905657,-0.00059990166,0.00084999244,0.0019958068,-0.00044447466,-0.000110070054,-0.001083977,2.9385672e-05,0.00015755887,0.002534373,0.00034679112,-0.00033378467,-0.0011528129,-0.00032770404,0.00015760626,0.00042053827,0.0002901088,0.0001402329,0.00027339073,-0.0030772588,-0.00039339965,0.00014292171,0.0011690708,-0.0016671933,-7.449619e-05,0.00010449116,0.00044397436,0.0005901647,-0.0014789149,-0.00015891161,0.00037889453,-0.00017651235,0.00014685534,0.0013558443,-0.0006293446,-0.0017008786,-0.0003937131,6.625952e-05,-0.0008214801,-0.0011284951,-0.00052389794,0.0011711068,2.143558e-05,0.000847202,-0.0003251587,0.00012253264,-0.0009782113,-0.00021279784,4.1576848e-05,-0.00019626884,-0.00015324699,-9.7618766e-05,0.00015251363,7.7946985e-05,0.0006502639,-0.00047051345,-0.00071215356,-0.00060576765,0.00018141682,-0.00026778877,0.00035370578,-0.00035731934,-2.375105e-05,-0.00019344306,0.0012731386,-1.6492115e-05,1.02865215e-05,0.0004392037,0.00036093345,-0.0006172774,-0.0019797054,0.0013088026,0.0003881855,-0.0008850538,0.0038239323,-0.0006987413,-0.00037693934,0.00199141
-0.0006042511,0.0011168205,0.0004571762,0.000939713,0.00037832244,0.00011717356,-0.0014881236,7.575816e-05,-0.0013025724,-0.000118277196,-0.00013770712,0.00018634414,0.00010520248,-0.00060301676,-0.00041458348,0.00013057364,-0.00092872966,-0.00046594747,-7.3164636e-05,-0.00040646052,-0.0007279962,-0.0004713722,0.00020591544,-0.0014325253,0.0004521584,6.105565e-05,0.0016182166,-0.00021158927,0.001247104,-0.0026374701,-0.00062439713,-0.00022013551,0.0007810746,-0.00014328386,0.0012915088,-0.00045608066,-0.00064402184,0.00043595064,0.00037737854,0.00083691074,5.877328e-05,-3.17958e-05,0.00018697543,-0.0008368454,3.730058e-05,-9.523921e-05,0.0018666893,0.0011867399,0.0009097697,0.0003163964,-0.00036966114,0.00014406163,-0.00023991773,0.000573086,0.0007947027,0.0009611228,-0.00030994476,-0.00029591104,-5.241375e-06,0.00045386355,0.0004168157,-0.000104352745,0.00018328815,0.0010370761,-5.6618803e-05,0.0004097685,0.00027788177,0.0002554597,-0.00011564847,-6.078335e-05,-0.0004807189,0.00063573325,-0.0004864331,0.00040030672,0.00065320806,0.00057428394,-0.001075988,-4.9978025e-05,0.0006483996,-0.0007083542,0.00029105516,-0.00028554798,0.00063036464,0.00081206654,0.00023364027,-0.001848565,0.00053383806,0.00042419398,0.00020043978,-0.00037304763,-0.00034405375,-0.00019961598,0.00065213075,3.658879e-05,-0.00010430967,0.00021649714,-0.0007393645,0.00032179372,0.00057401997,-0.0025050407,0.0011075223,-0.0003225528,0.00031352768,-0.00022036483,-0.0022709647,0.00046750714,0.0025703881,0.0003498197,-6.6611537e-06,0.0011033093,-0.00022278634,0.00019911716,0.0001820616,7.001486e-05,4.5783836e-05,9.6824915e-05,0.0011604398,-0.00028930602,-0.000217835,-0.00018333842,-0.00055516773,0.0004963124,0.00034037724,8.006682e-05,-0.00041215427,0.000778192,-0.00027872712,-0.0017257535,0.00032577562,3.5902085e-05,-0.000267113,-0.00025174927,-0.00018433735,-0.0006706371,0.00029979908,0.00018609097,-0.0005836348,0.0012267728,0.0013994016,0.00021717802,-0.00013948967,-0.000626287,-0.00096302223,0.0018784907,0.0005266281,0.001591109,-0.0007441956,7.0772614e-05,0.00037859695,-0.00023971568,-0.0019168046,-7.74322e-05,-0.00027505212,0.0009248039,0.0025975737,-0.0006514695,0.0012820009,-0.0032102275,0.0013215464,-0.0008257313,-0.0003275213,0.0002958874,-0.0006537222,-0.00086463476,0.00019025015,0.00051549776,-0.00068258133,0.00088147674,0.00019455625,-0.0019556757,0.0026035386,0.000352135,0.0003358374,-0.00048412918,0.00044454297,5.1487936e-05,-0.0001656171,-0.0005575107,-0.0003283228,-4.129136e-05,-0.0008341337,2.9163723e-05,0.34089392,-0.00034906893,8.8055895e-05,-0.0006487979,0.00038469795,0.00039539346,0.0005180377,1.490148e-06,0.0013051376,0.0002255594,-0.00042009665,0.00092763896,0.00024857203,0.00024207414,0.0010037832,-0.00041703216,-0.0013864478,-0.0012533055,0.00080345327,-0.00023516284,0.00070190465,0.0006073215,5.6647103e-05,-0.0002728385,0.00029161363,0.00063902023,0.00010797731,0.002761753,0.0013838469,0.00071073225,0.0005304395,0.001696814,0.0007664929,0.0012402515,0.00026819186,0.00021328425,-0.0004895979,-0.00021358869,-0.00030495165,0.0019337515,6.5519102e-06,-0.0011222558,-0.0006037354,0.00014825533,0.00019622495,-0.00014849535,-0.00011884119,1.962563e-05,-0.0022795503,0.0010624166,-6.0880182e-05,-0.00022158858,0.0006093512,-0.00030907252,0.0002937966,-0.0009794335,0.0003168329,0.0018623113,0.00014395629,-0.0006080842,-0.0011432158,-0.00021865874,-0.0006365312,-0.0014811985,0.00022430798,0.00030221153,-0.00041194426,0.00044602825,-0.0017664768,-0.00019538363,0.0001433256,0.00066915824,-0.00088295137,-0.00059214566,0.00030580195,0.0006162172,-0.0005193084,-8.483853e-05,0.0003104044,0.0016516926,0.00034413484,0.0010497919,-0.0014372212,-0.0007256024,0.0010004011,-0.00018947553,-0.00074350415,-0.00041126687,-0.00039291027,1.9882686e-05,-0.0015266299,7.741447e-05,0.00012377059,-0.00027381993,-0.00028169889,0.0006985929,6.6618218e-06,-0.0024404076,-0.00065208273,-0.00061197503,-0.00082408893,4.0113246e-05,-0.00045799368,-0.0003454078,-0.00026247316,-0.00038533518,0.0021833114,-0.0001324146,0.00010749227,2.0137675e-05,-0.00026857815,0.00018428727,0.00065042597,0.00017111296,0.0032062978,0.00045823478,-0.00053578126,0.0004511368
-0.0015286565,0.0001556149,-1.8451854e-05,-0.0014626073,0.004505997,-0.0021217368,-0.0012564287,0.0008384196,-0.0020755136,-0.00035287824,-0.00044674438,5.240535e-05,-0.0002730218,-0.0005588657,0.0019234847,-0.00046052586,-0.0012594998,-0.0005567075,-0.0013947426,-0.00013243125,-0.0005008333,-0.0007768641,-0.00012946893,-0.002353954,7.479745e-05,8.717419e-05,-0.0021440831,-0.00029451918,0.0019207876,-0.0007560265,0.0005383948,-0.00024630633,-0.0017641291,0.0012304444,0.0006615996,0.0005162617,0.0018704539,0.0002419189,-0.0006656295,-2.3049892e-05,0.00040323258,-0.0011562424,-3.3863158e-05,7.1936556e-05,7.97776e-05,-0.0035740153,0.00095507904,-0.00046355423,0.0028112172,0.00014719351,-0.0006570054,0.00022534106,-0.0024463662,0.000571861,0.0005321644,-0.0018766284,-0.0003094534,4.691684e-05,0.00030488783,0.00092727435,0.00034850137,0.0008694549,-8.673086e-05,-0.00049050595,0.0045387405,0.00044976626,-0.0006152878,0.0005939685,-0.00047374816,-0.0010671531,-0.0002764253,-0.00082408474,-0.00022587655,-6.132458e-05,0.0006017154,0.00057311216,-0.00014200278,0.000115382594,0.0018863899,-0.00027126918,0.00015813568,-0.0019071043,-0.002886133,0.0011398416,-0.00058710284,-0.00059907837,-0.00087255635,-0.0007592676,7.465858e-05,-0.00042049424,-0.0010052458,-0.00029030864,0.0006430367,0.0020564352,-0.00040589963,0.0006324457,-0.00020555369,0.0022169687,-0.0010359186,0.0014075444,-0.00019085173,0.0021111104,-0.0003323675,-0.00084534945,0.0020531756,-0.0017038018,1.5348143e-05,0.00041908104,0.0009322015,1.01704645e-05,-0.00032903388,0.00030212168,0.0006638872,-0.00014218465,-4.889129e-05,-4.4281867e-05,0.001075114,-0.00014719607,-0.0003429877,-0.0009555048,0.001972012,-0.00014378908,0.00042535688,0.0005743836,-0.0007431455,0.00036789646,-0.0007543083,-0.00049172726,0.000102716745,-9.145727e-05,-8.7838445e-05,-0.0008317411,4.136185e-05,-0.00011153007,0.0006395487,-0.00035309835,-0.0009279194,0.000669762,0.0028468356,-0.00056283356,-0.0006035629,-0.00019502199,-0.0006575465,-0.002049996,0.00045637507,0.00051351835,0.0002847569,0.000119372395,-0.00053582067,-0.00047974518,-0.000112968315,0.00046120287,0.00019121286,-0.00012403863,-0.0017962056,-0.0006702821,0.00029607886,-0.00079292496,0.00041500392,0.00041591545,-0.00026486846,2.4704523e-06,0.00070602715,-0.00011080091,0.0003785761,-0.0012072779,0.001102432,-0.00074103364,0.00031006057,0.002333249,0.0014549567,0.0009322856,-1.3849096e-05,-0.00036592106,-3.863573e-05,-0.0016861336,0.0017878382,-1.9236937e-05,-0.0004404629,-0.0005451612,0.00076260633,-0.0008796079,-7.424493e-05,0.33781245,-0.0011002474,-0.0017065547,5.929404e-05,0.0008288838,-0.00018672878,4.834428e-06,0.00033683737,-0.0017059557,-7.0475826e-06,0.00042455207,0.00031915656,9.93312e-05,0.00087653403,-0.00081382535,0.0025861922,-0.002684071,0.0012461374,0.0013584937,0.0014155753,0.0001793275,3.1829673e-05,0.0010425363,-0.00036607377,0.00051716546,-0.00025222925,0.0021039129,0.00080973946,0.00173329,0.000636114,-0.00082363153,-0.00037868955,0.0005014275,0.0007270809,-0.00036162496,0.0005275286,-0.0013878328,-0.0004995486,0.0018245735,-9.8349265e-05,-0.00084020424,0.0010002268,0.0024403878,-0.00045273718,-0.000102616825,-0.0013178244,-6.1423357e-06,-0.00015654042,0.00274706,0.00030363453,-0.0003035095,-0.0012532137,-0.00043569723,0.00040153705,7.076421e-05,0.0004437716,8.120594e-05,0.00030741078,-0.003328762,-0.00081017276,0.00011351539,0.0014111008,-0.0018800783,-3.597487e-05,0.00012589534,0.00057589327,0.0007101244,-0.001766006,-0.0002360375,0.00044953392,-0.00018468231,1.722328e-05,0.0011853495,-0.0007716665,-0.0015740172,-0.0006027432,4.4074033e-05,-0.00073903054,-0.00080254563,-0.00060775765,0.0008590835,-0.00011554415,0.0009943298,-7.0688286e-05,0.00015645628,-0.0012208158,-0.0002133493,-0.00018437258,-0.0002874237,-0.00022535819,-0.00013624717,0.00027512264,7.107624e-05,0.0007293822,-0.00039107914,-0.00076188974,-0.00045352202,8.6882996e-05,-0.00036195043,0.00039339787,-0.00050047657,-5.9196253e-05,-0.00029095588,0.00066659687,0.00018283905,0.00015368262,0.00046824396,0.00048421609,-0.0007543204,-0.002160093,0.0015745863,0.0008275287,-0.001036912,0.004815077,-0.00091753283,-0.00045455346,0.0017045838
-0.0012365959,-0.0012294344,9.172758e-05,-0.0025079073,0.004377642,-0.0009847919,-0.00035731448,0.000631427,-0.001252871,-0.00044239804,-0.0003123907,-0.00013395277,-0.0002970016,-0.00033820688,0.0012964585,-0.00040998327,-0.0004377372,-0.0006210759,-0.0016151796,1.0534859e-07,-0.0003026653,-0.00049793185,-0.00018189139,-0.001343273,-0.00011872173,3.6633242e-06,-0.00084944797,-0.00021512996,0.00083725597,-0.00012746797,0.0015322841,-0.00019529909,-0.0020199656,0.0013912042,-0.000114462106,0.0010087045,0.002020816,4.1687217e-05,-0.0007450628,-0.00037895763,0.00043498294,-0.00042065387,-0.00029154413,0.00020941696,0.00013056025,-0.0027028262,0.0008483577,-0.0007370042,0.0016646741,-5.6111196e-05,-0.0001876283,9.726785e-05,-0.0022028699,0.00056381884,0.0002790422,-0.001120982,-6.158836e-05,8.4661406e-05,0.00022325768,0.00068769103,0.0001318114,0.0005573439,-0.00017840439,-0.0013529536,0.0028648255,0.0001816884,-0.00071240874,0.00035474467,-0.00030335085,-0.0017100979,6.2061714e-05,-0.000825765,0.0009332704,-0.00017117572,0.00042131613,-1.8865812e-05,0.00034525993,-8.003578e-06,0.0011007824,0.0001261514,2.8635643e-05,-0.0018420537,-0.002337411,0.00080354913,-0.0006924727,-0.0016489147,-0.001329543,-0.0014776858,-5.2957297e-05,-0.00023592958,-0.0008434085,-0.00021316345,0.00035457552,0.0017431692,-0.00035918472,0.0005014185,4.168012e-05,0.0020890308,-0.0010889111,0.002354657,-0.0005637296,0.0016935793,-0.000115512536,-0.0012487273,0.0021429518,-0.0015131084,0.00018826195,0.00044831313,-2.7723203e-05,-0.00021937222,-0.00020438204,0.00017284189,0.00070348795,-0.00014234945,-6.524059e-05,-8.883577e-05,0.00082463765,-5.390187e-05,-0.00026400367,-0.00085491687,0.0020828787,-0.0003959387,0.00019503114,0.00034182525,-0.00039762043,-0.00018280825,-0.0006542877,-0.00062869303,-0.00011068623,-3.167279e-05,7.31598e-05,-0.00078974443,-1.8246003e-05,0.00017626955,0.0004591632,-0.00032843422,-0.000504783,6.181044e-05,0.0022922237,-0.0005239792,-0.0009020663,-0.00016137242,0.00035852092,-0.0017676209,0.00027396154,-0.00011722402,-0.00052825076,6.3553576e-05,-0.0005265976,-0.00032729475,6.2954554e-05,0.0006070087,0.00016677234,5.536799e-05,-0.0033140078,-0.00015671065,0.0011549969,-0.00023502308,0.00011066321,0.0005050457,0.00045695575,4.8703587e-05,0.00086963555,0.0017472749,0.00030528216,-0.0014160848,0.0012428478,-0.00074444356,6.5840155e-05,0.0031317426,0.0011296007,0.00092397706,-0.00021572431,-0.00042453053,-0.00010208624,-0.0015803414,0.0017459006,0.00063688064,-0.000120506345,-0.00051130104,0.00092367287,-0.000670609,-3.998363e-05,-0.0018056397,0.33996657,-0.0015877173,-0.0001440527,0.0006254167,-0.0003340079,8.928237e-05,-0.0005913805,-0.0017880664,0.0001621298,9.6765674e-05,0.00013841823,7.160692e-05,0.00037624175,-0.0005399597,0.003052866,-0.0014508028,0.0010035642,0.0008558237,0.0013670967,-0.00043705953,-1.7804447e-05,0.00064904074,-0.00041327914,0.00023943993,-0.0005289387,0.00075083156,0.0011806006,0.0006336101,0.000393642,-0.0016683682,6.0120856e-05,6.281953e-05,0.0006122999,-0.00061927526,0.00045280147,0.00017682137,-0.00036691455,0.0012295616,2.8527784e-06,-0.0007992213,0.0012795643,0.0025516632,-0.0004438527,-3.249263e-05,-0.0011815607,-5.514635e-05,0.00057984254,0.0019173714,0.00043865643,4.79843e-05,-0.0013305219,-0.00029691096,0.00077542866,-0.0005834949,0.00031488546,-0.00050398364,6.0112452e-05,-0.002889032,-0.00078692345,0.00040945757,0.0012635052,-0.0015951137,-7.240187e-05,4.8709448e-05,0.0009406399,0.0008164026,-0.0010269854,-0.00026226204,0.00037411632,-0.00039095504,0.00023053862,0.0005562837,-0.0009571412,-0.001491761,-0.00068787264,8.33122e-05,-0.0009773306,-0.0003472704,-0.0008194149,0.00048790095,0.00013128735,0.0013590246,9.910805e-05,0.0002849481,-0.0009764616,-2.2347123e-05,-0.00035404044,-0.00036792527,0.00015768486,-0.000104076986,0.00014897423,0.00018821002,0.00068499276,-0.00063092494,-0.00054402027,0.00052977813,0.00014632236,-0.000107820735,0.0007688329,-0.00090547116,0.00012415195,-0.00020333506,-0.0019585649,0.0008048496,-0.00046564805,0.0002363886,0.0004075241,-0.0006349403,-0.0016793297,0.0016757484,0.0013290497,-0.0010650356,0.0044447123,-0.0012821914,-0.00018424325,0.00046425738
-0.0013673961,-0.00041771418,0.00030846396,-0.000276584,0.0044800476,-0.0011478415,-0.0011699677,0.00056963746,-0.0012967299,-0.0003319283,-0.00035525055,-3.9782895e-05,-0.00023118568,-0.00043613176,0.000923991,-0.00023127644,-0.0009299705,-0.0007719111,-0.0014710537,-0.0001621479,-0.00046344462,-0.00046800898,-0.00023811606,-0.0015574606,0.0001072276,-0.00028159094,-0.00050568226,-0.0002569906,0.000783619,-0.000726134,0.0007144377,-0.00020629648,-0.0018618514,0.0013663514,0.00013909226,0.00089093606,0.0015162404,0.00027953097,-0.00048953586,-9.060475e-05,0.00032810334,-0.0007111246,3.6863938e-05,-0.00010625036,0.000116854324,-0.0027131995,0.0012050754,-0.00023047719,0.0018590501,0.00019939123,-0.0002455471,0.00022294157,-0.0018500958,0.00066136103,0.00036137915,-0.0018214768,-0.00011324369,5.3240303e-05,0.0002588041,0.0008342332,0.00021159847,0.00044200744,-0.00012051133,-0.00095798116,0.0037418907,0.00055439404,-0.00046582695,0.00044657098,-0.00037343928,-0.0014294484,-0.00011336748,-0.00048150483,0.00050553755,-7.614787e-05,0.0005012943,0.0008824242,0.00013903515,-2.8288264e-07,0.0016619223,-0.00011614896,1.8390172e-05,-0.0016461697,-0.00240887,0.0010275311,-0.00044977863,-0.0025361222,-0.00071041414,-0.00084667245,-3.899364e-05,-0.00034885385,-0.000740623,-0.00018518831,0.0004976649,0.0018354019,-0.00041879198,0.0004787699,-5.1960425e-05,0.0019511199,-0.0009441512,0.0021286015,-0.00013660501,0.0011502064,1.457102e-05,-0.00095605594,0.0016448386,-0.0008495017,0.001027489,0.0005834402,-4.7044497e-05,9.741942e-05,-0.00023707056,0.00023913967,0.00055190315,-0.00010660205,-7.299243e-05,-6.732895e-05,0.0008802956,-0.00015212709,-0.00023310583,-0.0007431875,0.0015259768,-0.00022676113,0.0003604443,0.00035390584,-0.0003417414,0.0002074992,-0.0005446661,-0.0013807147,2.7862525e-06,-1.3573622e-05,1.2113523e-05,-0.0005578813,-0.00011042535,0.00013169533,0.0004013153,-0.00025533844,-0.00063632336,-0.000114681796,0.0015214429,-0.0003767673,-0.0006403446,-0.00043995772,-0.0005257008,0.0010541953,0.00042633573,0.00051185803,-0.0005317042,0.00012494506,-0.0003597179,-0.0003843552,-0.0006798711,0.0007676402,-9.043101e-05,3.9072e-05,-0.0031301694,-0.0003576373,0.0014979284,-0.0011551323,0.00053227076,0.00038744727,0.0005877275,0.00010567276,0.0001522653,0.0011815529,0.00039975854,-0.0010097255,0.0010444936,-0.00049501425,0.0004628502,0.002873853,0.0018927264,0.00093669456,-7.6595345e-05,-0.000616493,-7.5782964e-06,-0.0012803202,0.0012664362,9.4502364e-05,-0.00032999855,-0.00022044856,0.0004510344,-0.0006212506,-3.283058e-05,-0.0017784402,-0.0009774992,0.33864644,3.3064107e-06,0.0006784678,-9.927883e-05,6.9687376e-05,9.4811214e-05,-0.0015494834,8.03523e-06,0.0003133388,0.00020969028,0.000102313155,0.0006145599,-0.0006140318,0.0023703862,-0.0017547726,0.0009542689,0.00087882817,0.0018473434,2.3661403e-05,3.083333e-05,0.0009026351,-0.00021088663,0.0005298841,-0.0002969405,0.0026694245,0.0011639228,0.00089487,0.00047558438,4.609613e-05,1.4482081e-05,0.0003742453,0.0007093512,-0.000518125,0.0002631931,5.7534762e-05,-0.00040070078,0.001617721,-8.623949e-05,-0.0012159246,0.00095498137,0.0021463837,-0.0004694653,2.9275052e-05,-0.0009784508,1.0153203e-05,-8.587254e-05,0.0018865493,0.0006272886,-4.517893e-05,-0.0010640862,-0.00048242294,0.0006693308,-0.00015328996,0.00047678314,0.0005061791,0.00014832981,-0.0031042597,-0.00087497773,0.00024019169,0.00055128697,-0.0019333491,-3.9541548e-05,0.00012386465,0.00040581147,0.0010282119,-0.0007330738,-0.00025409873,0.0003412974,-0.000118240714,-3.530003e-05,0.00046614895,-0.000745411,-0.0010323818,-0.0006438713,-4.967484e-06,-0.0012412836,-0.0002474751,-0.0007504849,0.0014740521,-0.00051772094,0.00075814466,5.906786e-05,0.00026363166,-0.0011466334,-0.00013307219,-4.2294614e-05,-0.00037748198,-0.00033464775,-8.031421e-05,0.00019413185,5.5205754e-05,0.00036828744,-0.0006863843,-0.00051554193,-0.0009714803,-3.5702924e-05,-8.201523e-05,0.00041739215,-0.0006541308,-4.395518e-05,-0.00028789171,-0.0013045168,0.00020265885,0.000109063236,-0.00012537639,0.0004024918,-0.00050872966,-0.0015473828,0.0014804909,0.0007172055,-0.0008571334,0.0042186896,-0.0007892238,-0.00030258604,0.0009692249
0.00052243023,-0.0016984337,-0.00077264145,-0.0029879056,-4.6416513e-05,-6.470319e-05,0.0020597074,3.4415156e-05,0.0011195005,-1.9779722e-05,6.6681576e-05,-7.4772375e-05,-0.00013822565,0.00052440166,0.0007070345,-0.0002463098,0.001081853,0.00046425406,1.8730407e-05,0.00038346756,0.00069155067,0.00037739542,-0.0002550125,0.0013869154,-0.0005850515,0.00016763057,-0.0015532142,0.00017498794,-0.00081520196,0.00268766,0.001206121,0.0002455944,-0.0006690838,4.7832807e-05,-0.0011953773,0.0003872428,0.00100937,-0.00059807446,-0.00045612187,-0.00080229447,5.3152544e-05,0.0003059306,-0.00041947863,0.00092230993,3.8126664e-06,-0.000113478505,-0.0017485155,-0.0013893192,-0.00076504337,-0.0004908334,0.00029994763,-4.476526e-05,-0.00017318052,-0.00055057736,-0.00066098204,-0.00020530618,0.00034136247,0.00024004633,-5.9032296e-05,-0.00042519893,-0.00043236325,0.00028209324,-0.00012913856,-0.0010400169,-0.00021001112,-0.0003122653,-0.0003382291,-0.00020533559,0.00011182453,-7.3959345e-05,0.000507305,-0.0008152208,0.0007883685,-0.00044991556,-0.0005937934,-0.001313427,0.00092529564,2.3464645e-05,-0.0010448097,0.00063696515,-0.00027693916,5.0247152e-05,-0.00050977315,-0.0008666885,-0.0004717995,0.0024768615,-0.00086356647,-0.0008769535,-6.837236e-05,0.00037062034,0.00010157389,0.0001724055,-0.00062248437,-0.00023469864,3.2973006e-05,-0.00015076493,0.0006214881,-5.7938323e-06,-0.0005854583,0.0022916205,-0.0012268177,0.0009376363,-0.00036541396,5.7249843e-05,0.0025325464,-0.0010380546,-0.002955238,-0.0004431066,0.00017372351,-0.0011637481,0.00017048199,-0.00019994841,-4.3203305e-05,-8.306869e-05,-4.0521314e-05,-0.00026801246,-0.0008980862,0.00030505084,0.00012034457,5.086235e-05,0.0008307454,-0.00047707735,-0.00021030613,-2.4863144e-05,0.00023023426,-0.00085950823,0.00012701795,0.0020784994,-0.00035253173,5.0086248e-05,0.00025991074,7.9276346e-05,0.00026389095,0.0005109698,-0.00016231141,-0.00030977293,0.00043825022,-0.00073424436,-0.00022334867,-0.0002939015,-0.00021481485,0.0006858277,0.0014248884,-0.0031808387,-0.00049690815,-0.0018256651,0.0002603791,-0.00011337031,-0.00044324636,0.00023193707,0.0021721441,-0.00012944525,0.0004355945,-0.00071214867,-0.0020267332,0.0006520628,-0.0010767541,0.0034061568,-0.0013384275,0.0007317836,3.8148206e-05,-0.00035003823,0.00127003,0.00088482955,-0.00026301545,-0.00095665583,0.0006683854,-0.0009941179,-0.0005642698,0.0016356886,-0.0026017507,-0.00034847125,-0.00029995712,0.0005702649,-0.00043594846,-0.00043535643,0.00050433393,0.00085165555,0.00036268722,-0.0002370975,0.0010361947,-8.831475e-05,0.00013274579,0.00026758973,-0.000203948,0.00081707264,0.34117573,-0.00028855607,-0.0005192043,-7.0332167e-06,-0.0015999171,-0.0004150655,0.000563317,-0.00083981256,-0.00020676771,-0.00026505778,-0.0009347222,0.00036388834,0.0015191021,0.0010405035,-0.00054407853,0.00021650676,-0.0009801497,-0.0008408379,-0.00012333033,4.6233297e-05,-0.00044025897,-0.0007304942,-0.00021958616,-0.0036878318,-0.0011045783,-0.00075933256,-0.00049102295,-0.0029634149,-0.0006510607,-0.0011646,-0.00030464886,-0.00021696434,0.0005928334,6.1638435e-05,0.00026407567,-0.0019370145,1.4745421e-05,0.0013461647,0.00073366606,0.00029810824,-0.00014826552,7.337248e-05,-0.00012223101,-2.4128423e-05,0.0022075106,-0.00075711013,-9.299456e-06,0.00025124263,-0.00072422915,0.00033579732,-0.00019175722,0.00039097248,-0.00027105524,-0.0025769821,-0.00020762131,0.0007110644,0.00094274,0.0002493312,0.0011392215,0.0013742278,-0.00022849276,-0.000282398,0.0008126893,-0.0005010345,0.0011249625,0.00016317288,-8.93831e-05,-0.0007912764,0.0009286938,0.0006741024,-0.00041851995,-0.0009029699,0.00028517132,0.00015285701,0.00012259584,-0.0015223923,-0.0003330235,-0.0019038996,0.0017206718,0.0010668967,-0.00070851855,0.00021557449,0.00076932355,0.0004591827,1.5326708e-05,-7.483794e-05,0.0015470618,-9.661026e-05,-6.572208e-05,0.00032713186,0.00040976165,-0.00045201983,-7.5214775e-05,0.0032490187,0.00061254896,0.00043925847,0.0009399903,-0.00018686237,0.0004827974,0.00031586777,-0.00036714252,0.00075070624,-0.0022189768,0.00044525196,-3.7237125e-05,-0.00014282743,7.932401e-05,4.3131782e-05,3.4045042e-06,-0.00036171178,-0.001987984,-0.00085986644,0.00049162563,-0.0008695508
0.0011455427,-0.00059534423,-0.00017917281,0.00022301343,-0.0021897294,0.0009915081,0.0014686198,-0.00042458015,0.002003657,0.00032874118,0.0003442674,-0.00017062438,8.280654e-05,0.00063378416,-0.0007683756,0.00018441491,0.0011134872,0.00050530466,0.0006073898,0.00032280717,0.0006997853,0.00072642026,-6.3363994e-05,0.002304901,-0.00035039167,-0.00022199706,-9.556013e-05,0.00024349595,-0.0018366069,0.0020456747,-5.6587633e-05,0.0002604604,0.00027172733,-0.0004442707,-0.0012773343,0.00012576519,-0.00055072247,-0.00039555563,0.00013986531,-0.0004785887,-0.00018325794,0.0005529006,-1.4219064e-05,0.00033276403,1.906499e-05,0.0017812143,-0.00162126,-0.0005572544,-0.0020040937,-0.00023200178,0.0005815321,-0.00013883552,0.0014140826,-0.0006899978,-0.0008654927,0.00033263868,0.00024202626,0.0001594465,-0.00024396581,-0.0006968273,-0.00050505466,-0.00042545435,-7.849231e-05,-0.00050762994,-0.002362273,-0.00041393202,0.00011760066,-0.0004646385,0.0002444409,0.00057865673,0.0003549917,4.632295e-05,0.0003202784,-0.00022152167,-0.0007721529,-0.00033824865,0.0008363006,-3.9480128e-05,-0.0011337904,0.0005995459,-0.00020963447,0.0011013444,0.0015284731,-0.0010256226,0.00019167046,0.0018992064,9.848723e-05,0.0002664942,-0.00021387586,0.00038201778,0.0007109596,0.00022371467,-0.0006527483,-0.00082676683,0.0002910457,-0.00042372532,0.00059461757,-0.0014682629,9.0048314e-05,0.0009641774,-0.0005469409,-0.0010462847,-1.8890254e-05,0.00056264014,0.00052074366,0.00068605714,-0.0014475177,-0.00041605262,-0.0006381415,-0.00070714287,0.0003027722,-0.00012823525,-0.00046530165,-9.306219e-06,-1.960784e-05,-5.9406808e-05,-0.0012675903,0.00023487717,0.0003605293,0.00053919124,-0.0005919827,-0.00021547823,-0.0005644305,-0.00037704819,0.00069617556,-0.0006447403,0.0005911075,0.0012836284,-0.0002432517,0.00014464112,0.00013094541,0.00070608745,4.6898585e-05,0.0005518741,-0.000530439,9.0780566e-05,0.00078728574,-0.001314201,-0.002610241,8.969222e-05,0.0005205165,0.0004916216,0.00090203126,-0.0019109963,-0.00051108905,-0.0011951706,0.00017237732,-0.00010789602,5.3181484e-05,0.00034064284,0.001254285,-3.6291687e-05,8.3472405e-06,-0.00064917526,-0.00039874867,0.0006265611,-0.0009613286,0.0022688897,-0.0010468528,0.00038559732,0.00046612864,-0.00020708,-5.7372923e-05,0.00048369518,-0.00027870576,0.00021340956,-3.2398006e-05,-0.00022726318,-0.00044309205,-0.00043353278,-0.0022881501,-0.0006633076,-0.00023134748,0.0004190068,-0.00025028535,0.0009074452,-0.0009344103,0.0002781927,0.00030806128,0.00041471244,1.2046933e-05,0.0003628748,0.00013357315,0.0013889376,0.00052148046,0.0011372071,-0.00023304929,0.3415225,-0.00015198051,-2.5491481e-05,-0.0009767547,0.0006909112,0.00023638463,-0.00066441845,-0.00032139037,-0.00032058667,-0.0010113468,0.0006727792,-0.00012230185,0.0020283011,-0.0011506088,-0.00050269865,-0.0010759933,-0.00034837783,-2.6487298e-05,-0.0001799184,3.6374073e-05,-0.0007028688,-3.4737663e-05,-0.0023251525,-0.0012736543,-0.0011923923,-0.0006630241,-0.00043530657,-0.00011325544,-0.0010150984,-0.00043996915,5.290133e-05,5.1907737e-05,0.0007718872,0.0004300945,-0.0022189028,5.6327997e-05,0.0010218463,-5.2200547e-05,-0.0014701075,3.154481e-05,0.00010664277,0.00074307225,-8.736202e-05,0.0015632715,-0.0020738537,-0.00014058767,0.00032799147,0.00019663537,0.00039177976,-0.00047877448,0.0008893654,-0.00039997124,-0.0011986508,-0.00020970766,0.0018430533,0.0012016782,9.3228744e-05,-0.00040514203,0.0019864924,-0.00014838937,-0.00021210167,-9.84051e-05,-0.00057955674,0.0019318395,0.00027114127,-0.0002194576,-0.00025388188,0.0005743384,-0.00023723123,0.00015937637,0.0003132493,0.0007292886,-1.5584472e-05,9.8520715e-05,-0.00067316013,9.3969475e-06,-0.00071404857,0.0008954666,-0.00016444709,-0.00075319334,0.00012557943,0.0010245756,0.00034723262,0.00049740257,0.00023551515,0.0010869035,-3.0490064e-05,-0.00019376267,0.00013424034,-0.0002799057,-0.00036892085,0.0003759814,0.0015692312,0.00030861644,0.00059820805,0.00033096215,0.00013857128,0.00026643867,0.0003587733,-0.00019479504,2.052876e-05,-0.001482864,-0.0002883412,-0.00030462563,0.0003424884,0.0012742861,-0.00096488727,-0.0010140347,0.00043022286,-0.0041626566,0.00019364232,0.0005277916,-0.0011106315
0.00026413388,-0.0005126882,0.00031777887,0.0014222626,4.420967e-05,0.0007050096,0.0005203487,-8.957117e-05,0.0014378063,0.00011793549,0.000119789205,-0.00018358411,0.00010224661,0.0003356087,-0.00031595095,0.00012597142,0.00040359554,0.00013160045,-0.00030365612,0.00022807064,0.00027584186,0.0006380929,-0.000116870615,0.0016176619,-0.0002503754,-0.00047329144,-0.00052479416,0.00010408902,-0.0018654804,0.0018688744,-2.7857863e-05,0.00013117069,-0.0008644613,0.000387938,-0.0011917385,0.0006428305,0.00012530878,-6.547597e-05,-7.201344e-05,-0.00040658697,4.7289468e-05,-1.4535491e-05,0.00012215122,-2.9878713e-05,7.893733e-05,0.0005662125,-0.00094065786,-0.0005768572,-0.00063688733,-8.245366e-06,0.00044394287,-5.118928e-05,0.0005313123,-0.00025066905,-0.00062070496,-0.0010594121,0.00016194538,0.00011017678,-2.698653e-05,-0.00010832583,-0.0002266643,-0.00024571046,-0.00012980135,-0.0009159952,-0.00030314003,-0.00016036733,-0.00014982352,-0.00020187037,2.2786262e-06,-0.00018745378,0.00019276036,-9.983962e-05,0.000350913,-0.00024378455,-0.00042822256,0.00065120636,0.0009341237,1.268928e-05,0.00024167945,0.00053758937,-0.0002269844,8.450594e-05,0.00041495776,-0.0003558571,-0.00012475214,0.0001961568,-0.00015905402,-2.2294778e-05,-0.0002247725,8.4681065e-05,0.0002735862,0.0001012654,-0.0002801368,0.0005647743,7.439142e-05,-0.00013735388,0.0003956681,-0.0005539386,-0.0004647807,0.0021636414,-0.0004447125,-0.0005926492,9.725334e-05,-2.6113972e-05,0.0013365722,0.00048325822,-0.0004953392,-1.6986989e-05,-0.0009935661,-0.0005202766,6.222514e-05,-3.084941e-05,-6.670067e-06,-5.7189696e-05,-1.5439835e-05,-0.00015452351,-0.00079881947,0.00011648646,0.00016582481,0.00011425643,0.00023488681,-0.00033053118,-0.00015250848,9.016956e-05,0.0005633781,-0.0003940962,0.0002558257,0.00024063392,-0.00018735227,0.0001511722,0.0001188869,0.00034755387,-7.6787976e-05,0.000749654,-0.00032619806,-1.4639065e-05,0.00038956082,-0.0016623419,-0.0025001776,-1.8029157e-05,0.00036065784,0.00013963402,0.00043743846,-0.00076076575,-8.082481e-05,-0.0006917284,1.7332575e-05,-4.4520664e-05,-0.00017050562,7.141525e-05,0.000770271,0.00064192485,-0.00015096777,-0.000687053,-0.00277869,0.00035336876,-0.0003638199,0.0016745962,-0.00065833377,0.000773512,0.00093031843,-8.212084e-05,-0.0002675099,0.0015401236,-2.8849508e-06,-0.0003949477,0.0006232481,-0.0004520026,-0.00011232379,0.0012856564,-0.0013100383,-8.869211e-06,-0.00023010305,-4.8893296e-05,-0.00020590515,0.0001737722,-0.00036104178,0.00016863502,7.348664e-05,0.0004556781,0.00017208776,-1.52032835e-05,8.881343e-05,0.00034055303,-6.2017236e-05,-0.00018273821,-0.0001964807,-0.0002617707,0.3415889,4.228914e-05,-0.00076132925,-0.00013366956,0.00019434912,-0.00042543377,-0.0001030279,-0.00019764116,-0.0005974475,0.00028178765,0.0012967588,0.00074655376,-0.00052456936,1.1067496e-06,0.0001374405,-0.00018572918,-7.981292e-05,0.00051922153,-3.464801e-05,-0.00037555723,-9.3074326e-05,-0.0001903039,-0.00076338695,-0.0006694714,-0.00030097945,0.00056956947,0.00024735357,-0.0007703049,2.3960918e-05,-0.00027571034,0.0002606393,0.0008342254,0.00010493213,-0.0014290514,-8.7311346e-05,0.00014681193,0.0004518673,-0.00049680617,-0.0002828772,7.9358775e-05,0.00023494399,-0.000115406,0.0015775176,-0.0010716564,0.00036026954,0.0003139659,-0.0004061033,-1.173604e-06,-0.00016032004,0.00093144644,-2.4609608e-05,-0.000694038,-0.00013221665,3.4197634e-05,0.000589633,0.00029521837,-0.0003378252,0.0010635002,-0.00016671835,-8.05887e-05,-0.000112428315,0.00020131952,0.0018159096,-1.5264512e-05,-0.00011796811,-0.00025430202,0.00049291056,-7.89589e-05,-0.00021881297,-0.00028606807,0.00044857172,6.0756454e-05,-0.0008231789,-0.0008992363,-0.0004599529,0.00065311015,0.00037876482,5.2368763e-05,-0.0008726159,0.00012949096,0.0002805684,0.00013452645,0.000710813,4.640956e-05,0.0007578075,-3.275637e-06,-6.178187e-05,0.00011541945,-0.00019164126,-0.00088653254,-8.573514e-05,0.0006014442,0.0002484397,0.0005995426,0.00048450407,-0.00026302307,0.00019398202,0.00015448421,-0.0009655389,-8.317366e-05,-0.0014396515,-0.00056787534,-0.0001376644,3.47753e-05,0.0004922291,-0.00010258285,-0.0009442862,-2.7368169e-05,-0.0027921728,-0.0001710511,0.00023295074,-0.00045208415
-0.0003554952,-0.000986809,6.254968e-05,-0.0017076023,0.0011772531,0.0002176387,0.0001869181,8.88251e-05,-0.00043798733,-0.00012599498,-0.00012773693,-0.00011095802,-0.00012436985,-0.000139762,0.00012485718,-0.00014749431,0.00018324761,-0.00030688997,-0.00050590886,-7.298893e-05,-0.00021440665,-0.00026416106,-2.6897438e-05,-0.00038211397,6.71855e-05,0.000114200244,0.00088004855,-0.00015577336,0.00031988323,-0.00052465836,0.0010242431,-0.00015301924,-0.00045477878,0.00036670678,7.122244e-05,0.00028461503,0.0005734366,-9.565818e-06,-0.00027737755,-4.234263e-05,0.0001335785,0.00037803804,-0.0003124651,-2.9489744e-05,8.833401e-05,-0.00029030401,0.0007414037,-3.8548427e-05,0.00013887035,1.2014585e-05,-1.9953859e-07,4.98196e-05,-0.0006777023,0.00034850795,0.00028690655,0.00068790186,-3.7790385e-05,1.1837983e-06,3.2447526e-05,0.00018472329,9.852934e-05,0.00011997957,-6.773202e-05,-0.00058711227,-0.00040164168,2.6740581e-05,-0.00018943104,0.00012314587,-4.2826952e-05,-0.00091795577,3.235692e-05,-0.0001957347,0.0007866419,-4.7288795e-05,0.0002468648,-0.0005854645,-7.0275935e-05,1.8751072e-05,-0.00042163493,-3.4696302e-05,5.5080967e-05,-0.00061991735,-0.00043932223,0.00022327586,-0.00023688083,-0.0012440663,-0.0005550677,-0.000779131,4.783477e-05,-7.017598e-05,-0.000310005,-7.801028e-05,0.00013443877,0.00019472047,-0.00010711779,5.96612e-05,-0.00012541145,0.00078584295,-0.00013906756,0.00023795267,-8.76631e-05,0.0004302112,7.381669e-05,-0.0006892892,2.774818e-05,-0.0004061141,0.00061755115,0.000119224256,-0.00036276696,0.00012894649,-9.36149e-05,2.1472526e-05,0.00026824514,-3.3473756e-05,-4.2903583e-05,-7.8860976e-05,0.00047880987,-5.4746906e-05,-0.00020765126,-0.00025106428,0.0005393992,-7.030698e-05,3.364641e-05,-4.761246e-05,-0.00015428112,-0.00020896396,-0.00025796832,-0.0005206842,-1.35788705e-05,-2.3391936e-05,-1.539354e-05,-0.00037724557,-3.4462548e-05,-0.00013320294,0.00021034337,-4.068768e-05,-0.0001417254,0.00036756444,0.0010939331,-0.0001032078,-0.0005054246,-0.00017712463,0.0005190737,-0.0009697656,0.00013857806,-4.11231e-05,-0.000602228,4.1831765e-05,-9.13043e-05,-8.687562e-05,-0.00035753145,6.5631364e-05,7.361841e-05,0.0004973455,-0.00046729867,3.6325913e-05,0.0011479944,-0.00064261426,0.00024860178,-0.0002376481,0.00019743748,6.3777814e-05,0.00035316971,0.0014146706,2.4276063e-05,-0.00046520465,0.000158227,3.8731163e-05,-8.975049e-05,0.0006804908,0.0009174431,0.0002340723,-5.679128e-05,-0.00022131622,4.2229825e-05,-0.0005398392,0.0006795758,0.0004760154,7.903496e-05,-0.00032320895,0.00023460365,-0.00011075821,-2.3697079e-05,-0.00022727891,-0.00036391307,-0.00044972703,-1.39741815e-05,0.00017989117,-4.4119224e-05,0.34168503,-0.00038582517,-0.00052147266,-6.1213386e-06,0.000109177345,6.7692104e-05,4.8109996e-05,0.00015759842,-0.00019302234,0.00057453424,3.2123968e-05,0.00040482407,-8.609688e-05,0.0002895036,-0.0003959099,7.259596e-06,-0.00025544706,-0.00013241346,0.00014384987,-0.00028129798,-0.00012976686,0.0009018929,-0.00028500136,0.00015248563,-0.0008123504,0.00037941965,0.00020459892,0.00019018623,-0.00021456598,3.4303237e-05,0.0006093127,-0.0001416679,0.0006627843,-2.8785764e-05,-0.0003897468,0.00035655592,0.0009871603,-1.2398484e-05,-2.5777936e-05,-0.0004380712,1.3811913e-05,-0.00016821755,0.00052460004,0.00010193757,0.00016092471,-0.00027799583,-0.0001281105,0.0005777074,-0.0010386533,0.00014868422,-8.878464e-05,-7.2873714e-05,-0.0007067729,-0.0006471604,0.00017600591,0.00039244865,-0.0007333606,3.1143343e-05,4.1767304e-05,0.00047357162,0.00027159747,-0.00059752265,-0.00017182407,0.00011454397,-6.405821e-05,-6.0080733e-05,-0.00022007909,-0.00031283093,-0.00013283691,-0.00054969045,2.1445214e-05,-9.496962e-05,0.00067393656,-0.00020087742,-0.00028897452,-0.00013516513,0.0005605797,0.00055544765,7.6919954e-05,-0.000366368,2.147185e-05,-0.0005178205,-9.1280424e-05,-0.00020870753,7.264932e-05,0.00010059125,6.3902255e-05,0.00017695087,7.267718e-05,3.697777e-05,0.0002532388,-9.5358504e-05,-0.00018053017,0.00020868069,-0.00043736983,1.18459075e-05,-0.00010495923,-0.0017696265,0.00065745995,0.00018290312,9.623482e-05,0.00011287682,-0.00015738256,-0.00047410722,0.0005981028,0.0011616745,-0.00033692273,0.0021994815,-0.00049653405,-1.40640805e-05,-0.0005765918
0.001445632,-0.0028258122,-0.0005396282,-0.0025148191,-0.0021945832,0.001983914,0.0031282064,-0.0005604994,0.0029329974,0.00026129375,0.00036552426,-0.0002687989,-0.00011102564,0.0009957271,-0.0008313119,8.297552e-05,0.0022299306,0.0005833453,0.00032943187,0.00066378986,0.0010329701,0.0010174257,-0.00030234054,0.0034667773,-0.0005997672,-0.00014704795,0.00027848672,0.00022504269,-0.0030471692,0.0036189153,0.0016468372,0.0003646891,-0.00038038893,-0.00023305885,-0.0023013933,0.00062777207,0.00021588076,-0.000764144,-0.000117690404,-0.0009821671,-9.13936e-05,0.001321099,-0.00047339042,0.0007974508,-3.639298e-06,0.0026729242,-0.0022753465,-0.0013128453,-0.0029423193,-0.00061496993,0.0010896504,-0.00024866808,0.0013349064,-0.0007697319,-0.0011620126,0.0011785616,0.0006960277,0.0003211308,-0.00017787777,-0.0009950068,-0.0007615938,-0.0004847127,-0.00022809366,-0.0016703778,-0.0039014309,-0.0007270974,-0.00016404202,-0.00069347024,0.00042471674,-0.00017137182,0.0008398622,-0.00037541433,0.0017255296,-0.0005210143,-0.0011049126,-0.0015380231,0.0015590736,-0.00014093281,-0.0024047743,0.0011062163,-0.00036771377,0.0009660584,0.0018386047,-0.0016422207,-8.871862e-05,0.0016646915,-0.00074635097,-0.0009242715,-0.00019544826,0.0006727842,0.0007764977,0.00039712238,-0.0011324023,-0.0011580443,0.0002944151,-0.0006309259,0.0009433414,-0.0013329828,-0.00023378391,0.0029057977,-0.0013383985,-0.0007381362,-3.0037918e-05,3.2185242e-05,0.001442408,0.00024962134,-0.0024505649,-0.0006423854,-0.0014695344,-0.0012458463,0.00036841267,-0.00038579083,-0.0003114336,-8.164492e-05,-6.413672e-05,-0.00024546369,-0.0016330972,0.00044810318,0.00034646282,0.0005887824,1.2811396e-05,-0.00070186274,-0.0005372558,-0.00053110544,0.0010250814,-0.0014301834,0.0006096177,0.002008293,-0.00058131095,0.00013507226,0.00037103388,0.00059371674,9.3140436e-05,0.0008942925,-0.0006421727,-8.0923164e-05,0.0012474348,-0.0019068159,-0.0029509948,-6.0589795e-05,6.721379e-05,0.0007321893,0.0024501686,-0.0042635053,-0.0007700735,-0.0024799572,-0.0003379099,-0.00019568045,-0.00016702541,0.000526022,0.0022783463,6.968032e-05,0.00016964588,-0.00064040505,-0.0028420556,0.0013602662,-0.0004595324,0.0041678385,-0.001755534,0.0006722918,0.0010179467,-0.00034139436,0.00075229857,0.003152534,-0.00053153664,-0.00048790217,0.000412535,-0.0006306472,-0.00090527453,0.0015137915,-0.0034017353,-0.0007808832,-0.0004938561,0.0005301586,-0.0005080586,0.00047169565,-0.00047194582,0.0012504127,0.00075543945,0.00024989914,0.0007224359,0.00045613566,0.00023082278,0.0017901448,0.00027431492,0.00135306,-0.0006116519,-0.0008509604,-0.00046673327,-1.8862916e-06,0.3385291,0.00029982513,0.0005516563,-0.001305075,-0.00040384964,-0.0003126702,-0.0017362458,0.00094291754,0.0006839038,0.0032430873,-0.001478873,-0.00076277705,-0.0015604222,-0.0013236919,-0.00011450324,-0.00050922204,-0.00022906676,-0.0011248273,-0.0004376194,-0.0049503255,-0.0013095624,-0.0024351198,-0.0008545324,-0.0024779863,0.00045229934,-0.0017454791,-0.00046721424,-0.00023336384,0.00044253876,0.0022455782,0.0005293977,-0.0032541547,3.057188e-05,0.0015225377,0.0005798422,-0.0009280512,-6.700013e-05,0.00023259362,0.0006008087,-0.0001322198,0.0028495477,-0.0028210748,8.035335e-06,0.0007738485,-0.0002891817,0.00053094677,-5.2675285e-05,0.000113223374,-0.00041937418,-0.0027499762,-0.00048201543,0.0021724552,0.0013212626,0.00039117382,0.00011404863,0.0027029149,-0.00025955378,-0.00038369355,0.00061714294,-0.00066012575,0.0030872822,0.00020017114,-0.0003157076,-0.0008169517,0.0010487153,-0.00057318446,-0.00025905124,-2.0208132e-05,0.0005775289,8.46955e-05,-3.00686e-05,-0.000758472,-0.00036889812,-0.0020940022,0.0017405751,0.00074312993,-0.00075088866,0.0003093172,0.0013614611,0.0006495317,0.0002201102,-5.6394233e-06,0.0019821906,-2.1645415e-05,-0.0002276395,0.00036871355,-7.121053e-05,-0.00068787375,0.0003470089,0.0038814358,0.0005845255,0.00090898696,0.0010921049,-0.00041092216,0.00065006193,0.00052941847,-0.0030488365,0.0011306867,-0.0029225836,-0.0002209947,-0.00038587835,0.0003020091,0.0014767268,-0.0006500461,-0.00025962357,0.00012649984,-0.00502268,-0.00062959956,0.0009487675,-0.0026979719
-0.0013458167,-0.0017521599,-4.290227e-05,-0.003181312,0.0054270765,-0.0011218071,-0.0001666696,0.0006753788,-0.0013158408,-0.0005002736,-0.00038613504,-0.00023304328,-0.00035218545,-0.00040197038,0.001527099,-0.00053832657,-0.00036604362,-0.0007150319,-0.0017376549,-3.3767654e-05,-0.00027442607,-0.0006013858,-0.0003119156,-0.0014288479,-0.00010645456,-4.3083535e-05,-0.0011545394,-0.00034502722,0.0008081926,0.00015264924,0.0019361357,-0.00022439388,-0.0024625126,0.0015816594,-0.00019503945,0.0011456643,0.0023730833,2.4597895e-05,-0.00090240076,-0.00041324503,0.00052789354,-0.00039570304,-0.00033098448,0.00034017742,0.00020655763,-0.0029391588,0.0008270056,-0.0008824032,0.0019276077,-1.6493546e-05,-0.00027168196,0.00015041366,-0.0023898634,0.0005516773,0.0003244341,-0.0013545987,8.753885e-06,0.00015347483,0.00029158717,0.00079198176,0.00019368774,0.00071767735,-0.0002276476,-0.0016919466,0.003547432,0.0004693366,-0.00088066614,0.00048541295,-0.00037135347,-0.001967106,3.4802426e-05,-0.0010732546,0.0011507651,-0.00022059189,0.0004269726,-0.00011764816,0.00042414208,2.5929976e-05,0.0010813614,0.000120156255,-5.4066346e-05,-0.0021464545,-0.0026920147,0.0008227304,-0.0007637574,-0.0019913295,-0.0015079094,-0.0017419371,0.000103015125,-0.00026035128,-0.0010260198,-0.0002387547,0.00039416915,0.0020696663,-0.0004173145,0.0005024637,9.798008e-05,0.002431365,-0.0013074769,0.0030770116,-0.0007504276,0.0020207036,-0.00022365128,-0.0015125334,0.0027594492,-0.001758756,-9.674764e-05,0.00049452414,-0.000102108126,-0.00033650864,-0.00030079228,0.00019354031,0.00078561314,-0.00017847064,-0.00013451016,-0.00010246392,0.0008453666,-5.3262876e-05,-0.00024344331,-0.0010243255,0.0023653891,-0.00046830493,0.0003761877,0.00043472613,-0.00045139992,-0.00033207523,-0.0006917437,-0.00062687224,-0.00017362015,-9.430007e-05,5.5375567e-05,-0.0008581594,8.436065e-06,0.00019337628,0.00053782907,-0.00044766147,-0.0006236768,-1.36973595e-05,0.0024477118,-0.000640961,-0.0012613818,-0.00010140068,0.0004993419,-0.003936356,0.00033484996,-0.00029801132,-0.0004356549,8.702595e-05,-0.00061003503,-0.00040113143,0.0002315751,0.0006659997,0.00023451273,3.0033469e-05,-0.0041191806,-0.00019233466,0.0014267599,-7.914218e-05,2.5935009e-05,0.0005877033,0.00053104304,-4.558872e-05,0.0010731496,0.0024192345,0.00029840902,-0.001750015,0.0014410265,-0.0009518366,9.30876e-05,0.0041682855,0.0013089905,0.0009805951,-0.0002998263,-0.0004385546,-0.00017004965,-0.0018706279,0.0021222837,0.00074897934,-0.00016111205,-0.0006141709,0.0011690479,-0.0008266573,-1.6832986e-05,-0.002024819,-0.0013370026,-0.0018374096,-0.00018571386,0.00079057604,-0.0003940335,5.9400452e-05,-0.00088439207,0.3390787,0.00020483727,6.76238e-05,0.000201319,1.6591839e-05,0.00040224433,-0.0006261969,0.0035435087,-0.0015421368,0.0010712071,0.001029644,0.001481747,-0.0005745078,3.1343832e-05,0.00075206615,-0.00058032305,0.00028396232,-0.0006198769,0.00066249183,0.0012087027,0.00046959004,0.00044745393,-0.0019659505,0.00015060109,-2.5225458e-05,0.0006815442,-0.00074518187,0.000652014,0.0002426866,-0.00040636945,0.0013039863,-8.917216e-05,-0.0007455105,0.0015231532,0.0028496257,-0.0005414833,-3.7164253e-05,-0.001417383,-5.022559e-05,0.0009051655,0.0020935172,0.00044440286,0.00011833643,-0.0015907633,-0.0004293745,0.00093712733,-0.0006801869,0.000419176,-0.00074557523,0.00016948022,-0.0034358748,-0.0009035066,0.00044748094,0.0015274407,-0.0016735442,-0.00011246497,-1.2223882e-06,0.0011458431,0.0008604847,-0.0007439538,-0.00036550846,0.00047442605,-0.0005259181,0.0003769026,0.00072325696,-0.0011422933,-0.0017700735,-0.00081579125,9.356574e-05,-0.0012065729,-0.00053265557,-0.0009617873,0.00037060672,0.00029135935,0.0016485472,7.5105825e-05,0.00039695192,-0.0011069666,7.552192e-05,-0.00038086192,-0.0003945305,0.00029818935,-0.000106956795,0.000257597,0.00024136575,0.0008327925,-0.0007518812,-0.0006287751,0.0008914187,0.00018804625,-0.00010657679,0.00095032033,-0.0010385927,0.00021354736,-0.00021558926,-0.002281239,0.0010638797,-0.0007987999,0.00029936834,0.0004948133,-0.00080391957,-0.001969476,0.0018755795,0.001626715,-0.001267825,0.0046647503,-0.0015226163,-0.00020785243,0.00037740433
-0.0009824284,0.0010724451,0.00012042576,-0.0009675888,0.0016398896,-0.0006997842,-0.0016502048,0.0002915052,-0.0024369385,-0.00032761184,-0.00030304253,0.00027197762,-0.00015230049,-0.00080571556,0.000342728,-0.00015698168,-0.0011280666,-0.0005154669,-0.00030904546,-0.000554413,-0.00084731623,-0.00093990593,4.5849163e-05,-0.002448626,0.00041464603,0.00049453136,0.0012988849,-0.0002647523,0.002536591,-0.0032933063,-4.0232393e-05,-0.0003281896,0.0008343014,-9.48476e-05,0.0018607151,-0.00057216594,-1.9350518e-05,0.00036642692,1.5246165e-05,0.0008722218,0.00012271716,-4.6885518e-05,-7.873766e-05,-0.00044443086,2.4940596e-06,-0.0015925206,0.0023747939,0.0011223678,0.0015563892,0.00025375685,-0.0007207926,0.00019177212,-0.0012455863,0.000715761,0.0012139247,0.0011614872,-0.00037775398,-0.00031866794,4.4484776e-05,0.00062541926,0.00053093693,0.0003068854,0.0001721681,0.0011212972,0.00082806847,0.00072821375,-3.6084782e-06,0.00044891052,-0.00018253624,-0.00038441436,-0.0004978033,0.00030108116,-0.00043597576,0.00038391817,0.0009290504,-0.00016101342,-0.0014403691,7.179952e-05,0.00061680767,-0.0008991576,0.00034885397,-0.0008731805,-0.00035199244,0.0011041941,2.4985784e-05,-0.0017963595,9.842082e-05,-0.00012537898,0.0002761093,-0.00040503647,-0.0007569044,-0.00024589128,0.0007954042,4.322746e-05,-0.0001709416,0.00043572686,-0.000851439,0.001231049,0.00045385055,-0.0029469016,0.0010237262,0.00074167043,0.000107428554,-0.00063175027,-0.0020786908,-0.0004344517,0.002486744,0.00037330185,0.0005730484,0.0011268582,-0.00028706124,0.00011825903,0.0003604373,6.0685496e-05,7.8262536e-05,0.00010617183,0.0017238656,-0.00029712552,-0.00040046265,-0.00050266477,9.014928e-05,0.000474243,0.0003633624,7.987008e-05,-0.00086723384,0.0007872354,-0.0005836751,-0.0016070269,0.00034123723,-2.751287e-05,-0.00028101556,-0.00071491447,-7.343039e-05,-0.0010097026,0.00064042053,-2.6636612e-06,-0.0008738124,0.0022938177,0.003530424,-2.3079816e-05,-0.0006538351,-0.0006836549,-0.0008358392,0.001890871,0.00042515117,0.0016385303,-0.0007270087,6.517813e-05,0.00029981617,-0.0003362523,-0.0019589956,-0.00039105653,-7.086667e-05,0.001281538,0.003014407,-0.0007462545,0.0013302229,-0.0037709211,0.0015095675,-0.001050522,-0.00087683776,0.00025103433,-0.000103103186,-0.0014522009,0.00022735352,9.451553e-05,-0.0006379072,0.0007853756,0.00012301629,-0.0016466482,0.0028647466,0.0005066389,0.0003707022,-0.00040105564,0.00043804693,-0.00067909627,0.00060442457,-0.00028446625,-0.00031084,-0.00058905786,-0.00048050404,-0.00017896396,-0.0001748236,-0.0009443259,-0.0002225068,-0.00077824516,0.0005039915,0.00070154655,0.0003869833,-3.428957e-05,0.0013449751,-0.00023801769,0.34101263,0.00096154667,0.000330777,0.00031737026,0.0012854137,-0.0006845614,-0.0011227871,-0.0019429369,0.0013144441,0.00014167542,0.00080645265,0.00043016253,0.00013360239,-0.00045703212,7.546533e-05,0.00077530026,6.491625e-05,0.0024632316,0.0018931705,0.0011889669,0.000738407,5.0053e-05,0.00036758132,0.0014812871,0.0003783946,0.00017033119,-0.00029921188,-0.0008598619,-0.0004475679,0.0027355666,-3.5398357e-06,-0.0011202135,-0.0004486252,0.0011340464,0.00029995493,-0.00016172526,-0.00063613884,8.244932e-05,-0.0025265464,0.0021799877,-0.00016416042,-0.00040404228,0.000371074,-0.00022663578,0.0005274525,-0.0017308445,0.00040676142,0.0016371427,0.00024306835,-0.0012891071,-0.0015496676,-0.00010565913,0.00033324622,-0.002313281,0.00025273568,0.0003038026,9.232732e-05,0.00040350272,-0.0029936584,-6.0416925e-05,0.00036192438,0.00055089995,-0.00097302673,-0.00021857288,0.000100557845,9.675958e-05,-0.0009637235,-2.696751e-06,0.0005893843,0.0018032647,0.0003654426,0.000542992,-0.001301296,-0.00016667743,0.0014736025,-0.00016581456,-0.0010194286,-0.0003951838,-0.0010104248,-3.3036198e-05,-0.0017277673,2.8464354e-05,0.0002468032,-0.00021441573,0.0002104165,0.0010655189,-5.4433312e-05,-0.0021227617,-0.00063617836,-0.0009839783,-0.00073473476,-8.3226245e-05,-0.0004015506,-0.00043883026,0.00025948355,-5.0541705e-05,0.002560554,0.00038677745,0.00034688416,-0.00025617154,-0.0010270036,0.00067306415,0.0016324052,-0.0001849919,0.005789744,7.5642485e-05,-0.00064345886,0.0008272278
0.001477337,-0.0033500062,-0.001087797,-0.0031502757,-0.00094536797,0.0004210535,0.00395821,-0.00019698711,0.00346625,0.00012974505,0.0003992169,-0.00043690376,-0.00015897909,0.001385064,0.0006838621,-0.00020391883,0.002446964,0.0009824161,5.0554143e-05,0.0010051136,0.0016048544,0.0012343598,-0.00040714038,0.003638574,-0.0011024971,-0.0003219717,-0.0031186747,0.00034204774,-0.0033094352,0.0063491142,0.0018446454,0.00054942135,-0.001953883,0.00039236757,-0.0033571797,0.0011844378,0.0016477848,-0.0010419973,-0.0007152235,-0.0018753726,-1.0115275e-05,0.00036849309,-0.0004305146,0.0017968153,3.528605e-05,0.0009442292,-0.0041113105,-0.0029063232,-0.0022201648,-0.0008604646,0.0010082308,-0.00020926564,0.00069369626,-0.001303416,-0.002002743,-0.0015500822,0.00091626734,0.00065414247,-0.00013087163,-0.0010389898,-0.0011308189,0.00012099748,-0.0005091679,-0.0025541754,-0.0005222904,-0.0009152259,-0.00048353753,-0.00060440844,0.00027485332,-4.48695e-05,0.0012219177,-0.0014019008,0.0015871692,-0.0009797222,-0.0015772742,-0.0015633814,0.0026023407,-4.8071248e-05,-0.0017144036,0.0017533079,-0.0005523237,0.0005385138,-0.0008379968,-0.0019762625,-0.00067067426,0.003914014,-0.0012759677,-0.0011998697,-0.0006008856,0.0008566785,0.0007940154,0.0004401718,-0.001516828,0.0001416395,0.00014646506,-0.0005951774,0.001605204,-0.0008052987,-0.0013401121,0.0061502974,-0.0025665364,0.0006023569,-0.0005737593,0.00046970195,0.005224022,-0.0010088535,-0.005835403,-0.0007865856,-0.00043129438,-0.002555184,0.0004701746,-0.00035073253,-0.00018198279,-0.00018722804,-0.00010986214,-0.0004321146,-0.0026596896,0.0007046769,0.0005093043,0.00044727296,0.0012026557,-0.0011701437,-0.0005858693,-0.000105172214,0.0010736927,-0.0019117875,0.00060917303,0.0037771652,-0.00082557206,0.00013977733,0.00063324417,0.000690059,0.00039367634,0.0016421537,-0.0007847777,-0.00040615464,0.001372194,-0.0030910554,-0.0034121675,-0.0004784266,0.00019900396,0.0014870908,0.0025902844,-0.0055360417,-0.0010104052,-0.0038167008,0.00075354666,-0.00014518436,-0.0008065739,0.0005792946,0.00445904,0.00030337344,0.0006184425,-0.0020550487,-0.006062752,0.0016234971,-0.002390624,0.0075576347,-0.003043602,0.0020258054,0.0009962787,-0.0006984498,0.0017283666,0.003560378,-0.0005407186,-0.0013629923,0.0016159456,-0.0020784375,-0.0007124352,0.0043528304,-0.0057702097,-0.0007959139,-0.0008015692,0.0009875515,-0.0010125699,-0.00012098655,0.00029724144,0.0014249434,0.0007487538,0.00018330655,0.001839642,1.302086e-05,0.00034437925,0.001042486,-0.00023302664,0.001447916,-0.0009363106,-0.0010599489,-0.0011243422,4.130471e-06,-0.0033422043,-0.00056850916,0.0010470423,0.33837727,-0.00047548566,-0.0005812576,-0.0024343184,0.0010786115,0.003474986,0.0029595948,-0.0018531588,0.00031560037,-0.0017326381,-0.0015056799,-0.00018280167,0.0005575073,-0.00066536356,-0.0014407786,-0.00042728582,-0.0066372054,-0.0029427512,-0.002062329,-0.0012138736,-0.004030937,-0.0011718202,-0.0029175577,-0.0006140138,-0.00062292104,0.0010749744,0.0011519575,0.0007537486,-0.0046690754,6.014122e-05,0.0026408564,0.001518716,-0.0003901271,-0.00052193203,0.0003162716,0.00027520454,-8.510199e-05,0.0052002775,-0.0027731606,0.00029556488,0.0006131462,-0.0014501943,0.00061932113,-0.0005102675,0.0018865388,-0.00062924635,-0.0046122996,-0.00039965956,0.0016487712,0.0025552604,0.00053436076,0.001307201,0.003547984,-0.000566774,-0.0006610139,0.001061819,-0.00091765204,0.0042783087,0.00026504105,-0.0003153696,-0.0015684142,0.002001833,0.0009786822,-0.00080383,-0.0013065968,0.0011673929,0.00014882635,-0.000667348,-0.0035334001,-0.0008876103,-0.0026640058,0.003326104,0.0016938242,-0.0022070443,0.00044319412,0.0017084739,0.0009953099,0.0009373169,-0.0001576337,0.0035515705,-0.00016164064,-0.000352128,0.00064557913,0.0004121336,-0.001665725,-8.7123866e-05,0.0060088495,0.0014314275,0.0014867893,0.0020034148,-0.00030371366,0.0010566831,0.00081897824,-0.0007438826,0.0011338382,-0.0051565296,0.00017127222,-0.0003731268,8.753059e-06,0.0008593407,-0.0003679197,-0.0012999887,-0.0004147131,-0.0070340815,-0.0012176399,0.0013220966,-0.0018122536
0.000573117,1.4743051e-05,-0.00032295712,-0.0004782669,-0.0014812256,-6.914624e-05,0.0007638256,-0.00015281662,0.0007947345,0.000121813784,0.00012886523,8.367143e-05,1.5793494e-06,0.0003703823,7.202043e-05,-2.3427194e-05,0.0005573317,0.0004604578,0.00052276737,0.00011177223,0.0004753068,0.00017681737,-2.0605032e-05,0.0007068623,-0.00029059505,9.1644055e-05,-0.0007935921,7.923032e-05,-0.00024955557,0.0010586104,-0.000116629264,0.00014007522,0.000277971,-0.0003327502,-0.00043711602,-0.00018750194,-0.00011009279,-0.00028685303,4.589245e-05,-0.0002765093,-0.000113557755,0.00014343069,-6.3443505e-05,0.00031581716,-5.9176346e-05,0.00030233647,-0.001034534,-0.0004531208,-0.00061945966,-0.00021328266,0.00012919203,-8.906911e-05,0.00054354884,-0.00047482125,-0.00035030133,8.440038e-05,9.590543e-05,5.871036e-05,-0.00015575727,-0.00049367367,-0.00025541993,-1.0688653e-05,-5.525478e-05,4.9957947e-05,-0.00041356822,-0.0005115982,0.00010462567,-0.00022364366,0.00015735638,0.00055848586,0.00021577832,-0.0002144592,-0.00026993174,-0.00017620598,-0.00036694825,-0.00050166494,0.00030556953,3.2898097e-05,-0.00079026894,0.00021963226,-1.8692908e-05,0.0006114738,0.00044033965,-0.00063901214,0.00013563018,0.0019416315,7.911689e-06,0.00011732196,-4.7470938e-05,0.00023706109,0.0003689949,0.00011923422,-0.0003922333,-0.0004701301,9.16144e-05,-0.00026067998,0.0002611622,-0.00058928155,5.3443084e-05,0.00056552945,-0.00038346866,8.309776e-05,-0.0001872527,0.000517828,0.0006026102,-0.00014728558,-0.0014811418,-0.00037682717,0.00019070697,-0.0004925571,0.00010970189,-0.0002135704,-0.00024611765,1.2295443e-05,8.5583844e-05,-0.00012300594,-0.0006771254,0.00016876809,0.00014267293,0.00032579683,-0.00021643304,-0.0001561874,-0.00017527668,-0.0001203582,0.00016619288,-0.00033185582,0.00022110985,0.0012170557,-8.537218e-05,-9.016602e-05,9.387277e-05,0.00031200235,0.00015294999,0.00015358838,-0.0002156472,4.0518928e-05,0.0003841837,-0.0002404275,-0.0005894792,0.00010261081,0.00019874876,0.00036996425,0.0004204302,-0.0017637045,-0.00029599294,-0.00080038834,0.000737011,-4.785653e-05,-3.8486152e-05,0.00019980586,0.0009963319,-0.00027355828,0.00018095523,-0.00044786898,0.000663206,0.00033351663,-0.0010274356,0.0014022334,-0.000690485,0.00016727795,-0.00026966914,-0.00022664924,0.0003595343,-0.00048045217,-0.00020024167,0.0001906541,-4.8464608e-05,-0.00027205324,-0.0002025132,-0.0004920029,-0.0016701998,-0.00036639086,-9.779112e-05,0.00045376827,-0.00017272877,0.00040166415,-0.00016191363,0.00016114315,0.00021642704,1.2261726e-06,0.00026015783,0.00015895421,6.900955e-05,0.0005655468,0.00030516853,0.00083706726,-0.00012577833,-0.0003569574,-0.0001345511,-1.3480859e-05,-0.0004378617,0.0003491009,0.00018459736,-0.00044701583,0.3416143,-0.00015926268,-0.00052069343,0.00034750433,-0.00020498583,0.0008324366,-0.0005675923,-8.180893e-05,-0.00088045397,-0.00014859224,-9.829658e-05,-0.000113046255,-2.9010122e-05,-0.0003703994,0.00014137165,-0.0019057579,-0.00091812736,-0.00029819336,-0.0003697732,-0.00068210333,-0.00023213538,-0.00063694094,-0.00030894022,0.00012874394,0.000106669504,-0.0004065757,0.00023789536,-0.0009694642,4.0336072e-05,0.0009730347,-5.071327e-05,-0.000559827,5.907952e-05,9.955552e-05,0.0003392289,-6.1698935e-05,0.000742839,-0.0006828972,-9.421284e-05,1.3449116e-05,7.5498414e-05,0.00027668726,-0.00035611173,0.00054321176,-0.00025003677,-0.00077679683,-0.00014882204,0.001056807,0.000745571,3.632927e-05,0.00012574253,0.0010763603,-8.4062856e-05,-0.00015198876,7.028704e-05,-0.00055689283,0.000859072,0.00017007288,-0.00015047153,-0.00019155751,0.0003522274,0.00038284934,0.00011052788,-5.1831303e-06,0.0003721965,2.5918203e-05,0.00030877077,-0.00073677325,0.00018583225,-0.0010832741,0.0007876848,6.8235786e-05,-0.000424392,-3.040177e-06,0.0006677413,0.00022014686,0.00013889739,0.00010923222,0.00055663625,7.863096e-06,-0.00013054773,6.9271286e-05,-2.5767122e-06,6.868049e-08,4.4169767e-05,0.0012442584,0.00030223324,0.0002111645,0.00016761388,0.0002493008,0.00013706792,0.00025885043,0.0010368496,6.434388e-05,-0.00080084876,0.00024106825,-0.00021408027,0.00017358345,0.00039274432,-0.0004966418,-0.0004172804,0.00018743631,-0.0020041002,0.00014854068,0.00030993175,-0.00017161942
-0.00023264572,-0.00091641955,-0.00019051459,-0.00090109726,0.0015806438,-0.00048148187,0.0003921938,0.00024929276,0.00024957058,-6.114697e-05,-7.012475e-05,-0.00015053216,-6.506359e-05,0.00014870206,0.00076127314,-0.00014295348,0.00013912532,-4.4801245e-06,-0.00074409606,0.00024520888,0.00022864364,0.00018346925,-0.00014653293,0.00030378095,-0.00032502634,-0.0001816882,-0.0014445365,1.7853763e-06,-0.000540661,0.0014169264,0.0007119483,0.00011027299,-0.0014507202,0.00073550415,-0.0008010503,0.0006917352,0.0010761822,-0.00015293015,-0.00046955037,-0.00055349333,0.00017115788,-0.0003387129,-7.3544375e-05,0.00058664667,6.346738e-05,-0.0011127419,-0.000643341,-0.00093631155,0.00036823185,-0.00016068,0.0001223896,6.037735e-05,-0.00070077606,-7.157086e-05,-0.0003875182,-0.001420099,0.00014074735,0.00018340866,0.000213831,0.00011223879,-0.00023159219,0.0002661113,-0.0002271376,-0.001022671,0.0014919176,-0.0001060594,-0.0003729266,7.750171e-05,-0.00013220111,-0.0005818193,0.00023480204,-0.000626424,0.0005335595,-0.0002992898,-0.00023224029,0.00011500501,0.0007733597,-1.9000163e-07,0.0005464178,0.00045650484,-0.00026930467,-0.00069973496,-0.0013411377,-4.248476e-05,-0.00040753445,0.00020312043,-0.0006622579,-0.0006763981,-8.509585e-05,4.093772e-05,-0.000112721005,2.11283e-05,-0.00014593126,0.0010169051,-0.00015396331,9.966931e-05,0.00031450554,0.0006566558,-0.0008808161,0.0025065886,-0.000754111,0.00068974873,-0.00020687457,-0.00030897357,0.0021161486,-0.0006947002,-0.001254244,0.000108796055,-3.6326295e-05,-0.00071615184,-3.276797e-05,-5.7956386e-05,0.00012432954,-0.00012350889,-4.6074725e-05,8.771147e-05,-0.00030789102,0.00012284561,2.9117351e-05,-0.00025046445,0.0011048926,-0.00038253146,1.8819072e-05,0.00014636035,0.000116337294,-0.00036867504,-7.1863105e-05,0.0005414467,-0.00018128527,0.00014775613,0.0001693998,-0.00011109035,6.582403e-05,0.00054285955,-3.535581e-05,-0.00023643125,7.738463e-05,-0.00086895516,-0.00013479372,-0.0003343667,-0.00017286003,0.00027210638,0.0004270335,-0.00046061986,-0.00015942438,-0.0007649338,5.697237e-05,-3.2365824e-05,-0.00044605727,-2.3734552e-05,0.0009802086,0.00044406304,0.00013815405,-0.0006180758,-0.003035819,0.00016938297,-0.00019841862,0.0016304128,-0.0006090803,0.0007906558,0.0005158135,-9.609741e-05,0.0005671929,0.0014045777,7.8610596e-05,-0.0009156405,0.0009812627,-0.00083264377,-3.0370727e-05,0.0024114856,-0.00076197914,0.00024076043,-0.00020714567,8.543131e-06,-0.00027891257,-0.000621703,0.0006137977,0.00035913437,-4.6369287e-06,-2.91451e-07,0.00071546366,-0.00036297142,7.176108e-05,-0.0006268179,-0.00047566043,-0.000503143,-0.00025671805,-8.485135e-05,-0.00042289207,6.3569464e-06,-0.00079990446,-0.00088878884,0.0003160521,-0.0003612207,-7.2190465e-05,0.3419409,-0.0003168862,1.5515343e-05,0.002254278,-0.00022832402,-8.903723e-05,0.00059035467,0.0004274459,-0.00031815434,-5.0913706e-05,0.00068419205,-0.00030556883,-0.00027137488,-0.00030700053,-0.00057976006,-0.00026890103,-5.17451e-06,-0.00011245926,-0.0010041549,-0.00047209678,-0.0006799337,0.00010335462,-0.00036066174,0.0004513576,5.9157603e-05,2.6515629e-05,-0.0005450783,-4.919906e-05,0.00013590543,0.0008526409,0.0007928395,-0.00037413166,9.9030265e-05,-0.0004039909,-2.3146504e-05,0.0014808594,7.5648495e-05,0.00034945356,3.578509e-05,-0.00090477476,-2.8689748e-05,4.3726188e-05,0.000503498,4.4770917e-05,-0.0010803891,1.4267566e-06,-0.0009891608,0.0002728942,0.00034310116,0.0006254904,0.00013327136,-0.00017475405,-7.6904376e-05,0.00041271624,0.0002506113,0.0007522477,4.003657e-05,3.7887978e-05,-0.00044641978,0.00053589826,0.00054442283,-0.000541862,-0.0009689817,6.1747756e-05,9.756703e-05,-0.0007184342,-0.0012062065,-0.0005770924,0.00013004847,0.0007017938,0.0007737572,-0.0006719752,0.000119901124,-6.377732e-05,9.528386e-05,0.0003192712,-0.00020031074,0.0008462897,-0.00013653685,1.0709902e-05,0.00018300628,0.00022662783,-0.000815095,-0.00039204294,0.0011894807,0.00039911724,0.0003551217,0.00071966654,-0.00038468622,0.00025602814,8.0775884e-05,-0.00065932295,0.00034677814,-0.0013468596,-6.654213e-08,9.803548e-05,-0.000244702,-0.00052694546,0.000594654,-0.00026058,-0.0004983713,-7.814958e-05,-0.00061420794,0.00016333748,0.00013362407
0.0014718281,-0.002097753,-0.0007398972,-0.0011858033,-0.0020412586,0.00088697526,0.0029264677,-0.0003657755,0.003103865,0.00027792854,0.0003663662,-0.00037404514,2.1109438e-05,0.001129245,-0.00024467966,6.355467e-05,0.0019332542,0.00080016453,0.00046714893,0.00072809,0.0012482506,0.0011638644,-0.00031732098,0.0032324921,-0.0006645215,-0.00037574803,-0.0012922866,0.00041647226,-0.0029606265,0.0044330657,0.00084739865,0.00047061438,-0.00085019285,-0.00015748825,-0.002517067,0.0006818686,0.00042233535,-0.00078969734,-0.00012470699,-0.0012472406,-0.0001479194,0.00048003453,-0.00018197192,0.0009734304,-3.507765e-05,0.0016475996,-0.003046422,-0.0017410421,-0.0023954448,-0.00048037645,0.0009277526,-0.00021136709,0.0013045218,-0.0009845351,-0.0015638331,-0.00070063415,0.00077763986,0.0004000522,-0.00017858138,-0.0009598359,-0.00085554796,-0.00024935644,-0.00031815813,-0.0015305104,-0.0015872705,-0.0007705471,-0.00021230947,-0.00060947303,0.00029115097,0.00038452682,0.0008481782,-0.00062479905,0.001128807,-0.00063317514,-0.0012733855,-0.0009853323,0.0018657042,-6.924045e-05,-0.0016566119,0.0012179242,-0.000324624,0.0010847357,0.0003674277,-0.0016548298,-0.00020695095,0.002582316,-0.0004251038,-0.00039235968,-0.00043513376,0.00067178713,0.000887411,0.00037520472,-0.0011683984,-0.0006109074,0.00026859995,-0.0005922529,0.0012141181,-0.0012904321,-0.00058151607,0.0039253617,-0.0016208505,-0.00049001427,-0.0002656331,0.00071058905,0.002940437,6.855129e-05,-0.0038593467,-0.00058779283,-0.0005462583,-0.0016595321,0.00041890016,-0.0003260917,-0.00044257354,-9.657348e-05,-6.607136e-05,-0.00025024504,-0.0021889496,0.0005021836,0.00053387665,0.00059489463,9.8529104e-05,-0.0007383487,-0.0004866747,-0.00017298809,0.001026458,-0.0012950086,0.0006896294,0.002615058,-0.00057752774,0.00012092436,0.00037673477,0.0006779529,0.00021661432,0.0012345284,-0.00075245555,-8.367218e-05,0.0011817564,-0.002543761,-0.0032926262,-8.058454e-05,0.0002947719,0.0010721189,0.001785669,-0.0010378252,-0.0007972782,-0.0026732902,0.0003511755,-0.00011988406,-0.00040520087,0.00052949233,0.002957642,0.00012223146,0.00026675986,-0.0014331253,-0.0034831509,0.0011773298,-0.0017050054,0.005400263,-0.0021441577,0.0013109781,0.00089198275,-0.00044436188,0.0007273669,0.002226921,-0.00048774676,-0.00042141238,0.000716196,-0.0011485869,-0.00042549957,0.0020515108,-0.004263402,-0.0009038011,-0.00052573724,0.0007006032,-0.0006663649,0.00062080816,-0.0005612535,0.00079561945,0.0006067594,0.00043614118,0.00092597515,0.00023800222,0.00025848733,0.0014735933,0.0002515662,0.0014203074,-0.00063758955,-0.0010319207,-0.0006979767,2.83139e-05,-0.0022022033,0.00021310686,0.00068237656,-0.0014707801,-0.00045732528,-0.0004707526,0.33858022,0.0010004714,0.0016357016,0.002797452,-0.0016850845,-0.00021343322,-0.001458379,-0.00095432776,-0.00017739754,0.00018925735,-0.00029211547,-0.0012746948,-0.00016927929,-0.0047412454,-0.0022881345,-0.0019109028,-0.0010581802,-0.0016366382,-0.0009230149,-0.002111801,-0.0006332058,-0.0002876641,0.00054725556,0.0013174897,0.0006807159,-0.0038702101,5.743481e-05,0.0018877066,0.000673489,-0.0011314745,-0.00024374243,0.0002967971,0.0006692613,-1.5036786e-05,0.0035583864,-0.002856376,0.000103938255,0.00045215516,-0.00053740107,0.00057178346,-0.00053657615,0.0015042874,-0.00058059726,-0.0029818935,-0.00026529608,0.0021816967,0.002015645,0.00028374034,0.0001964882,0.002994758,-0.0003492582,-0.000485692,0.00036947927,-0.0007586773,0.0035812545,0.00023593596,-0.00041393144,-0.00091544894,0.0013336209,0.00028734963,-0.00021419994,-0.00031773932,0.0010926286,6.8090834e-05,-0.00024276593,-0.0022104327,-0.0004429245,-0.0018002368,0.0021868148,0.00069400255,-0.0015766757,0.00023344732,0.0015503103,0.00069217157,0.0008153847,-0.00012819793,0.0025929408,-0.00013763965,-0.00034236276,0.0003743991,-3.483738e-05,-0.0011286257,0.00013408302,0.003910796,0.00090844237,0.0011975593,0.0011551403,2.049694e-05,0.0007113697,0.0006441368,-0.00074160245,0.00053856225,-0.003489586,-0.0001725215,-0.000369934,0.00027867025,0.0013850755,-0.00079532166,-0.001390816,0.0001114275,-0.00654683,-0.0004324006,0.00096031214,-0.0015839034
-0.0017115196,4.6218673e-05,0.00027913568,-0.001477794,0.0049065403,-0.0015862028,-0.0016861141,0.00070112513,-0.002457729,-0.00036117077,-0.0004610742,5.655043e-05,-0.0001796021,-0.0007943762,0.0013391688,-0.00038059163,-0.0013327607,-0.00086494867,-0.0014649132,-0.0002606655,-0.00084210496,-0.0008821163,-4.135543e-05,-0.0027146249,0.00028047763,4.0513787e-05,-0.00046098552,-0.00033756587,0.00208847,-0.0018585301,0.000682175,-0.00041891262,-0.0012598069,0.0010863785,0.0011076443,0.00040917148,0.0014022832,0.0005062953,-0.0005454714,0.00033895642,0.000361211,-0.0007073541,-4.2891865e-05,-0.00032752857,0.00016926738,-0.0033969805,0.0019650348,0.00022970747,0.0025389716,0.00024068698,-0.00072817196,0.00026990054,-0.0024347897,0.0008492784,0.0009421289,-0.001116325,-0.00035879706,-0.00011496618,0.0003207159,0.0010441776,0.00050165836,0.0006614394,-6.186749e-05,-0.00017491703,0.0041841646,0.0007983134,-0.00045208406,0.0006593338,-0.00043953283,-0.0013377992,-0.00038167136,-0.00039164705,0.00017147862,9.955398e-05,0.00095823297,0.0004920249,-0.00065768237,6.844559e-05,0.0016941669,-0.000539514,0.0001262111,-0.0020133539,-0.0023987042,0.0014218541,-0.00042137955,-0.0024653652,-0.0006243513,-0.0008410259,0.00028516774,-0.00058082043,-0.0011149202,-0.0003993402,0.0009230325,0.0017575362,-0.00042276733,0.0006389336,-0.00056076556,0.002492953,-0.000649144,0.00021343543,0.00031134152,0.0016500059,-5.953619e-05,-0.0011120109,0.0008504093,-0.0012172465,0.001731872,0.00060797564,0.0005209554,0.00063351967,-0.00036822006,0.0003371656,0.00074125966,-7.1168746e-05,6.6795033e-06,7.5774995e-05,0.0015938404,-0.00030669008,-0.00045277306,-0.000969,0.001566769,9.8702105e-05,0.0004938783,0.0004115134,-0.00088841136,0.0005453664,-0.00079765375,-0.0015781838,0.00022448602,-2.5019866e-05,-0.0001499876,-0.00097292307,-8.2645834e-05,-0.0004348181,0.00077498914,-0.0002271745,-0.001126338,0.001108938,0.0034320934,-0.0004311596,-0.00096054946,-0.0005921137,-0.00076706475,-0.00083693967,0.00061745883,0.0011977314,-0.00064616516,0.00013914518,-0.0002896916,-0.0005691731,-0.001138848,0.0004054677,5.0213675e-05,0.00058962277,-0.0014836063,-0.000869699,0.0015689074,-0.002326867,0.0010689019,-5.739649e-05,-0.00013015664,0.00016082474,0.00032694533,0.00015463163,0.0004728879,-0.0007459934,0.0006404592,-0.00013254693,0.00040762097,0.0019731736,0.002727178,0.0010385694,8.937555e-05,-0.0006783497,0.00025807158,-0.0014769261,0.0015615124,-5.4536424e-05,-0.00046115686,-0.00059708895,0.00031661522,-0.0007163685,-0.00014550996,-0.0022302137,-0.00102118,-0.0019469643,0.00018225468,0.0009903422,9.021696e-05,4.428331e-05,0.0006567319,-0.0015304257,-0.00024408924,0.00079787424,0.00038603516,0.00026447471,0.0012511531,0.34008372,0.0017049721,-0.0027290743,0.0016084586,0.0009710103,0.0018665649,0.00022579789,5.8447622e-05,0.00059247593,-0.00019148941,0.00078345696,-0.00022840191,0.0030730276,0.0017225052,0.0015286661,0.00082920515,-0.0003272193,-5.4023272e-05,0.00103328,0.00073604373,-0.00027883812,0.0001372077,-0.00068497116,-0.0005925098,0.0026111193,-7.198443e-05,-0.0014235657,0.000664795,0.0025032258,-0.00026072378,-0.00010703621,-0.0012747558,2.9868e-05,-0.0010652497,0.0027703792,0.00023128094,-0.00021676252,-0.0008150821,-0.0005694295,0.00072230876,-0.0009203701,0.0005353293,0.00084013067,0.00036577042,-0.003467395,-0.0014902717,0.00012895795,0.0007925126,-0.002672927,0.0001277038,0.00028312454,0.00050100643,0.0009767778,-0.002431442,-0.0003133758,0.0005485217,0.00017020544,-0.00044381403,0.0005690492,-0.00061598944,-0.0012238161,-0.00097633933,-1.04409555e-05,-0.00066504185,0.00038843174,-0.0004024633,0.0011792892,-0.00086517655,0.00066723087,0.0006681272,0.00010143739,-0.0015164511,-0.00036039547,-0.0005246619,-0.00024641008,-0.0010034781,-0.000118515054,0.00028275404,-6.494851e-05,0.00056037237,-6.007616e-05,-0.00052065135,-0.0013961681,-0.00030734562,-0.00060700584,-3.169389e-07,-0.0005727754,-0.0002893997,-0.00046858797,-0.0007429743,0.00019040161,0.001067074,0.0003004988,0.00053123053,-0.0006591807,-0.0019655342,0.0016701121,0.0013896589,-0.00093975035,0.006518613,-0.000627822,-0.00063464866,0.0014096414
0.0012051907,0.0029753977,0.0002880397,0.0034128313,-0.0068971887,0.0019131405,-0.0009228006,-0.00093445374,-7.995608e-06,0.0005570456,0.0003021579,0.0003059261,0.00036933034,-0.00027525198,-0.0027376527,0.00062235113,-0.00014525156,0.00036824332,0.0025352302,-0.0006160937,-0.00043386687,-7.581152e-05,0.0005513286,1.4199726e-05,0.0007032681,0.00051729556,0.0042124046,0.00011460934,0.00081015116,-0.0037747019,-0.0024252257,-4.9710598e-05,0.0043815826,-0.0024112524,0.0020375054,-0.0021248162,-0.0037249136,0.00037557745,0.0014308571,0.0014842725,-0.00056856114,0.0011149596,0.00029365867,-0.0011362651,-0.00023421111,0.004221719,0.0013006147,0.0027206682,-0.001829017,0.00036946486,-0.00013280175,-0.00014304297,0.0028203113,-2.5700796e-05,0.00089093024,0.0041546817,-0.00029077654,-0.00050638843,-0.00031256358,-0.0006561961,0.00035790913,-0.0009726676,0.0005497573,0.0031706647,-0.0058695287,-0.00030721002,0.0013073224,-0.00034837,0.00044375588,0.0022445654,-0.0005685503,0.0019970809,-0.0016493492,0.0008103745,0.00032724784,-0.00023323236,-0.0020257272,-7.413582e-05,-0.001706407,-0.001148037,0.00053550507,0.0024684109,0.004290304,-0.00025495878,0.0013682805,9.0887625e-05,0.0022493158,0.0022096436,0.00033464623,1.949727e-05,0.0007622059,0.00011497315,0.00020436272,-0.0034310087,0.0004915965,-0.00049030693,-0.00095828867,-0.0027799099,0.0026396895,-0.0072604716,0.002134663,-0.0026766472,0.00052826817,0.0013064211,-0.006734319,0.0025016533,0.0031379387,-0.00047967205,0.00015229532,0.001809646,0.00013280258,-0.00023510646,-0.00081309874,0.00033687736,0.00016047792,0.00018053275,0.00043419443,-0.00026967234,-1.0928187e-05,0.000998024,-0.0037207552,0.0011283497,-7.3497555e-05,-0.00067607174,-4.0218692e-05,0.0010282567,0.00052724755,-0.0010405376,0.000550856,-0.00015210242,-0.00041524484,0.0007355302,-0.00016012818,-0.0013792494,-0.00018190162,0.0006164466,0.0002079604,0.002125069,-0.00058063236,0.0010219169,0.00094874884,-0.0006077121,-0.0011630747,0.0049945866,0.00011976205,0.0019826752,-8.316526e-05,-5.565893e-05,0.0013884349,0.00022996332,-0.0026475396,-0.0013795181,-0.00050029025,0.001593319,0.009351673,-0.00034421636,-3.2530006e-05,-0.0039680903,0.0015175439,-0.0022211724,-0.0013300584,0.00035369777,-0.0018670924,-0.003953652,-0.00034958796,0.0027752009,-0.0029973625,0.0024899067,-7.431224e-05,-0.0077212537,0.0013887445,-0.00097285653,0.00067194155,0.0002035106,0.00074024027,0.002304789,-0.0025409714,-0.0012245884,0.000104727675,0.0003367205,-0.0023297889,0.0011542015,-0.00014626802,0.0025390778,0.0017570718,0.0018746833,0.00062205887,-0.0005391159,0.0010295052,-0.00011826804,0.002306779,0.0030427736,-0.0008068805,0.0008972811,5.004436e-05,0.00023995021,0.0006559646,0.00028943177,0.33144084,0.001246184,-0.00030508573,-0.0019360838,-0.0015765894,0.0010096668,2.2790586e-05,-0.002033112,0.00088151783,0.00030219022,0.0008436388,0.00092475855,0.00050745974,-0.00032479287,-6.1149763e-06,0.0032363238,0.0008867734,0.0015477907,-0.0007195516,0.0013125828,-0.0015304245,-0.00025521414,0.0001320068,0.00086053315,0.00013084801,-0.0001515902,-0.002725403,-0.0032929806,0.0011361791,-7.2928575e-05,0.0015085316,0.00015352367,-0.0039129904,-0.0014368487,-0.0010053191,-0.00023481839,0.0029112452,0.00015481433,-0.00048376078,-0.0011848593,-0.00019737173,0.0030229965,-7.751963e-05,0.0040769544,-0.0005522022,-0.00081738114,-0.0021721465,0.00034908552,0.00047432148,0.00024920833,-0.0015469145,-0.00089939387,-0.0011426122,0.00025506387,-0.0004154082,0.0013290205,-0.0016095268,-0.001841246,0.0017226253,0.003347913,0.00013836988,-0.00023784659,0.0023143925,0.0034810351,0.0018205062,-0.00032451953,-0.0019033769,-0.0026124234,0.0016881751,-0.00054837554,0.00061637955,-0.00035330447,-0.00062086724,0.000486904,-0.0021907515,0.00024711798,-0.00013951934,-0.0005531148,-0.0010651293,0.0022629327,0.0010363521,-0.0033967174,-0.0010894132,-0.0007609179,-0.0021736014,0.0013364151,-0.0006872268,-0.00014644874,0.0019483847,-0.0012285316,0.0038523218,-0.00021428002,-0.0003658928,0.0009417931,0.0021864998,-0.002269112,-0.00021868451,0.0017502665,-0.001592312,0.0021896136,-0.00030248347,-0.0006304739
-0.001453624,0.0013005387,0.00021045432,-0.0003512749,0.0035590448,-0.0021318046,-0.0020497122,0.0007122372,-0.0024875784,-0.0003825098,-0.00041722052,0.00021055818,-4.1317813e-05,-0.0006778768,0.0016067538,-0.00033991883,-0.0015847731,-0.00042065798,-0.0009276187,-0.00022034209,-0.00062253384,-0.00088624196,3.111523e-05,-0.0028711543,0.0002862427,7.6897166e-05,-0.0017260503,-0.00028590747,0.0024444023,-0.0018830723,-0.00030733028,-0.00026587196,-0.00065922906,0.0007480393,0.0013643674,-5.5063185e-05,0.0009682685,0.00039322025,-0.00041026645,0.00037927224,0.00025518527,-0.001192681,0.000138328,-0.00023370591,3.9132232e-05,-0.003441674,0.0013079714,0.00018934431,0.0028705678,0.00033163876,-0.0008288654,0.00024356905,-0.002075655,0.0005965131,0.00077190646,-0.001427974,-0.000521225,-9.024723e-05,0.00029727677,0.0008582047,0.0004877113,0.0007301826,6.7225155e-05,0.0005969754,0.0041179988,0.0005252965,-0.00026751647,0.0006319626,-0.00041466302,-0.00045450474,-0.00043420139,-0.00038401276,-0.0009140932,0.0001453555,0.0007350421,0.0008137484,-0.00075410673,9.8107084e-05,0.0021197693,-0.00050922943,2.8879871e-05,-0.0015022673,-0.0022946286,0.0012825949,-0.0003133298,-0.00064453256,-0.00022183706,-0.00010564694,0.00010723116,-0.0004679524,-0.0008664312,-0.00031594982,0.00077231886,0.0016798382,-0.000347969,0.0006427861,-0.00053547387,0.0018613846,-0.0005248662,-0.000391502,0.00037148868,0.0016350214,-0.0002678036,-0.0004559108,0.00035703654,-0.0012662972,0.000815665,0.00049519737,0.0012190779,0.0004155556,-0.00034565778,0.00021390595,0.00049874577,-4.877355e-05,-4.168391e-06,8.591174e-05,0.001284724,-0.00024524517,-0.0003963465,-0.00077175436,0.0010826685,0.00015303135,0.00036965884,0.00051525,-0.0008968557,0.0008113915,-0.0006931285,-0.00088401866,0.00027858274,-0.000106217936,-0.00018327394,-0.00080592826,2.6213187e-05,-0.0004526295,0.0006186363,-0.00020983985,-0.001017252,0.0012530234,0.0032298446,-0.00029830547,-0.0003957699,-0.00031076875,-0.0013505239,-0.000755367,0.00052956084,0.0012227738,0.00039419363,0.00013550998,-0.0002985767,-0.0004523417,-0.0008164403,0.00017719695,8.32315e-05,0.0001664698,-6.33989e-05,-0.00087699667,5.5042005e-05,-0.0020320814,0.00087197433,-3.458065e-05,-0.00073383155,0.000103869155,0.00026870365,-0.0019382652,0.00049284793,-0.00053954014,0.00047826755,-0.00021588385,0.0004229533,0.0007932758,0.0019189797,0.00085442676,0.0001525012,-0.00029551663,0.00018072952,-0.001249796,0.0013028629,-0.00041537365,-0.0005461314,-0.00048192564,0.00022775303,-0.0006540011,-0.00013073979,-0.0022028722,-0.0006937421,-0.0014422874,0.00030237416,0.00086929067,9.249548e-05,-4.7207206e-05,0.0011438499,-0.0011375515,-0.00015836822,0.0007226647,0.00029575618,0.00023610861,0.001173185,-0.0007909648,0.001278131,0.33688056,0.0013342377,0.0011482864,0.0013428548,0.0005900908,4.7288617e-05,0.0007883803,-0.00011733551,0.00083750504,5.844514e-05,0.003038387,0.0009407747,0.002107973,0.0008030963,0.0001385763,-0.0002384628,0.00092120294,0.000565924,-0.00011203396,0.00014737232,-0.0018133821,-0.00044366624,0.0023729575,-5.8151414e-05,-0.0009926859,0.0003202185,0.0017535366,-0.0002265547,-0.00014744276,-0.0009858031,1.8048524e-05,-0.0011774858,0.0028798173,0.00021824587,-0.00047733134,-0.0006141557,-0.00041174356,0.00015467903,-0.00011201438,0.00034339912,0.0010382609,0.00040930955,-0.0027687408,-0.00089230336,-0.00010462383,0.00084750174,-0.0021492238,4.763918e-05,0.00024618366,0.00014856466,0.0005966975,-0.0023390441,-0.00013846539,0.0003566414,0.00016451307,-0.00039918898,0.0009670022,-0.00031097978,-0.0010811532,-0.0006135043,3.855354e-05,-0.00028191457,-0.00021411093,-0.00015298114,0.0012620834,-0.0006272685,0.00031790548,0.00027905506,-0.00010574768,-0.0011760659,-0.00036505546,-0.00021256618,-9.5536336e-05,-0.00088292774,-0.00011747068,0.00018304161,-0.000113500035,0.0005268852,0.00012497888,-0.00061956083,-0.0016157142,-0.00012851201,-0.00059111847,-0.00015799447,-0.00013743681,-0.00027351873,-0.00036059922,0.0017352959,-0.0002649596,0.001290436,0.0005099655,0.000390985,-0.0005339738,-0.001884771,0.0011506678,0.0006086299,-0.0006669569,0.004631276,-0.00032132323,-0.00063692353,0.0021183924
0.0017160389,0.00024548435,-0.00016498085,0.0027669326,-0.004668246,0.0014413364,0.0015020656,-0.00074307254,0.0029669588,0.00055926206,0.00052778557,-9.80638e-05,0.00035327056,0.0008668263,-0.0015406267,0.000517264,0.0012000588,0.00084815145,0.0014227224,0.0002764243,0.0009297159,0.0011754769,0.00019650487,0.0030663277,-0.0002835051,-0.00036646432,0.00021666723,0.00036627118,-0.0026329954,0.002445227,-0.0011390226,0.00044915898,0.0009285811,-0.0010231609,-0.0014457743,-0.00022182964,-0.00164903,-0.0003989529,0.0006925177,-0.0003846878,-0.00044150202,0.00047012506,0.0002584013,0.0003319536,-0.00015252286,0.002972503,-0.0022992617,-0.00026363565,-0.0028932993,-0.00016111424,0.0008262325,-0.00021135385,0.0027697312,-0.0009425271,-0.001204466,6.380289e-05,0.0004773434,5.7184494e-05,-0.00042715055,-0.0010490036,-0.0006911495,-0.0008111321,0.000115191746,0.00021450417,-0.0032645431,-0.00073324505,0.00062890013,-0.00074455555,0.00042366292,0.0015839796,0.00041576655,0.0005551459,-0.00022076702,-0.00010793955,-0.0010630912,8.246001e-05,0.00088420976,-8.1467326e-05,-0.0012810418,0.0005787038,-0.0001302296,0.002195339,0.0021007124,-0.0014808623,0.00051623816,0.0023935875,0.00094810716,0.0013205807,-0.0003614485,0.0005375526,0.0013264854,0.00042917058,-0.00092840823,-0.0015704226,0.0004245956,-0.0007504241,0.0006008747,-0.0026649951,0.0005368244,0.00066825,-0.00028439605,-0.0020216585,0.00015727208,0.0014430347,-0.0002541964,0.001656017,-0.0018415414,-0.0004949179,-0.0006121648,-0.0006711834,0.00044951393,-0.00018628697,-0.00084546325,9.0824105e-05,-1.1922734e-05,-3.2016476e-05,-0.0019560652,0.00030793986,0.0005249261,0.0011091842,-0.0017690946,-8.345484e-05,-0.00032427473,-0.00039525927,0.0010583964,-0.00043227494,0.000993562,0.0015639251,-0.0001838593,0.0002380259,0.00017309711,0.0012095891,4.0290357e-05,0.00071337156,-0.00091857207,0.00033724142,0.0011635585,-0.0018582157,-0.0044012596,0.00044810172,0.0011263128,0.00055270025,0.00044609976,0.0028094642,-0.00057588617,-0.0011521456,0.0005089176,-8.2883904e-05,0.0003305724,0.0005757931,0.0012809255,-0.00016275172,-0.00018066513,-0.0009125753,0.00057021045,0.0007090907,-0.001940772,0.0028461942,-0.0011318743,0.00042179404,0.00043477665,-0.00014603726,-0.0007271913,-0.00013421134,-0.00045635464,0.0010988734,-0.0005557087,7.57812e-05,-0.00024363936,-0.0014932296,-0.0031136519,-0.0011146059,-0.00012019192,0.0005906136,-0.00022818455,0.0018405732,-0.0020707592,-0.00023230124,0.00036841742,0.0009042833,-0.0004933435,0.0007730055,0.00016180634,0.0023310748,0.0011346152,0.0018455732,-0.00024098597,-0.0011357181,-0.00011204321,8.5340325e-06,-0.0005079887,0.0016261872,0.00023408151,-0.0007475059,-0.00040930143,-0.00029976649,-0.0013115465,0.001023219,-0.0015349373,0.0027355992,0.33887425,-0.00091047614,-0.0015279754,1.5013308e-05,-0.00015340417,-0.00025081894,0.00033413753,-0.0008698017,0.0003056374,-0.002482156,-0.0021251976,-0.0014877034,-0.0008791708,0.0013703414,-0.00046977747,-0.0012042735,-0.000787996,0.00030215218,-0.00018415139,0.00078215776,0.0006977308,-0.0031009328,3.977577e-05,0.0014276734,-0.0007466365,-0.0028895126,0.00017920094,0.00018651472,0.0015393123,7.1376526e-06,0.0013837029,-0.003316929,-0.00020178758,0.0002041001,0.0008652309,0.0005447221,-0.0010008254,0.0016290714,-0.00053075753,-0.00079206185,-0.00022899538,0.0035370106,0.0017343756,-0.00014578778,-0.0014148772,0.0028842108,-0.00012717047,-0.0002768311,-0.0008804671,-0.00086018315,0.0030181287,0.00027781556,-0.00060271507,-7.885631e-05,0.00046993498,-0.00047190618,0.0007134314,0.0011340142,0.0012852148,-1.889165e-05,0.0003600756,-0.0009499872,0.00035799117,-0.0005143292,0.0007953361,-0.0009839026,-0.0011030867,-0.00017024463,0.0015992038,0.00031982653,0.0009995409,0.00023922956,0.0011545761,8.160297e-05,-0.00035606438,-2.06861e-05,-0.00077707286,-0.00032510576,0.0004440705,0.0010560314,0.0003443299,0.000854898,-4.6566187e-05,0.0007161273,0.00021272761,0.00049181085,0.0009630792,-0.000656991,-0.0014312088,-0.00060535717,-0.00065147545,0.0008026906,0.0023078336,-0.0018256113,-0.0023080374,0.0010601813,-0.0073571387,0.0009753997,0.00062366616,-0.0010356792
0.0006483586,0.00017488057,0.0002266116,0.00064648065,-0.0032931655,0.0016449622,0.00021496936,-0.000559938,0.0003522291,0.00016985228,0.00012445654,3.1348536e-05,4.7332924e-05,-0.00012495916,-0.0017142252,0.00029107,0.0004429846,9.458046e-05,0.0009478111,-0.00032481214,-0.00024406172,6.648352e-05,0.00029647668,0.0005254139,0.00031151937,0.0002524509,0.0032053855,9.957541e-06,-0.00023618051,-0.0016192928,-0.00030865497,-5.469176e-05,0.0019294771,-0.0010865717,0.0005969791,-0.00070495444,-0.0016643065,0.000116258794,0.00064725504,0.00066487497,-0.00021283822,0.0010879097,-9.46594e-05,-0.0004077829,-3.4812354e-05,0.0029883818,0.00087084353,0.001268126,-0.0014490854,2.1725124e-05,0.0001610537,-8.4988664e-05,0.0014004568,0.00016060741,0.00047394706,0.0027217232,9.288205e-05,-0.00022645964,-0.00024427936,-0.0003022074,0.000141295,-0.00061144313,0.00022410859,0.0008837843,-0.0039594052,-0.00017927754,0.0005244594,-0.00018616012,0.00026496223,0.00044249248,-0.00014207687,0.0009526484,0.00015606277,0.00035381498,0.00016477032,-0.00057169574,-0.00082761643,-1.3203833e-05,-0.0015403013,-0.0003936044,0.00028062967,0.0010209029,0.0022964955,-0.00025354524,0.0006277848,-0.001173798,0.00072107726,0.00048146865,0.000213527,3.861494e-05,0.00029025172,3.7917114e-05,7.954146e-05,-0.0019321204,0.00026136197,-0.000267482,-0.00047563037,-0.0011894242,0.0012402876,-0.003121429,0.0008927584,-0.0015603832,0.00041993937,0.00019216877,-0.0033104485,0.0013687485,0.0018812304,-0.00016438679,-0.00065753225,0.00094498263,2.7101858e-05,-4.2542702e-05,-0.00030490762,0.00012864804,6.8530426e-05,7.000464e-05,0.00025800173,-0.00013819184,1.6192189e-05,0.00041801555,-0.0017135153,0.00046061323,-7.437901e-05,-0.00046103622,9.3838855e-05,0.00014922977,0.00021049651,-0.0008014286,0.00016950919,-8.2629216e-05,-0.00016918685,0.00024168337,-0.00015247038,-0.0005892914,-5.2415053e-05,0.0003201109,0.00018899221,0.00085407577,-0.0003764467,0.00046258973,0.00016277737,-0.0002782019,0.00010763316,0.0032789533,0.00014962615,0.000684493,-0.0006954327,-9.744975e-06,0.0006856663,0.00012210807,-0.0013676004,-0.000596703,-0.00022668818,0.0011548646,0.0036764569,2.0558638e-05,0.0007759296,-0.0018323602,0.00072357414,-0.0011727632,-0.00012776293,0.0002179473,-0.00082415337,-0.00033710635,-0.0002522272,0.0011505436,-0.0014414788,0.0013091295,-0.00014316814,-0.0030414741,0.0011659721,-0.00051012135,0.0003347728,-0.00011713261,0.00039957277,0.0009651331,-0.0010873785,-0.00012430175,0.00021902438,8.4072475e-05,-0.0010428919,0.00061570294,-9.489469e-05,0.0015235702,0.000718889,0.0009006255,0.00023043698,-0.0003279109,0.00051188667,2.1530976e-05,0.00054940686,0.0013412378,-0.00039721624,0.00044055603,1.5680589e-05,4.9098344e-05,0.0001900812,0.00015355553,-0.0033619415,0.0013408011,-0.000110499874,0.3395626,-0.0007539205,4.9295766e-05,1.7008397e-05,-0.0013416999,0.0003865124,5.7425106e-05,0.00011133276,-0.00021338892,0.00067145453,-0.0010305968,-4.0630493e-07,0.0011155608,0.00082442426,0.0008102987,-0.0003679853,0.00046960678,-0.00080647256,0.00104767,3.2885324e-05,0.0002163721,0.00010439975,-0.00024340603,-0.0010817638,-0.0013337897,0.0005873503,-9.3512725e-05,0.0006554967,3.2025957e-05,-0.0016437862,-0.0011530082,-0.00039974734,0.00016163543,0.0013362905,1.7675326e-05,0.00016562738,-0.0014291336,-7.431308e-06,0.0011245706,-3.5943962e-05,0.0020588485,-0.00053366827,-0.00028458552,-0.0010135485,0.00016496316,0.00026671466,0.00013456366,-0.00043657373,-0.00025267317,-0.00013301647,-4.301272e-05,-0.00018528209,0.0005956687,-0.00073627895,-0.0014362654,0.0007050636,0.0017001881,-0.00017040096,-0.000111593785,0.00101136,0.0021739197,0.000720263,-0.0005090296,-0.00091834186,-0.00091866235,0.0011412799,-0.00025961807,0.00021531637,-9.881846e-05,-0.00059513364,9.919334e-05,-0.0009239681,0.00019515122,-5.910437e-05,-0.00022663244,-0.00053512404,0.0010306367,0.00066010933,-0.0009672184,-0.0006152479,-0.00037105352,-0.0008238858,0.00028317273,-0.00027886027,-0.00011322317,-0.0011103919,-1.811823e-05,0.0015372911,-0.00021508582,-0.00016389061,0.00046324014,0.0012956696,-0.0008581914,0.00052330224,0.0007503501,-0.00066373026,0.000725732,-6.972579e-05,-0.0012958287
0.0005014661,5.1421568e-05,-0.0002197868,-0.0008978458,-0.0018034565,0.00046752734,0.00052385405,-0.00019039525,5.8121335e-05,-2.5315341e-05,3.1164655e-05,0.00013729821,2.4054e-05,8.0935315e-05,-0.00028255602,1.9484383e-05,0.0003897306,0.0002664219,0.0007283905,-2.1418196e-05,8.500746e-05,-0.00015732758,2.3718238e-05,2.1277297e-05,-4.86342e-05,0.00034140862,0.00048464345,6.0386337e-05,0.00027549217,-0.00030716343,2.9183648e-06,-1.1693326e-05,0.0010135741,-0.00062988204,0.00028400662,-0.00062373787,-0.00051794027,-0.00015280135,0.00016338547,0.00013720428,-9.244665e-05,0.0004216092,-0.000117450974,0.00015024102,-6.0278795e-05,0.0012875582,-0.00016317326,0.00020329746,-0.00046676036,-0.00010884231,-1.5195625e-05,-8.5927146e-05,0.0005536343,-0.00016926629,0.0001261689,0.0014680147,-6.073161e-05,-1.5427646e-05,-0.00020234405,-0.00031594423,0.00013843033,-9.0412286e-05,3.1073778e-05,0.00049990986,-0.0019556873,-0.0002652041,0.00020822724,-0.0001082994,0.00014641896,0.00049728015,3.4821365e-05,0.00013413336,-0.00026562973,0.00011427263,-5.465153e-05,-0.0007555285,-0.00031957097,-7.272206e-05,-0.001012764,-0.0001442659,5.6819215e-05,0.0005578702,0.001068472,-0.00037186875,0.00028601108,0.0009772789,0.0002439251,0.00015971433,0.00012847545,0.00010770789,0.0001498174,5.17608e-05,-0.00012251089,-0.00089394394,0.000120440964,-0.00021563174,-0.00012525788,-0.00054963323,0.00054101803,-0.0016399589,0.00013652477,-0.00014953765,-5.259923e-05,0.0002147479,-0.0010503038,5.6312303e-05,-0.00037715622,-0.00030286727,0.00021335598,0.00011728394,6.3215964e-05,-1.621699e-05,-0.00020943493,4.6513243e-05,1.8930643e-05,-6.8921414e-05,-5.4989134e-05,2.2037468e-05,2.0661002e-05,0.00023171795,-0.0005932805,0.00015459924,-0.00019528929,-0.0001923044,-2.9222378e-05,-8.57859e-05,9.457727e-05,0.00060738606,4.4859706e-05,-9.2633214e-05,-1.0074055e-05,7.289006e-05,8.026532e-05,-0.00035360866,-3.431554e-05,6.633746e-05,0.000111951296,0.00067574845,0.00015082753,0.00020385112,0.00013325809,7.081739e-05,0.0002713694,-0.0022109032,-9.479427e-05,-0.00012416167,0.00050209864,-5.488171e-05,0.00014482452,9.382371e-05,9.771995e-05,-0.00054283167,0.00013048058,0.00025499635,0.002146456,0.00012646361,-0.00022413967,-8.000262e-05,-6.418259e-05,-0.00046729427,-0.00057587336,-4.0240855e-05,0.00019654247,-0.00096163637,-0.00026725355,0.00046542913,-0.0005989651,0.00033905535,-0.00026544332,-0.0013990088,-0.00035685292,-0.00038032644,1.9216532e-05,0.00032938767,4.759759e-05,0.00042942996,-0.00018984781,5.3093023e-05,0.00017130096,-0.00014765677,-0.00017503039,0.00023854699,-1.29421605e-05,0.0006759247,0.00037330712,0.0008417864,5.8763693e-05,-0.00014486749,0.000108530425,-3.6978596e-05,-3.1825904e-05,0.0006276622,-0.00010528395,1.5181431e-05,-2.142596e-05,2.8843624e-05,-8.333377e-05,0.00015443291,-0.0015451418,0.0006513075,-0.00012372738,-0.00039416208,0.34025294,-8.356116e-05,4.3257267e-05,-0.00063092884,3.8973412e-05,-3.3139564e-05,3.481408e-05,-0.0014931095,-0.00015592588,-0.00030573364,-0.00018414912,-0.00058417505,0.00035851225,5.109967e-05,-0.00026612694,0.00028360105,-0.00011601305,-0.00018368104,8.349142e-05,-7.5383694e-05,8.001178e-05,0.00050691573,-0.00045364912,-0.0005065742,0.00026272648,1.3977498e-05,0.00025467115,-9.8202545e-06,-0.00035908888,-0.00025845403,-0.00032339085,-4.72932e-05,0.00049018237,0.00017435473,-8.832237e-05,-0.00041859932,-5.4821394e-05,-6.0223887e-05,-9.9700745e-05,0.001285384,0.00012367239,-0.00016594186,-6.769095e-05,0.000508435,4.8564238e-05,-3.4620076e-05,4.576984e-05,-0.00051424926,-0.000229913,0.00015874696,-6.89416e-05,8.83503e-05,-0.00012172785,-0.0001947893,0.00028448453,0.0005541039,-9.790052e-06,-1.2910119e-05,0.00082684634,0.0005024302,0.00042820416,-0.0013339231,0.00016357629,-0.0001987089,0.00035328505,-8.616437e-05,0.0003829261,5.3397584e-05,-0.00032067916,6.2218256e-05,-4.683109e-05,9.838771e-05,1.4486986e-05,-4.8934307e-05,-5.8525915e-05,0.0006368251,0.00031221888,0.00055529975,-7.6409946e-05,-0.00017031365,-0.00025949164,0.00024542204,-2.9051987e-05,6.4567044e-05,0.0004952991,0.0001915397,0.00034355727,0.00029475125,-0.000109848894,0.00013352637,0.00032385986,-0.00052417663,0.00035274998,0.0002886876,-0.0010857735,0.00022085055,8.005929e-05,-0.00055111246
0.0012732035,-0.0030513364,-0.00062657293,-0.0037650291,-0.001788207,0.0016859925,0.0032312493,-0.00048269017,0.0024713348,3.7630223e-05,0.00030141443,-0.0002630861,-0.00017128857,0.00080747326,-0.00059495354,-4.957935e-05,0.0022688457,0.0004914985,0.0002598111,0.00058958353,0.0008980234,0.0007610415,-0.0001724713,0.002941973,-0.0006014685,3.17014e-05,0.00072292646,0.00022017893,-0.0023095177,0.0030887884,0.002004136,0.00031087906,-0.00038618076,-0.00022583129,-0.002081149,0.00061999203,0.00049430673,-0.00075311435,-0.000260509,-0.00096774264,-4.7608668e-05,0.0014036244,-0.00067070057,0.001003695,5.8891022e-05,0.0023227946,-0.0018253151,-0.0013414733,-0.0025266036,-0.0008611142,0.0008821407,-0.00027227687,0.0008749465,-0.0006856863,-0.0008756449,0.0015881045,0.00062939874,0.0002722098,-7.218419e-05,-0.0008844964,-0.0006061642,-0.00025761206,-0.00023204647,-0.001872061,-0.0035984342,-0.00065907877,-0.00020552884,-0.0005287954,0.00037208694,-0.00047478828,0.0007784845,-0.00050161633,0.0019260603,-0.0005318381,-0.00090548466,-0.0020956306,0.0013346078,-0.00010732402,-0.0027946616,0.0009858619,-0.00028218667,0.0006128772,0.0009915265,-0.0015286139,-0.0002458669,0.0012242795,-0.00093496044,-0.0012595395,-0.00023117864,0.00063434045,0.000549054,0.00031078106,-0.0009562665,-0.0012823639,0.00021409613,-0.00051851233,0.0008460018,-0.0009121052,-0.00023743181,0.0022668724,-0.0013698923,-0.0003228429,-0.00010888542,-0.00014828461,0.0015901502,-0.00015149036,-0.0025769714,-0.0005467899,-0.0012277388,-0.001169637,0.0002836045,-0.00025967156,-0.0001802322,-6.7645386e-05,7.5990006e-06,-0.00018565038,-0.0013294852,0.0003656707,0.00025532063,0.00044262566,0.00021781877,-0.00059807044,-0.0004404112,-0.00045198653,0.0007597044,-0.0014565076,0.00041020676,0.0018992693,-0.0004995604,5.920376e-05,0.0003228403,0.00031246356,0.00015551838,0.0007027898,-0.00043591522,-0.00019571737,0.0009758023,-0.001406656,-0.0016569054,-7.39065e-05,-0.00024727776,0.0007676797,0.0025783281,-0.0034411855,-0.00068225386,-0.0025081933,-0.0005030762,-0.0001444891,-0.00021158626,0.00046929397,0.0020577393,-0.00014454166,0.00026365265,-0.00032895486,-0.0020097515,0.0011300795,-0.0002512865,0.0036940423,-0.0015677739,0.00045330255,0.0008179703,-0.00031766586,0.0011333296,0.003022509,-0.00060745206,-0.0005840296,0.00034210182,-0.0006226931,-0.00087119784,0.0013247216,-0.0028454345,-0.0007772743,-0.0004656777,0.00052578474,-0.00041586426,0.00014266482,-3.229465e-05,0.0014254613,0.0007870858,-4.477064e-05,0.00084503525,0.00034788906,0.00017834433,0.0016728193,7.967113e-05,0.0013832262,-0.00055198045,-0.00074646395,-0.0005090981,2.0032372e-05,-0.0024988803,0.00011004567,0.00049392966,-0.0010653329,-0.00045389438,-0.00032495143,-0.0015697837,0.0007751221,0.000748991,0.0030226293,-0.0011578635,-0.00075536483,-0.0015652272,0.33919775,-0.00012878992,-0.00074095133,-0.00029284894,-0.0010030001,-0.00057612144,-0.005469816,-0.00083821284,-0.0024381205,-0.00076206843,-0.0031618797,6.87093e-05,-0.0015203902,-0.000505878,-0.0002515574,0.00048640132,0.0020201937,0.0005162215,-0.002734854,8.950731e-05,0.0014527611,0.0006451605,-0.00037495967,3.0336554e-05,0.00022669628,0.0003304642,-1.581539e-05,0.0027098844,-0.002357288,-6.191702e-05,0.00065666105,-0.00033883812,0.0004941759,0.00020951711,-0.0004309371,-0.00035816405,-0.002850675,-0.00044220852,0.002151615,0.0009966017,0.000363353,0.00047816915,0.0021556346,-0.00019240398,-0.0003610399,0.00092910643,-0.0006565916,0.0023685782,4.0032755e-05,-0.00027482788,-0.00077536766,0.0010268103,-0.0004462703,-0.00034969143,-7.349669e-05,0.00029481517,0.00012333531,0.00022573587,-0.000486623,-0.00030568588,-0.0026804337,0.0017582042,0.0010756089,-0.00035222154,0.00020396333,0.0012169906,0.000623583,-0.0001885055,-0.00022153374,0.0018188633,4.3818556e-05,-0.00015801685,0.00036993588,8.2012935e-05,-0.0004452974,0.00042463085,0.0040127416,0.00054048066,0.0007464897,0.001037792,-0.00048545894,0.0005882678,0.0004408402,-0.0029477263,0.0014242586,-0.002572274,4.8845548e-05,-0.00024319073,0.00020021912,0.0011379295,-0.00037748177,0.00043891958,-4.0871048e-05,-0.0038023337,-0.0008417002,0.00089029706,-0.0027059286
-0.00019881476,0.00022015444,0.00029003288,0.00035253278,0.00034921285,0.00030292265,-0.0004978775,-9.817425e-06,-0.00046620486,1.7316022e-05,-6.0680624e-05,-4.864236e-06,-4.5622786e-05,-0.00023704862,-0.00036918453,7.1828625e-05,-0.00018064062,-0.00022705906,-0.00020778753,-0.00020960596,-0.00032522512,-0.00016130546,9.4687945e-05,-0.0002766803,0.00021643774,9.263994e-06,0.0010815525,-0.00013693987,0.00020504613,-0.0009907583,-2.3949797e-05,-0.00013971004,0.0003051881,5.03703e-06,0.0003538136,-7.893349e-05,-0.00036050467,0.00013403299,8.3396575e-05,0.00032269923,4.271291e-05,0.00020083446,9.9948675e-06,-0.00040570687,5.1181116e-05,0.00024336198,0.0008839703,0.00055964215,-7.3077244e-05,0.00012170287,-3.677393e-05,3.9698964e-05,4.2837848e-05,0.00034121066,0.00038482682,0.00047120923,-6.8498666e-06,-9.940109e-05,1.18570615e-05,0.00018934789,0.00021750068,-0.00012402047,0.00015671596,0.0001933699,-0.00026857675,7.8823236e-05,1.5376067e-05,6.97966e-05,-2.9153494e-05,-0.00027736358,-0.00012853844,0.00034557044,0.00012458218,0.00023811452,0.00026944632,0.00017343558,-0.0003669714,-2.3981574e-05,-4.4199915e-06,-0.00022449547,0.00010896678,-0.00016061265,0.00034508188,0.00031538718,0.00012700834,-0.0012720447,0.00013348857,-3.185038e-05,1.1151631e-05,-0.00013933441,-0.00015688768,-8.304721e-05,0.00025413296,-7.987568e-05,6.520813e-05,4.868852e-05,-0.00030752752,0.00012268854,0.00025342725,-0.0010158612,0.00045745407,-0.00035316052,0.00022683619,-0.00028121116,-0.0010614555,0.0003874221,0.0012866467,0.0001938116,-0.0004398693,0.000538274,-0.00010484131,9.2149676e-05,7.389182e-05,3.0113712e-05,5.354605e-05,4.973371e-05,0.0004570829,-0.00012315369,-8.2916726e-05,-9.647649e-05,-0.00018551732,0.00016973785,4.457443e-05,-0.00013271469,-9.140204e-05,0.00016809223,-0.000112033056,-0.0008931852,9.699408e-05,2.9786817e-05,-0.00015231,-9.06922e-05,-0.00012866364,-0.00022594146,0.00012673711,5.258515e-05,-0.00019724874,0.0003804217,0.00034688358,5.5641936e-05,-0.00011194647,-0.00027984552,-0.00018819972,0.0008210464,0.00016158368,0.0006112953,-0.0004506237,1.6177668e-05,0.00018729064,-0.0001124228,-0.0009162863,3.685336e-05,-0.00016576673,0.0005519341,0.0003000558,-0.00018404542,0.0007425839,-0.0013782209,0.00057181594,-0.00037542818,0.00011862858,0.0001859632,-0.00031150857,0.00043388296,-5.270599e-06,5.7139667e-05,-0.00030213362,0.0005118144,0.000115198156,-0.00048736602,0.0011886175,0.00017631838,5.7421843e-05,-0.0003080612,0.00019572704,8.1140024e-05,-8.642923e-05,-7.003402e-05,-5.527614e-05,3.1654245e-06,-0.00041454367,4.511473e-05,-3.173404e-05,3.5656758e-05,2.9507202e-05,-0.00034880522,0.00014454317,0.00012225009,0.00022348046,-7.974096e-06,0.0003329071,9.39788e-05,-0.00020972396,0.00031414648,7.1588016e-05,0.00011016577,0.0003997205,-0.00018162452,-0.00044477524,-3.445233e-05,0.000339263,-0.00026369918,0.00042054232,0.00014501481,0.34176192,-0.00025712687,0.000109043634,0.00024040743,1.0036905e-05,0.0008010146,0.0007476269,-6.348879e-05,0.00020102407,0.000454028,0.00043301383,0.00048679247,8.055271e-05,-1.3073383e-05,-0.00026281335,0.00035021704,-0.00012409256,0.00077004667,-4.028153e-06,-0.000639645,-0.00021174521,7.7067045e-05,0.00011732812,-5.9955237e-05,-4.375187e-05,-2.9127877e-06,-0.0009926185,0.00020615773,-9.8190365e-05,4.0501956e-05,0.00026855568,-0.00018632357,0.0002857686,-0.0007123395,0.00014102273,0.0007346708,6.920597e-05,-4.0797244e-05,-0.00063277077,-1.5803422e-05,-0.0002522798,-0.0006585845,9.8813915e-05,0.0001059544,-9.363103e-05,0.00029460553,-0.00058226194,-0.00015001872,5.6557365e-05,0.00028015563,-0.00038701567,-0.00042018734,9.019063e-05,0.00026800833,-0.00031998,-1.7973458e-05,-6.336052e-05,0.00090807304,8.69956e-05,0.00052361505,-0.00071255176,-0.00022803358,0.00053873553,1.1022943e-05,-0.0003077134,-0.00014174743,-0.00025858422,5.3067164e-05,-0.00057743554,5.3932166e-05,6.801658e-05,-8.537123e-05,-0.00012119185,0.0002487762,8.3080275e-05,-0.0009963667,-0.0003560172,-0.00025327574,-0.0002932083,-0.00012906278,-0.00016150642,-0.00016703627,-0.00072311366,-2.7208462e-05,0.0007903045,-0.00016734152,5.2092433e-05,1.3984862e-05,-2.0831729e-05,0.00015154094,0.00042840902,6.8557194e-05,0.0013968622,0.00021515442,-0.00020325459,-0.00011489008
0.00037418844,-0.0007846413,-0.00034063775,-0.0016229739,-0.0012872627,0.0007058696,0.00076706853,-0.00020728762,0.0002887,-6.0777864e-05,-2.4466866e-05,1.1958559e-05,-0.0001400444,3.0007755e-05,-0.00035781428,-3.688037e-05,0.00063258945,0.00011481247,0.00022106923,-6.215197e-05,8.820316e-05,-5.305065e-05,-2.259362e-05,0.00024186724,8.685678e-06,0.00026239912,0.0011622475,8.289888e-05,-4.8450253e-05,-0.00028685416,0.00066171034,8.5051615e-06,0.0006095024,-0.00040260615,-7.411513e-05,-0.00019097181,-0.0001166209,-0.00017320753,2.7561313e-05,-1.8872592e-05,-5.0508053e-05,0.0007363975,-0.00032507724,-1.18817825e-05,-1.5763282e-05,0.0011287794,0.00012112294,0.00013734333,-0.00085579226,-0.00010163804,0.00014834294,1.189097e-06,0.00023141105,3.652882e-05,6.709923e-05,0.0016745743,6.3181156e-05,-5.5571465e-05,-4.3782857e-05,-0.0002240935,4.88444e-05,-0.00014441588,-2.6419693e-05,-5.0216106e-05,-0.001860812,-0.0003124169,5.7705074e-06,-9.605144e-05,0.000127855,-0.00011222642,0.00012657171,3.9110106e-05,0.0006389924,-1.34491875e-05,-3.5389632e-05,-0.0011351702,-0.0001404226,2.2608292e-05,-0.0011929338,1.2931534e-05,-2.4774694e-05,0.00015190817,0.00056544424,-0.00027210393,2.4724015e-06,-0.00040249235,-0.000109296954,-0.0003962163,7.089719e-05,6.0499588e-05,2.981647e-05,1.9447007e-06,-8.06628e-05,-0.0009681729,4.689415e-05,-9.45992e-05,1.6806194e-05,-0.00022643259,0.0003312682,-0.001044435,-7.511939e-05,-0.0001619009,1.4537341e-05,-0.00019480822,-0.0009896582,2.766863e-05,5.0004266e-05,-0.00012124892,-0.00018534267,8.913364e-05,3.095225e-05,-7.039952e-05,-8.20966e-05,1.6908438e-05,-2.1039588e-05,-1.7894026e-05,4.8452923e-05,-3.0115454e-05,-5.16947e-05,6.3246145e-05,-0.00029753847,-2.539875e-05,-0.00010969237,-0.00021036784,-1.6412832e-06,-0.00029102294,7.222589e-06,0.00019473907,-3.4687055e-05,-1.1017768e-05,3.2207434e-05,-8.8134664e-05,8.927548e-06,-0.00020929336,5.1788455e-05,4.348739e-05,0.00012388204,0.0004654696,0.0005145994,4.1164436e-05,-0.00021985002,7.403963e-05,0.00069883233,0.00033156716,-9.9184675e-05,-0.00033741244,-0.00029084072,1.7974211e-05,0.000107110915,6.549219e-05,-4.667075e-05,-0.00038548998,0.00012087169,0.0004854072,0.0011776584,0.0002125196,0.00037420096,-2.9647406e-05,-6.978887e-05,-0.00040513818,-6.0545837e-05,-1.7188611e-05,0.00021938064,0.0005023996,-0.00026758533,0.00017105656,-0.00041443759,0.00029604696,-0.00025017667,-0.0007150569,-3.75874e-05,-0.00023026105,1.810103e-05,0.00012362596,6.868195e-05,-6.627004e-06,6.0719212e-05,0.00041337477,0.00026725145,-0.00022392643,2.1215867e-05,0.00017603763,-2.3501232e-05,0.0006530819,0.00015769555,0.00055119925,-0.00010619904,-0.00022567113,-7.370777e-06,-1.3387824e-05,-0.00036760088,0.0002787821,-2.5901405e-05,1.378485e-05,-4.82197e-05,5.224039e-05,-0.00016591075,9.0945025e-05,-0.00087291544,0.0008666751,-6.465883e-05,-0.00049068447,-0.00063188694,-0.00035530652,-1.6295275e-05,0.34054318,-4.6518806e-05,-6.0277343e-05,-0.00015793438,-0.0015045122,0.00027914668,-0.0007730317,-6.0103495e-05,-0.000970237,0.00022239327,4.5254426e-05,-0.00021914598,7.3556286e-05,-2.3258746e-05,0.0007028218,3.0494375e-05,-0.00015887263,1.546018e-05,0.0002500821,-9.937654e-05,-9.350165e-05,0.0002206552,1.4223162e-05,5.828083e-05,2.6135942e-05,-0.00011332288,-0.00050127757,-5.7347657e-05,0.000118084325,0.00025374274,0.00020852782,0.00023464793,-0.0009435784,-2.387411e-05,-0.00026968823,-0.00017096453,0.0009442284,-0.00022207803,9.31589e-05,0.00015442615,0.00019084812,7.311187e-05,1.4922596e-05,0.000266545,-0.00025089216,2.4974579e-05,-3.6892074e-05,-7.92397e-05,7.6589395e-06,-6.393972e-05,-0.00049758895,4.8268026e-05,0.0005026197,-0.00014104124,3.3374698e-05,0.00058351207,0.00078569935,0.00017743996,-0.0011511038,0.00016583821,0.00017397481,0.00054743065,3.2441214e-05,0.00019950462,6.2145264e-05,-0.00054020144,-1.434094e-05,-2.2887554e-05,2.4151366e-05,-7.3041265e-05,1.2499811e-06,5.7876616e-05,0.0003945622,0.00029458667,0.0007963672,-0.00010044472,-0.00012875105,1.0922833e-05,-3.6410733e-05,1.1315644e-05,8.47419e-06,-0.0009261007,0.00052547525,0.00019233633,0.00017818093,1.9038529e-05,5.38453e-05,0.00039265468,-0.00016517931,0.0006694217,6.960687e-05,6.4182466e-05,-7.422446e-05,0.0001343243,-0.0010099778
-0.00041531437,-0.0017411292,-0.000514721,-0.0033872915,0.0025105719,-0.00090221054,0.001073452,0.0004156392,-4.8444257e-05,-0.00033307687,-0.00013246883,-9.824256e-05,-0.00024813454,0.00020676004,0.001403032,-0.0004188454,0.00035933882,1.9578422e-06,-0.0009048402,0.0003577382,0.00028812612,-8.401268e-05,-0.00027309777,-0.00017665254,-0.0003953052,-1.5650847e-05,-0.0021343345,-1.0818752e-05,9.912448e-05,0.0018561512,0.0015134048,6.202491e-05,-0.0018045106,0.00093299535,-0.0008873717,0.0008587126,0.001965176,-0.00035367496,-0.000664374,-0.0007933978,0.00024483784,-0.0002555871,-0.00037307103,0.0006718628,0.00012190013,-0.0018833792,-0.0007970032,-0.0014218951,0.0006327399,-0.00037994,1.1768883e-05,-1.7995768e-05,-0.0014333657,-0.0001622687,-0.00030072263,-0.0011958627,0.00017080191,0.00024136697,5.7213285e-05,0.0001383407,-0.00023650142,0.0005463494,-0.00024219553,-0.0014334961,0.002171809,-9.715766e-05,-0.000628257,0.00013138645,-0.0001463448,-0.0009953589,0.0003295291,-0.0010858563,0.00082805275,-0.00036799142,-0.00015530673,-0.00073204807,0.0008345431,5.6377816e-05,0.00018660468,0.0005322144,-0.00017628132,-0.0010460701,-0.0021515344,-8.429024e-05,-0.00067754154,0.0007936251,-0.0013653499,-0.001296174,-0.00034071624,7.137709e-05,-0.00037220714,2.2192486e-05,-0.0001753104,0.0009711706,-0.00022408953,0.00020231868,0.0004586515,0.0011746542,-0.0011147882,0.0030870433,-0.0011758732,0.0017454076,-0.0003894656,-0.0005681375,0.0033249909,-0.0016079891,-0.0022440406,-2.6465596e-05,0.00020194429,-0.00091516896,-4.375718e-05,6.652942e-05,0.00039734508,-0.00014802394,-2.6056085e-05,-0.00017582533,-0.00020672061,0.00012539595,-9.128656e-05,-0.000447548,0.0017936057,-0.0005744379,4.672702e-05,0.00028818802,-0.00012827256,-0.0006471436,-0.00029974288,0.0011027319,-0.00023203886,-5.7144534e-05,0.00028172214,-0.00036278757,0.00017401855,0.00049150165,0.00016638234,-0.00040483754,-3.713877e-05,-0.00056210294,0.0010280899,-0.000552857,-0.00055240496,0.0005151682,0.00087114435,-0.003095575,-0.0001858174,-0.0012954731,0.000100435274,1.1207548e-05,-0.0006298165,-8.8885216e-05,0.0015916633,0.00032251826,0.0003975618,-0.000668933,-0.0033035304,0.00024319421,-0.00039618838,0.00230187,-0.000902206,0.00091920147,0.00020783671,-0.00020111854,0.001411049,0.001649146,-1.4444459e-05,-0.001271227,0.0012958193,-0.001253381,-0.00020871666,0.0030808595,-0.001312528,0.0003081378,-0.00029332144,0.00015386067,-0.00033182238,-0.0012902655,0.0014576109,0.0007996052,0.00011523202,-0.00043071265,0.001283594,-0.00049351645,3.7534275e-05,-0.0010794195,-0.0008047469,-0.00043816425,-0.00028724014,0.00021770719,-0.0004867138,2.1933574e-05,-0.0013624391,-0.0013913554,0.0004561361,-0.0004456703,-7.923672e-05,-0.00018604533,-0.00041185817,-9.157226e-05,0.0030994343,-0.0004557136,0.00012879263,0.000851815,0.00016119747,-0.0007065016,-5.194626e-06,0.00062303117,0.34063795,-0.00022078755,-0.0003248791,-0.0016186669,-0.00037919055,6.834745e-05,-4.4754473e-05,-0.0026313935,-0.00059008395,-0.0008165885,0.00023134089,-0.00051139423,0.00073311065,-0.00018026921,-5.5657056e-05,-0.0005444052,-6.5493776e-05,0.00046900276,0.001287544,0.001693926,-0.0003664053,2.4853072e-05,-0.0007902549,-0.00010104535,0.0019378592,0.00076698844,0.0003195989,0.0001297132,-0.0013182098,4.7034508e-05,0.00026768728,0.00030197413,-3.5907648e-05,-0.0019673647,-1.3819676e-05,-0.0015279404,0.0003209446,0.00043223953,0.0015048042,1.0396677e-05,-0.00020439034,-0.00013375835,0.001047469,7.632241e-05,0.00039902408,-3.84688e-05,0.00014498462,-0.00072617707,0.0008351987,0.0009937072,-0.00081646105,-0.0015093215,-8.84457e-05,0.00011183988,-0.0005961626,-0.0016023914,-0.0006914133,-0.00074852095,0.0012955797,0.0015283645,-0.00063395815,0.0002187077,-8.026911e-05,0.00022756957,4.0122313e-06,-0.00025846378,0.0011662144,-0.00015172196,4.3899578e-05,0.00029591084,0.00068404584,-0.0007692928,-0.000464819,0.0024344958,0.0005194516,0.00027468943,0.0010839691,-0.00058237044,0.00034480423,9.995301e-05,-0.00062881294,0.00087835547,-0.0018491879,0.00044699787,0.00016071588,-0.0004827004,-0.001101652,0.0009904288,0.00054747437,-0.00085474853,0.0007440841,-0.0012730501,0.00020927569,1.8732242e-05
0.0008953911,-0.0017685397,-0.00054219266,-0.0020084574,-0.0012238962,0.00078174286,0.0021001152,-0.00034257644,0.0018423244,-2.8677343e-05,0.00023479603,-0.00014190974,-9.451703e-05,0.0006822754,-0.00013510177,-4.6458314e-05,0.0013883078,0.00041797178,0.00028184298,0.00042162652,0.0007130693,0.00050124526,-0.00011719049,0.0017251798,-0.000517853,-7.109196e-05,-0.0003062231,0.0001747852,-0.0015090852,0.0023893637,0.001069858,0.0002330707,-0.00034217487,-0.0001040139,-0.0014346826,0.00033675224,0.0004236709,-0.00055847556,-0.00017821902,-0.0008222053,-3.7847203e-05,0.0006793862,-0.00032883298,0.000642317,8.841535e-05,0.0015226242,-0.0016701993,-0.0009957092,-0.0015866891,-0.00039324551,0.0005695221,-0.00011472112,0.00068301277,-0.0005839001,-0.00076101115,0.0004974284,0.0004237272,0.00025407845,-0.00013393264,-0.00063933496,-0.0005248534,-0.00014553011,-0.00016375883,-0.0010520992,-0.0017107622,-0.00042713646,-0.00014443728,-0.00038596953,0.00024765957,-1.6379236e-05,0.0006108824,-0.0004626336,0.0009353638,-0.00033025336,-0.00069669774,-0.0011644807,0.0010223255,-5.722779e-05,-0.0014553576,0.00070203305,-0.0002726016,0.0004941846,0.00055311975,-0.0010602765,-0.00013738801,0.0014137973,-0.0005241477,-0.00070160103,-0.00037096144,0.0004393127,0.00044345084,0.00028987095,-0.00075083156,-0.00053463236,0.00015566469,-0.0003741984,0.0006954201,-0.00071170006,-0.00024782284,0.002068848,-0.0010347466,-6.7703266e-05,-0.00015670623,0.00015040158,0.0013690302,-0.00021812644,-0.00232784,-0.00041574123,-0.00054389954,-0.0009719821,0.00028325903,-7.6432036e-05,-0.00015551588,-3.8668477e-05,-3.108166e-05,-0.00015671038,-0.0011067232,0.00031113488,0.00027646593,0.00035520032,0.00017031957,-0.00047881913,-0.00024948327,-0.00022607663,0.00054540945,-0.0009955317,0.0003512285,0.0016094117,-0.00035898032,2.1213013e-05,0.00024438015,0.00034784913,0.00014634815,0.00053984695,-0.0003781293,-7.673086e-05,0.00072241673,-0.001088689,-0.001291453,-4.24223e-05,2.833375e-05,0.00057322095,0.0015011969,-0.00271089,-0.0004914667,-0.0017605083,8.840035e-05,-7.264636e-05,-0.00022861148,0.00032889956,0.0017565184,-6.023472e-05,0.00027180256,-0.0005608994,-0.0013187987,0.0007990562,-0.000732965,0.0029522318,-0.0012832946,0.0005868046,0.000419353,-0.00028538634,0.0007422357,0.0018983757,-0.0004027956,-0.00043154813,0.00037940737,-0.00059593876,-0.00046365077,0.0010161761,-0.0024346607,-0.0005079144,-0.00036646114,0.00048211473,-0.00036970695,0.00014879319,-3.5991965e-05,0.0008238735,0.0005131527,2.6223843e-05,0.00066394394,0.00021287991,0.00013671939,0.001036796,9.405924e-05,0.00095907185,-0.0004800253,-0.00059287855,-0.00039615718,-2.7476548e-05,-0.0016323706,5.1831295e-05,0.00035815412,-0.0008863993,-0.00029646652,-0.00026356094,-0.0011022036,0.0005669747,0.0008471555,0.0017892906,-0.00090850977,-0.0002930025,-0.001163787,-0.0008352935,-0.0001399533,-0.00024633258,-0.00023493893,0.3415433,-0.00020296939,-0.003643073,-0.001008071,-0.0014025428,-0.00059823104,-0.0017389386,-0.00011161859,-0.0012818176,-0.00036662156,-0.00019692311,0.0003781606,0.0009192387,0.000376503,-0.002073988,3.5922574e-05,0.0012256859,0.0004998693,-0.00039474398,-3.7309415e-05,0.00018776997,0.00029134908,-3.3956283e-05,0.0020105545,-0.0015064577,-4.5543595e-05,0.00037432447,-0.00034573168,0.00031468674,-5.2871183e-05,0.0002612632,-0.0002921126,-0.0019311307,-0.0003118566,0.0014728977,0.0009818546,0.0002985239,0.00026388763,0.0016991986,-0.00019350958,-0.000301218,0.0005336916,-0.0005268609,0.0018559068,0.00014118539,-0.0001798708,-0.00059752987,0.000809534,-9.0902654e-07,-0.0002245343,-0.00012616967,0.000374359,6.458269e-05,6.938912e-05,-0.00086838444,-0.00021352341,-0.0017041946,0.0013693287,0.0006493368,-0.00057872554,0.00015222502,0.0008986194,0.00043980227,0.000113474045,4.260519e-06,0.001437319,2.416179e-05,-0.0001522041,0.00028114946,9.017023e-05,-0.00042739752,0.00020775077,0.0028195542,0.00048548207,0.00057866774,0.00079140876,-0.00016506776,0.00044980607,0.0003703932,-0.0010589951,0.00072197645,-0.0019429596,7.2288894e-05,-0.000250364,0.00012958373,0.00067956425,-0.0003358006,-7.612432e-05,-1.1217063e-05,-0.003388582,-0.00046009605,0.00063732686,-0.0014585167
-0.00010919552,-0.00023064401,7.916324e-05,-0.00069415744,0.00046863672,0.000119359014,4.214432e-05,-1.204012e-05,-0.00015279469,4.806584e-06,1.180381e-05,4.976613e-06,-3.7653714e-05,-5.840657e-05,-0.00018350361,-1.3106431e-05,-1.3660992e-05,-0.00016544171,-8.214061e-05,-0.00010149083,-0.00011032907,-5.0407805e-05,3.9390372e-05,-7.747551e-05,0.000105109226,6.882891e-05,0.00048680065,-5.9656166e-05,0.0002454862,-0.0003534283,0.00023669888,-8.112911e-05,5.6301153e-05,4.1767917e-06,0.00015867969,3.958949e-05,4.0536084e-05,-8.495159e-06,-7.8069024e-07,6.147683e-05,-8.926783e-06,0.00016096905,-7.291658e-05,-0.00015162847,6.7475805e-05,2.5323607e-06,0.0003250169,0.0001583201,-0.00011593822,2.4110584e-06,3.7127113e-05,-2.5556656e-05,-0.000100828984,0.00012570116,0.00018203974,0.00047865635,-3.616183e-05,-6.0986007e-05,-7.819753e-05,5.1053023e-05,4.5288925e-05,-4.5903198e-05,6.404039e-05,1.7022783e-05,-0.00024577335,-1.7592998e-05,5.136844e-06,2.7348973e-05,1.8095852e-05,-0.00021975332,-7.650711e-05,8.127731e-05,0.00015308875,4.030797e-05,0.000100515914,-9.8847355e-05,-0.00010750619,-3.4506476e-05,-6.039018e-05,-9.9315424e-05,6.433404e-05,-8.1365244e-05,0.00024952035,9.33321e-05,-3.5552486e-05,-0.0003894727,-8.7257475e-05,-0.00019794423,-2.8642575e-05,-3.0989948e-05,-7.634863e-05,3.9351985e-06,7.745577e-05,4.4129112e-05,-2.6720336e-05,8.141033e-06,-9.207109e-05,0.00017341929,7.197606e-05,-0.00021307664,9.6264324e-05,5.149701e-05,4.2016745e-05,-0.00019027959,-0.00024448658,-1.1536056e-05,0.00044315465,-2.4452504e-05,-0.00014449176,0.00019368547,8.907972e-06,1.4588248e-05,0.00013414526,1.7265138e-05,-1.8866758e-05,-4.3442167e-05,0.00022724218,-5.5132252e-05,-5.186697e-05,-2.8643413e-05,4.4870827e-05,1.4420001e-05,-2.8487997e-05,-3.3172455e-05,-2.8892306e-05,2.58671e-05,-6.4686756e-05,-0.00023648082,8.482688e-06,1.9809919e-05,-6.611264e-05,-9.598478e-05,-5.6629346e-05,-8.211228e-05,7.131293e-05,-3.919805e-05,-3.1991247e-05,0.00023646516,0.00052874314,1.4591693e-05,-8.755404e-05,-0.0001549849,0.00016245918,-0.0005821862,8.376919e-06,7.225792e-05,-0.0003989966,3.1717213e-05,5.9496615e-05,-1.1667877e-05,-0.00027385983,-2.9146645e-07,-2.5262838e-05,0.00023181846,0.0002233739,-1.447881e-05,0.00038787207,-0.00046247547,0.000192398,-0.00017478311,2.7659245e-05,5.2557258e-05,5.0565443e-05,0.00035717833,-6.563373e-05,-5.1553507e-05,-8.0329126e-05,0.0001504761,-9.5699645e-05,-0.00027608592,0.00019232686,2.9046456e-05,-2.588905e-05,-5.9718288e-05,9.716346e-05,-2.8572777e-05,0.00011228354,7.491702e-05,2.3158205e-05,-6.321677e-05,-7.152921e-05,4.6991547e-05,-1.7004639e-05,9.697476e-06,-7.768744e-05,-0.00012691806,2.2814873e-05,2.2673137e-05,0.00014721813,1.6754457e-05,5.050446e-06,-7.768678e-05,-5.0341896e-05,0.00012331372,4.7031335e-05,-3.4509812e-05,9.8918674e-05,-5.3626027e-05,-0.00012026713,-1.6753249e-05,0.00015920217,-0.000108052416,5.00114e-05,-9.836617e-05,8.6113956e-05,-0.00014324239,3.1786054e-05,0.00013905126,0.34208214,-1.5997739e-05,0.00038179796,-4.5590103e-05,0.00011551286,-0.00021833906,0.00037714286,0.00013581417,8.71351e-05,-5.2228997e-06,3.4178767e-05,0.00027520373,-6.145568e-05,0.00029699423,-9.616327e-06,-0.00015450662,7.919106e-06,0.00024643994,7.466196e-05,5.3610665e-06,-6.66494e-05,-1.881236e-05,-0.00026616262,0.00022890874,-4.8912298e-05,8.764209e-05,4.1118947e-05,-5.298672e-05,0.00017993661,-0.00046251735,6.73336e-05,6.322233e-05,-3.0042946e-05,-0.00032148304,-0.0002277712,0.00010205985,9.626152e-05,-0.00028100872,7.250029e-05,4.0092043e-05,0.00014045296,8.687068e-05,-0.00024205096,-5.6163466e-05,2.0163567e-05,6.388455e-05,-7.11412e-05,-0.00021965789,-3.7336853e-05,2.8296388e-05,-0.00016916027,-2.6663784e-05,5.3002612e-05,0.00042635275,1.0604001e-05,-4.5392677e-05,-0.00017332312,6.744053e-05,0.00025860243,3.3794324e-05,-9.571182e-05,-1.43141315e-05,-0.00019364103,-2.5570127e-05,-0.00025754844,-5.3189688e-06,1.9906747e-05,-3.1987835e-05,4.175051e-05,0.00010560211,3.232836e-05,-0.00010493308,-9.428164e-05,-0.000109386114,-4.0104183e-05,-0.00013254143,-5.6222743e-05,-4.9536924e-05,-0.0007842447,0.00016847905,0.00025948265,4.247371e-06,2.3481556e-05,7.75031e-06,-5.6767258e-05,0.00014272229,0.0004701204,-3.2797263e-05,0.0009948709,-0.00014047972,8.064794e-07,-0.00020250902
0.0013579037,-0.002552416,-0.0011541003,-0.0046439646,-0.0019083096,0.00079107116,0.0032507132,-0.00033487641,0.002058898,4.107419e-06,0.00025328217,-7.0999275e-05,-0.00018779475,0.0008573188,0.00021893182,-0.00022209878,0.0021509908,0.00079667626,0.0006590174,0.00059793296,0.0010440665,0.00044589408,-0.00032118778,0.0021924288,-0.00072418567,0.0003315411,-0.0009033127,0.00010895252,-0.0013285334,0.0032805935,0.001828259,0.00032457142,5.1165007e-06,-0.0005056399,-0.00157143,7.766743e-05,0.0007669284,-0.00092827505,-0.00027723535,-0.0010215702,-9.5712865e-05,0.0010602534,-0.00068270916,0.0012488167,-3.1544947e-05,0.0015503846,-0.0023494656,-0.0015719184,-0.002074284,-0.00075679715,0.00051238434,-0.0001760559,0.0006600342,-0.0008886273,-0.00084215467,0.0013243887,0.0005742655,0.00035854103,-0.00024637746,-0.0009880553,-0.00064181077,7.535612e-05,-0.00027536842,-0.0011387526,-0.0026285439,-0.0007891168,-0.00019980299,-0.00043554697,0.00035835983,0.00014652997,0.0008020405,-0.0008573107,0.001167462,-0.00055428344,-0.00084001815,-0.0025185603,0.0010580984,-5.5368644e-05,-0.0026775375,0.00082388474,-0.00035279372,0.00071139744,0.0007395316,-0.001553531,-0.00021878195,0.003030323,-0.0008981573,-0.0010701567,-0.00023146837,0.000652373,0.00044448065,0.00032060515,-0.0010121634,-0.0012570459,0.00023076114,-0.0005226729,0.00081571133,-0.0006213719,-0.00020772964,0.002002405,-0.0015035989,0.00052683963,-0.00043401268,0.00019777728,0.0019535758,-0.0009040048,-0.0039009426,-0.00080187956,-9.9302575e-05,-0.0014044786,0.00029832852,-0.0003601794,-0.0001597575,-7.937767e-05,-5.828561e-05,-0.0002758685,-0.0013803701,0.0004314286,0.00019519575,0.00040066228,0.0003272672,-0.0005832409,-0.00045172268,-0.0003010424,0.00042359772,-0.0014196549,0.0003216308,0.0029649343,-0.00043495974,-0.00010499334,0.00039820164,0.00024419348,0.0003579387,0.0004493887,-0.0003302868,-0.00017024313,0.00086219853,-0.0006964519,-0.00075534644,-0.00014982856,-4.2810105e-05,0.0010631521,0.0022975327,-0.006595199,-0.0008438367,-0.0025922102,0.00033938908,-0.00013365733,-0.00035449903,0.0004528691,0.0027838175,-0.0006032123,0.000562511,-0.00056726404,-0.0012511045,0.0010976369,-0.0012279074,0.004387657,-0.0018461637,0.00050674815,-8.5431246e-05,-0.00046718665,0.0015003528,0.0017023695,-0.00064018543,-0.00056773046,0.00023353292,-0.00082528347,-0.0008717747,0.0013416563,-0.0036887024,-0.00091127004,-0.00041185247,0.00085234357,-0.0005326741,-1.59814e-05,0.0003783153,0.001229509,0.0007569449,-0.00037109572,0.0011299847,0.0002538473,0.00020153055,0.0013176792,0.00012908512,0.0018587343,-0.0005856288,-0.00082651543,-0.0006346723,-8.5749256e-05,-0.0023004075,0.0001215864,0.00058765657,-0.0012289416,-0.00032040363,-0.00032475777,-0.0014793925,0.00073093513,0.0004266962,0.0025462108,-0.0011055964,-0.00034606387,-0.0021890083,-0.0012984639,-9.276263e-05,-0.00071722514,-0.00046382137,-0.0009574271,-0.0002233199,0.33207098,-0.0014262311,-0.0018536769,-0.00080433267,-0.0040535075,-0.0002794661,-0.0016081352,-0.0006405107,-0.00013648105,0.0005992251,0.0007574103,0.0005263745,-0.0027416646,8.709496e-05,0.0021613927,0.0005558007,-0.00033476934,0.00011523819,0.00019157377,0.00019090422,2.0430354e-05,0.0025959774,-0.0017928535,-0.00025930564,0.00042849756,-0.00040108708,0.0006154571,-0.000106935084,-0.00011421014,-0.00045629367,-0.003186163,-0.00044907513,0.0022913595,0.0013996247,0.00019374245,0.0011227886,0.002346896,-0.00022501378,-0.00043670394,0.0010817526,-0.0011211934,0.001839394,0.00019519433,-0.00024233673,-0.0009316733,0.0010974349,0.00027979625,-0.00026065833,-0.0003707662,0.0003539964,0.00012923342,0.0006499852,-0.0011852931,-5.0960523e-05,-0.0034303605,0.0022709467,0.0011675508,-0.0005251069,0.00016641612,0.0014241262,0.0007291903,-0.00028655116,-7.371371e-05,0.0020521486,-8.528523e-05,-0.00019521762,0.000374076,0.0004245225,-8.372805e-05,0.00023763267,0.00462492,0.00073274935,0.00052642316,0.0010623323,-8.81708e-05,0.0006445996,0.0005056147,-0.0008220398,0.0013513021,-0.0026399074,0.00066275714,-0.0002596249,9.688814e-05,0.00075409404,-0.0005237221,0.00034157824,-0.00010364101,-0.0034748993,-0.00075287983,0.00090692256,-0.002002829
0.0012758158,7.5898206e-06,-0.00015430499,0.0016877541,-0.0032588057,0.00063174986,0.0012922807,-0.0004493912,0.0020840561,0.0004597647,0.0004153449,-0.00015557767,0.00015620819,0.00073962525,-0.0006478206,0.00024130549,0.0008838997,0.0007417343,0.001007984,0.00048096688,0.00081328285,0.0008791187,3.5801455e-05,0.0021940449,-0.00035168137,-9.392097e-05,-0.00083474896,0.0004310314,-0.0018469002,0.002380623,-0.00072718377,0.0003786076,0.00041446267,-0.00065944553,-0.0012290787,-0.00010729571,-0.0008656534,-0.00037630153,0.00033032472,-0.00054040167,-0.0002995804,0.000131235,0.00014626708,0.00040801938,-9.453248e-05,0.0016524408,-0.0021435148,-0.0006435969,-0.0017920221,-0.00025032138,0.0005753312,-0.00014007669,0.0016716376,-0.00084033137,-0.001014007,-0.0004891727,0.00028616327,0.00015072266,-0.00020426988,-0.00084129226,-0.0005634483,-0.00039404497,-0.00012764044,-1.6529873e-05,-0.0014161695,-0.00048424306,0.0003381942,-0.00056600483,0.00030317606,0.0011712712,0.00046249237,9.415951e-05,-0.00016168726,-0.00019196987,-0.00092293246,-3.4963312e-05,0.00086329685,3.213883e-05,-0.0008213135,0.00056735176,-0.0002594428,0.0014625282,0.00070374506,-0.0011814246,0.00018736807,0.0025199924,0.0005057715,0.0007922559,-0.00020548943,0.00045821315,0.0009713603,0.00030072522,-0.00078175997,-0.0009545477,0.00028907502,-0.00045350753,0.0006004032,-0.0017826314,0.0001392312,0.0010671554,-0.00055287266,-0.0009987883,-0.00013051892,0.0011993835,0.0006075882,0.000705619,-0.0021563207,-0.00045814662,-1.992275e-05,-0.00086738315,0.00035861708,-0.00022660044,-0.000668654,3.3766744e-05,3.7970178e-05,2.703557e-05,-0.001598201,0.00028837813,0.00044655867,0.00077690295,-0.0008822279,-0.00017784597,-0.0004981383,-0.0002458331,0.00072338636,-0.0004597188,0.00074519904,0.0016999395,-0.00019060285,0.00012006141,0.00016006082,0.00082548795,0.00012418297,0.0006197263,-0.0006619258,0.00011695456,0.0009149668,-0.001424046,-0.002917379,0.00019659406,0.00079332676,0.0005440068,0.00040032592,0.0020889735,-0.0005663725,-0.0011747306,0.00067731895,-0.00011612755,5.467221e-05,0.00044937612,0.0015324589,-0.00014001306,2.291731e-05,-0.0010259709,-6.770961e-05,0.00061862485,-0.0020149974,0.0028959347,-0.0011670504,0.0005780916,0.00020045327,-0.0002192553,-0.00014292287,-0.00041493835,-0.00022051709,0.00053969206,-9.4493786e-05,-0.0003158823,-0.00014791863,-0.000643438,-0.0028469593,-0.0007253196,-0.00021981889,0.00061824947,-0.00027209375,0.0011037098,-0.0012193776,-4.4480115e-05,0.00030425983,0.0005539613,-6.7129104e-06,0.00045818076,0.00010699072,0.0014601918,0.0007220486,0.0014074409,-0.00020095527,-0.00077111745,-0.0002696058,1.1651051e-05,-0.0005868666,0.0009501971,0.00031596402,-0.0007523041,-0.00033436896,-0.00016833153,-0.0011399958,0.00082383223,-0.00052487024,0.0017996983,-0.0014161128,-0.00037030672,-0.0011997124,-0.00012137901,-0.00012319697,2.9624616e-05,0.00012007752,-0.00074752053,0.00024384783,-0.0022469896,0.33975634,-0.00086621614,-0.00079801667,0.0002598511,-0.0010687442,-0.0011655835,-0.00054718676,0.00024586314,-4.4458557e-05,0.00017071284,0.00053736405,-0.0024886462,6.3622992e-06,0.0013007704,-0.00030359885,-0.0019104118,7.843206e-05,0.00024102093,0.0009817438,-6.152246e-05,0.0015257513,-0.002286207,-0.00013006764,0.00012473605,0.00033983425,0.00042762049,-0.00084497925,0.0015487364,-0.00043815834,-0.001157813,-0.0002712867,0.002452047,0.001516742,-0.00011264881,-0.0005785551,0.0022727943,-0.00015837302,-0.00024297053,-0.00044546733,-0.00076555833,0.0022150625,0.0003860963,-0.0004631735,-0.00027183504,0.00062704785,0.00011016316,0.0003557782,0.00045141432,0.0010485359,-3.846183e-05,0.00021673729,-0.0013410004,0.00017350842,-0.00073202787,0.0010334409,-0.0004195659,-0.001081629,-5.3606847e-05,0.0012867978,0.0003044087,0.0007920534,0.00013352625,0.001201651,-1.7183058e-05,-0.00027798928,7.860744e-05,-0.00042024872,-0.00040768218,0.00028421564,0.0014433049,0.0004628441,0.0007152175,0.00021282608,0.0005767111,0.00023710539,0.0004509662,0.0015288194,-0.00047644947,-0.0015277753,-0.00024180012,-0.00044054617,0.00050572044,0.0014369711,-0.0012367829,-0.0018179185,0.00060874,-0.005846205,0.00059274805,0.0005244226,-0.0005420763
0.00059975684,-0.0008357575,0.00021043277,0.0002741998,-0.002095496,0.0015109752,0.0009939742,-0.0003914487,0.001091537,9.741935e-05,0.00020098416,-0.00016027424,-3.0874714e-06,0.00017483503,-0.0011163509,0.00022752104,0.00076300115,9.732043e-05,0.00040701532,-7.779883e-06,0.00013357123,0.000368259,1.6592741e-05,0.0013129284,-6.37403e-05,-0.00012328637,0.0017298274,3.6657602e-05,-0.001282127,0.00042597452,0.00019477746,7.372138e-05,0.00037577466,-0.00035338465,-0.0004903931,0.00010675882,-0.0006129233,-0.00013056096,0.00027916816,-3.657835e-05,-9.843397e-05,0.00069653423,-9.2477705e-05,-0.0001311337,-4.4317334e-05,0.0022990578,-0.00010215698,0.00020450872,-0.0014347802,-0.00010487443,0.00045883906,-0.00011704711,0.0010524046,-8.682608e-05,-0.00023307123,0.0011731863,0.00022889342,4.8966654e-06,-0.00010116828,-0.00031528005,-0.0001416215,-0.00048591077,8.450267e-06,-0.000268898,-0.0024637897,-0.00025447362,0.00013726011,-0.00027661645,0.00018765034,-1.5886282e-05,0.00014356158,0.00039348623,0.0006794112,7.251152e-06,-0.00023810726,-0.00033203344,0.00022225149,-9.660709e-05,-0.0010687833,0.0001536749,-0.00011800537,0.0006141135,0.0011023785,-0.00047998896,0.00025402795,-0.00066403486,0.00018311657,2.9506118e-05,-6.763197e-05,0.00016029851,0.00033438602,0.00012121854,-0.00023337614,-0.0009458585,0.00016882688,-0.00033628437,0.00010286117,-0.0009849649,0.0004219174,-0.00020702987,1.9715684e-05,-0.0010837951,0.00027722277,5.3238873e-05,-0.0008866128,0.000871737,0.00033594805,-0.00015281692,-0.00082643563,9.181324e-05,0.00012658944,-0.00016594169,-0.0001812535,4.4150627e-05,-2.8921582e-05,-1.2836512e-05,-0.00039083528,3.3124597e-05,0.00020892911,0.00032953444,-0.00072478503,-9.155494e-06,-9.836623e-06,-0.00033470374,0.000407746,-0.00033835327,0.00029746274,-0.00016096879,-8.322201e-05,-1.1772838e-05,-1.32067435e-05,0.00034834704,-0.00010464827,9.1593494e-05,-0.00025156976,0.0001284017,0.00042895356,-0.00047323908,-0.0016257985,0.00017952922,0.0002673702,6.327075e-05,0.000579876,0.001107293,-6.631851e-05,-0.0003444436,-0.000498298,-3.649025e-05,0.00031066977,0.00016963793,-0.00012352811,-4.741802e-05,-0.00016635738,0.00023696561,0.0002633023,0.00036752972,0.00036210875,0.00034507984,-0.00014266692,-0.00022797509,0.0005626241,7.753872e-05,-0.00034020498,0.0014470537,-0.00027690144,0.0003407919,-0.00038338828,0.00035666174,-0.00013691146,-0.00068352604,-0.00020253856,-0.00041545407,-4.5259394e-06,-0.00010682955,2.4168548e-05,0.0005515989,-0.0006927343,0.00018358654,0.00023503698,0.00024956607,-0.00035393113,0.00037368273,4.963164e-05,0.0011274111,0.00033144903,0.00048661878,-9.054446e-05,-0.00031581396,6.467791e-05,-2.3957513e-05,-0.00047167443,0.00057434954,-4.046262e-05,-0.00015345606,-0.00010955278,-6.922046e-05,-0.00041566123,0.00030829714,-0.0009812327,0.0015195973,-0.00049338135,-0.00078108517,-0.00052949187,-0.00024918152,-8.165497e-05,-0.00054708816,0.00010038065,-0.00021230191,-0.00010159473,-0.0009988155,-8.2966166e-05,0.3398903,-0.00021378334,0.00030870945,0.0003990192,-0.00015302908,-0.00018045191,4.1821866e-05,-0.00021589542,0.0014451817,0.00013986428,-0.00078196975,6.454975e-05,9.445103e-05,-0.00023519178,-0.0008371531,0.00015458498,5.4656124e-05,0.00048034583,6.317921e-06,6.154756e-05,-0.0014604941,-1.9508858e-05,0.0002845779,0.0004341011,9.086128e-05,0.00017825828,-0.0003613233,-8.849798e-05,-0.00014800583,-0.00016599664,0.0011584242,6.9012975e-05,-2.4650957e-05,-0.00071378896,0.0008194104,4.1440846e-05,-8.082449e-05,-0.00010928581,-7.847279e-05,0.00094309234,-9.909831e-05,-0.00019662874,7.615954e-05,-2.2237502e-05,-0.0008639078,0.00020231311,0.0009311975,0.00011258183,-4.954881e-05,0.00015409869,0.0007040102,8.485e-05,-0.0003794117,-9.665813e-05,-0.0002680486,0.00018198165,3.5261975e-05,0.00039290357,0.0001139384,-5.0491117e-06,2.441309e-07,7.7151664e-05,0.00012262027,-0.00015660908,-3.790633e-06,-0.0003343071,2.864078e-05,0.0003408301,0.00042199504,-0.00013949684,0.0001930429,-7.184176e-05,1.1382341e-05,3.927489e-05,8.8943234e-05,-0.0015356333,0.00021486238,-0.00015546207,-0.00036788784,-0.00015251228,0.00027472913,0.0010135409,-0.0004813042,2.9078736e-05,0.00038925384,-0.002259186,0.00017748971,0.0002528035,-0.0013404585
0.0012779505,-0.0005300257,-0.00017617841,0.00018304418,-0.0033056084,0.0017440757,0.0014827406,-0.00060018915,0.001948004,0.00042922882,0.0003145374,-6.824924e-05,0.00012367722,0.0005089501,-0.0013621169,0.00033022228,0.0012476027,0.000573787,0.0009771703,0.00023038761,0.00051115296,0.0006850151,4.606258e-05,0.0023506852,-0.00014215818,-2.100196e-05,0.0013989438,0.00018882265,-0.0017131394,0.0011474282,-6.511317e-05,0.00023023126,0.0011301346,-0.0009574133,-0.0008548482,-0.00027553196,-0.0012289631,-0.00033574077,0.00036488957,-5.390307e-05,-0.00026883197,0.0009943338,-9.8959004e-05,0.000120602526,-0.00013390635,0.0028094754,-0.0010284396,6.726521e-05,-0.0024163874,-0.00021172184,0.00061964255,-0.00010937424,0.0018040424,-0.0004929201,-0.0005159739,0.00164563,0.0002894798,-2.5019526e-06,-0.00021067912,-0.0007885313,-0.00043990838,-0.0005930156,1.475795e-05,0.000110291556,-0.003941081,-0.00042150993,0.0003112339,-0.00049424736,0.00035641584,0.0007381153,0.00033192194,0.00047303576,0.00036096617,-1.8900098e-05,-0.00061099074,-0.00078560255,0.00034556698,-7.1903145e-05,-0.0017136041,0.00029458152,-8.163391e-05,0.0014592998,0.0024574723,-0.0010661983,0.00038655722,0.0011111281,0.0004311434,0.00037664417,-5.4819677e-05,0.0003748232,0.0007978405,0.00023153391,-0.00059929554,-0.0017016578,0.00037161235,-0.0004924757,0.00030212774,-0.0017515536,0.0006504647,-0.0004781771,-0.000101628815,-0.0015074622,0.00019513333,0.0006200905,-0.001142324,0.0011809757,-0.0004839724,-0.00043903894,-0.0009397314,-0.00020347018,0.00029187833,-0.00026276516,-0.0004489601,4.6452835e-05,5.3620668e-05,-7.201159e-05,-0.000954601,0.00017877278,0.0002554176,0.0007264437,-0.0013034692,-3.3310433e-05,-0.00023790382,-0.00040109947,0.00063630124,-0.000480168,0.0005727209,0.0009054414,-0.00014758832,0.00011821328,8.513694e-05,0.0006412748,1.1937711e-06,0.00024279287,-0.0005025807,0.00016242391,0.00078609504,-0.00069398223,-0.002318821,0.00030204325,0.00044305887,0.00028081148,0.0009659873,0.0006288688,-0.00046498515,-0.0008225829,-0.000240531,-8.275342e-05,0.00032684876,0.0004169687,0.0005435736,-0.00033938748,-0.00012006684,-1.08518e-06,0.00096984196,0.0006395861,-0.00045775058,0.001211782,-0.0005921926,-0.00020180087,0.00023909063,-8.249663e-05,-0.00036690957,0.00087375194,-0.0004029044,0.0005794851,-0.0007234691,0.0003777694,-0.00045820247,-0.0015739955,-0.0016946088,-0.0008013222,-2.796668e-05,0.00031989292,-8.7577726e-05,0.0011256794,-0.0013290924,0.00024605353,0.00039706932,0.00038922456,-0.00033921655,0.0006091428,9.565164e-05,0.001919288,0.0007742626,0.0014820426,-0.00018709555,-0.0008634417,2.5840825e-05,-1.0261028e-05,-0.000646671,0.001196936,0.00011787722,-0.0004405419,-0.0002630172,-0.00017259478,-0.0008617282,0.0006860726,-0.0016230311,0.0022289539,-0.0011022156,-0.0010054832,-0.0013516209,-0.00034771647,-5.4564465e-05,-0.00080056314,0.00019485764,-0.0005681059,0.00010769482,-0.0024118454,-0.00080543244,-0.0015659945,0.34112158,-0.000116115974,0.00044061194,-0.00061278633,-0.00048713115,0.00027556435,-7.581452e-05,0.0011991558,0.0003897449,-0.00187451,4.783328e-05,0.00089664094,-0.00058271654,-0.0018360714,0.0002648263,0.00011573936,0.00093446544,1.7333212e-05,0.0005885189,-0.0023159217,-0.0003099532,0.00031848697,0.0007985704,0.00031474454,-0.0003465029,-6.374619e-05,-0.00027474726,-0.0006536001,-0.0003101049,0.0028494885,0.0007694649,1.7730545e-05,-0.00079327717,0.001821397,-4.706364e-06,-0.00015408613,-0.00025850834,-0.00065658806,0.0016209555,0.0002381929,-0.0004149224,-4.0568702e-05,0.0001605066,-0.0008866157,0.00046623577,0.00093962107,0.0005038114,1.659307e-05,0.0006406757,0.0004194695,0.00034541445,-0.0010452888,0.00045169922,-0.00050070503,-9.566507e-05,-5.769243e-05,0.0010914501,0.00023046555,8.4839994e-05,0.0001690825,0.00049599796,6.90328e-05,-0.0002110348,-1.1671718e-05,-0.00048631593,0.00020286298,0.0004929583,0.0011015818,3.2897467e-05,0.0003630067,-6.524506e-05,0.00022653675,0.00016128944,0.00028381785,-0.0010125933,0.00011617096,-0.0006258143,-0.00031300122,-0.00039508613,0.00046843488,0.0017082273,-0.0011910752,-0.00054085994,0.0006773068,-0.0039530164,0.00042064572,0.0004622639,-0.0016379788
-0.0003490234,-0.003399132,-0.0013039655,-0.008314685,0.0030816165,-0.0009963231,0.002600441,0.00052229,-0.0003660226,-0.0006236339,-0.0002028731,1.0718395e-05,-0.00047727575,0.00027894982,0.002341875,-0.0008311652,0.0011956113,5.5241977e-05,-0.0010563586,0.00047021304,0.000471274,-0.00040850908,-0.0004833281,-0.00035968702,-0.0007102252,0.0005052636,-0.0022103512,-0.0001704188,0.00089610997,0.0023059032,0.0032524294,-7.7927525e-06,-0.0019190724,0.00081796694,-0.0010349303,0.0009035474,0.0029878085,-0.000701685,-0.0012593775,-0.0011202595,0.00040803684,0.00042070344,-0.0009807054,0.001672093,8.314824e-05,-0.0021926807,-0.0010206223,-0.002120406,0.0005675263,-0.0007700432,-0.00012445838,3.1498814e-05,-0.0024302735,-0.00022326646,-0.0001729499,0.00041292974,0.00021395834,0.00035803733,4.1530853e-05,-2.242425e-05,-0.00019753567,0.0010336583,-0.0004030264,-0.0020349307,0.0014316492,0.0001739303,-0.0009879145,0.0002484374,-0.00013650073,-0.0015316595,0.00064958364,-0.00180776,0.0018145677,-0.0007385317,-0.0001944329,-0.0028577049,0.00088693487,6.6676774e-05,-0.0010799739,0.00061310455,-0.00013295595,-0.001649911,-0.0026353342,-0.0004119689,-0.0011621001,0.0018594814,-0.0022763738,-0.0026655542,1.910656e-05,0.00025039984,-0.0007780055,-4.5929064e-06,-0.00034048603,0.00065362983,-0.00023118472,0.00022937471,0.00059106783,0.0020266178,-0.0013317843,0.0034447818,-0.0019278907,0.0030227127,-0.00076324726,-0.0011630785,0.0041225823,-0.0030839583,-0.0035644434,-0.00027055838,0.0006751934,-0.0013874646,-5.500633e-05,1.3964962e-05,0.0007133104,-0.00021838876,-0.000112852875,-0.0003607817,1.2140163e-07,0.00026769962,-0.00017630703,-0.0007160127,0.00277071,-0.00078363693,-0.00013683223,0.00014012352,-0.0004583583,-0.0012624722,-0.0005960488,0.0023211674,-0.00040707923,-7.5377175e-05,0.00031290585,-0.00090967,0.00040395057,0.00024166398,0.00046081466,-0.00063566625,-0.00012413827,0.00028668597,0.0031920446,-0.00084759755,-0.0012708761,0.0007838485,0.0023287558,-0.0069969334,-0.00050152565,-0.0023792305,-0.0004247304,-7.596168e-05,-0.0010021139,-3.546201e-05,0.0025593694,-0.00023648985,0.0008596938,-0.00034008635,-0.0030467391,0.0004990035,-6.363469e-05,0.003222141,-0.0013700303,0.00066009513,-0.00028208006,-0.00047729517,0.0027861558,0.0022465934,-0.00027191365,-0.0023665586,0.0014572474,-0.0016541731,-0.00080890296,0.003698112,-0.0020780875,0.0001550208,-0.0004650841,0.00048067587,-0.0005353324,-0.0022376198,0.0026012466,0.0017518757,0.000436428,-0.0012202852,0.002186088,-0.0006976825,0.00010486338,-0.0011702972,-0.0011902578,3.0757685e-05,-0.00042636183,0.00031276137,-0.0008157114,-0.00010402347,-0.002433393,-0.0019438961,0.00068024796,-0.00087805366,-0.00011489068,-0.00016024432,-0.000549451,-0.00013612934,0.0035708824,-1.0819813e-05,0.0004183435,0.0009551125,-0.0006871178,-0.0015405217,-1.5239169e-05,2.5653411e-05,-0.0009975267,-0.00043411303,-0.000746997,-0.004881708,-3.7169604e-05,-0.00035866653,-8.829898e-05,0.33193296,-0.0007502595,-0.001104294,5.3092168e-05,-0.00068525085,0.0011637982,-0.00012491219,-7.434479e-05,-0.00078231806,2.0684805e-05,0.0012312207,0.0018313471,0.0028227968,-0.00029791746,1.0581114e-05,-0.0014309476,-1.0002109e-06,0.0027680288,0.0011473607,6.689315e-05,0.00025653842,-0.0018705394,0.00020909608,0.0006815093,-0.0010707133,-8.6684515e-05,-0.003677866,-0.00012008221,-0.0013915754,0.0002547751,0.0005824202,0.0030599365,6.764943e-06,-0.00026918677,-0.00030106615,0.0021774138,-0.00030479417,-0.0005388533,-9.500845e-05,0.0003698888,-0.0012391026,0.0010808918,0.0012690922,-0.0013137917,-0.0021373136,-0.00057812664,0.00025584668,6.856797e-05,-0.0014039241,-0.0007892926,-0.0033381425,0.0023428255,0.0027158395,-0.00012425806,0.0003898325,2.9845582e-05,0.00054527604,-0.00092417194,-0.000409147,0.0018196849,-0.00021527446,0.00020362245,0.0005249511,0.0013992968,-0.0003915409,-0.00044575532,0.004887828,0.0008063183,3.3474083e-05,0.0016644702,-0.0009402307,0.00064085086,0.0001930637,-0.0015805743,0.0021246662,-0.002480934,0.0012674518,0.00040060864,-0.00081090315,-0.0015986343,0.0014629626,0.0021862853,-0.0014320796,0.0029560425,-0.002166869,0.000507963,-0.0009967303
-3.431016e-06,0.000101604346,0.00010133924,0.00090292364,-0.00036232962,5.687759e-05,-0.00012693601,-2.7249876e-06,4.376899e-05,8.596631e-05,-8.482166e-07,-5.2781594e-05,3.288325e-05,-1.640731e-05,-0.00020872365,3.0692194e-05,-2.8556224e-05,-5.3417258e-05,-0.00010173538,-6.412395e-05,-2.0952626e-05,0.0001238873,5.854867e-05,0.00018034884,1.9764859e-05,-6.999608e-05,0.0003050606,4.3080698e-05,-0.0002152586,-3.964921e-05,-0.00016405211,-2.5027253e-05,-0.00016316118,5.67101e-05,-0.000120542405,0.00014503002,-5.0106857e-05,6.905395e-05,9.326706e-05,-9.280517e-06,-2.3287912e-05,4.576643e-05,2.724343e-05,-0.00022057397,-6.3475745e-06,0.00013037368,8.4707106e-05,4.6291487e-05,-0.00015409215,-8.947642e-05,9.779877e-05,3.2419703e-05,0.00010963608,8.556603e-05,-2.8046114e-05,-0.00027030334,0.00010647691,1.6055656e-05,-2.8504248e-05,1.2274586e-05,-6.152499e-05,-6.050168e-05,3.6983201e-06,-0.00012752626,0.0001493675,8.4905594e-05,-4.843067e-05,-2.7672191e-05,-7.926164e-06,-7.958795e-05,1.1267548e-07,0.000108941604,0.00019170236,-8.5519e-06,-8.108646e-06,0.00021379988,6.3943335e-05,6.667161e-05,8.526795e-05,5.2586365e-05,-6.128963e-06,3.8043854e-05,-0.000283736,4.016139e-05,1.7020244e-05,-0.0004512501,5.7380355e-05,4.9173308e-05,1.9590268e-05,-4.4193825e-05,3.0926032e-05,-1.9826926e-05,4.3906868e-05,-0.00011105198,9.929412e-06,-2.177494e-05,4.5334797e-05,-5.1713967e-05,-1.9292434e-05,7.203868e-05,5.0936884e-05,-0.00028492964,6.859784e-05,5.771735e-05,6.0385573e-06,0.0002225947,0.00021734253,8.3291416e-05,-7.05047e-05,7.049492e-05,1.7592142e-06,1.6057273e-05,-4.755715e-05,-4.3428963e-07,-3.222547e-05,-1.8580798e-05,-8.9761306e-05,-3.781876e-05,-6.274012e-05,-9.101237e-06,-7.2512055e-05,3.5065794e-05,2.2369793e-05,-0.0001466504,5.8000336e-05,3.1142798e-05,9.730613e-05,-0.00024916208,1.16474275e-05,5.721036e-05,-7.0623146e-06,1.624968e-05,-3.90492e-05,7.838227e-05,-7.803734e-06,3.7467493e-05,3.2233447e-06,-0.00025117863,-0.0002878475,2.2502507e-05,5.226315e-05,-4.3440643e-05,-0.00011935888,0.0013180262,5.8580545e-06,3.8605285e-05,-0.00015542487,5.8128353e-07,6.2914005e-05,2.0001173e-05,-0.00018661568,8.079493e-05,-8.664506e-05,-1.3005968e-05,-8.665287e-05,-9.673724e-05,-3.2828713e-05,-3.133642e-05,5.851735e-05,5.0449315e-05,0.00025440578,5.69847e-05,-0.00031239202,-6.0301107e-05,5.3585085e-05,5.5982535e-05,1.0075641e-05,5.0623552e-05,9.929719e-05,-0.00013546279,1.5884063e-05,3.960494e-05,3.7007092e-05,-6.9153786e-05,5.130655e-05,6.1774655e-05,-0.00016417891,-3.7916718e-05,-2.6074369e-05,8.0515456e-05,-8.530925e-05,-4.316296e-06,-3.3424865e-05,0.00010193334,1.7561639e-05,-0.000107117325,4.92501e-06,-4.5785127e-05,-5.823114e-05,6.861806e-05,0.0001234015,2.9804638e-05,1.9185263e-05,6.688531e-05,6.3229577e-06,-2.6375417e-05,4.4899854e-05,9.928544e-06,-4.0187017e-05,0.00016953614,-2.6355854e-05,-7.1076014e-05,0.00024658008,3.5841455e-05,-4.326862e-07,5.82583e-05,4.059892e-05,-6.497459e-05,-3.970372e-05,0.00043591653,-1.52535e-06,-6.821145e-05,-3.2900083e-05,0.00023388006,0.34068903,2.5391195e-05,-1.9064682e-05,4.1303436e-05,-0.00012868023,0.000247266,6.0445136e-06,-0.00010694705,-1.4639008e-05,-0.00019343322,7.805629e-07,-0.000114473856,-3.6305773e-06,-5.64144e-05,6.267066e-05,2.4250867e-06,8.6891814e-05,-0.0002760183,6.900616e-05,2.7382488e-05,2.1194239e-05,-0.00010140999,7.7430286e-07,0.00013653607,-2.0999847e-05,0.00013323652,6.3398824e-05,-3.273775e-05,-5.247994e-05,2.060513e-05,-0.00025523032,-6.456043e-05,3.6566315e-05,4.3925233e-05,-9.921253e-05,0.00010254753,0.0001628673,-1.1013938e-05,-7.526771e-06,7.7639845e-05,-2.291478e-05,-0.00013142364,4.866397e-06,0.00016343701,4.6486224e-05,-5.0724775e-05,-0.0001273177,-7.3012925e-06,-3.867677e-05,0.00018045545,-0.0001224812,-7.422287e-05,-2.5795516e-05,2.476324e-05,-2.7875743e-05,-2.9025246e-05,9.554129e-05,2.156297e-05,3.4074983e-05,-3.4823252e-06,-6.725079e-05,-4.1630745e-05,-6.2102634e-05,-0.00012944678,7.058374e-05,-0.00034040216,-4.6744684e-05,7.738173e-05,-2.5443422e-05,6.182945e-05,-3.9159906e-05,-1.9847432e-05,-1.7910266e-05,-0.00025907607,3.891986e-05,-0.00015940455,4.255093e-05,7.465305e-05,0.00018392247,-7.7818995e-06,-0.00024731248,3.966079e-05,-0.00023702165,0.00018330457,1.929091e-05,7.005184e-05
0.000997253,-0.0023183883,-0.0006200071,-0.002136004,-0.000621756,0.00025296386,0.00267466,-0.0001142412,0.0022976948,0.00011663274,0.00033118267,-0.00021411547,-8.438366e-05,0.0009222158,0.00037635906,-0.00012275841,0.0015555281,0.00063519884,8.945859e-06,0.00067218114,0.0010927713,0.0008664536,-0.00022088413,0.0025179184,-0.00070676394,-0.00014906048,-0.0019353484,0.00022024181,-0.002286087,0.0042887162,0.0011958061,0.00035625038,-0.0014257429,0.00029605525,-0.002303182,0.0008792292,0.0010691497,-0.0006852136,-0.00036374183,-0.0012205283,6.478709e-06,0.00025170934,-0.00025090267,0.0012536257,7.623645e-05,0.0005126807,-0.0026924692,-0.0019677149,-0.0015043227,-0.00059375685,0.00073549827,-0.00014458706,0.000377587,-0.0007952898,-0.0013059115,-0.0011246236,0.0005340625,0.00044254857,-0.00018279804,-0.0006670607,-0.00069897843,6.770833e-05,-0.0003410012,-0.0018127152,-0.00035675283,-0.0004962047,-0.00034077605,-0.00040255714,0.00016397484,-8.1290564e-05,0.0008051787,-0.0009406015,0.0011093004,-0.0006613164,-0.0010472706,-0.00093910506,0.0017771673,2.1348826e-05,-0.0010668244,0.0010822465,-0.0004981724,0.00037574128,-0.00049144006,-0.0013281519,-0.00047013618,0.002496719,-0.0008849527,-0.00081326754,-0.0004100351,0.00053821073,0.00055260625,0.00032073446,-0.0009760813,0.00013988843,8.5407046e-05,-0.00039588116,0.0010919933,-0.0005649484,-0.00092368294,0.004047737,-0.001700033,0.00027808422,-0.00034448403,0.00027347603,0.0035460843,-0.00057380967,-0.0038283693,-0.00048090194,-0.00037355328,-0.0016751261,0.00032572352,-0.00010278295,-0.00013560476,-0.0001288351,-3.587515e-05,-0.00033000147,-0.0017530276,0.00042156954,0.0003563041,0.00029325706,0.00082654005,-0.0007693072,-0.0002724786,-0.00012682997,0.0007427531,-0.0012268003,0.0004075532,0.0024571265,-0.0005246808,0.000114145514,0.00036470077,0.00044691656,0.00022636376,0.0011116286,-0.00050235994,-0.00024186009,0.0008837242,-0.0021630484,-0.0022908936,-0.0002947752,0.00012393748,0.00086208456,0.0016710018,-0.0032456813,-0.0007121385,-0.0025594335,0.00033838657,-8.7221815e-05,-0.00057519146,0.00034952682,0.003045711,0.00024063847,0.00039412544,-0.0013791496,-0.0039128503,0.0009413724,-0.0015051679,0.0052322247,-0.0020236757,0.0013726946,0.00076622557,-0.0004964487,0.0010281112,0.0021824813,-0.00036413263,-0.00078157964,0.0010810781,-0.0013728838,-0.00044572164,0.002879727,-0.0040638414,-0.00051522464,-0.00051445595,0.00064257596,-0.000643894,-5.496673e-05,0.00015024927,0.00089162384,0.00046287835,0.00016756612,0.0011755024,-1.7134958e-05,0.00022258365,0.0006643764,-0.00016396445,0.00090621936,-0.0006313478,-0.00072714133,-0.0007093437,3.5243414e-05,-0.0022230537,-0.00039338617,0.00067874783,-0.0012975143,-0.00037209527,-0.00037976037,-0.0015576803,0.00070360064,0.0023154924,0.001922574,-0.0012657936,0.00023982416,-0.0011063165,-0.0009871916,-0.0001194626,0.00041355146,-0.0004149654,-0.0009550379,-0.00021377111,-0.0042060176,-0.0020424142,-0.0013854078,-0.00078216696,-0.0024964951,-0.00093504164,0.3382516,-0.00038489007,-0.0003523755,0.00076662895,0.0008455657,0.0005034688,-0.0030812053,1.6326416e-05,0.0016858277,0.0010259257,-0.00028418592,-0.0003966737,0.00025138786,0.00019018863,-9.467501e-05,0.0035507262,-0.001905024,0.00018611352,0.0004866991,-0.000979055,0.00042056266,-0.00033737393,0.0012777841,-0.00037678896,-0.0030510852,-0.00017297425,0.001114092,0.0016658996,0.00035731136,0.0006402248,0.0023446027,-0.00036955345,-0.0004128973,0.000674458,-0.0005166003,0.0029992498,0.00018553459,-0.00023069297,-0.0009952659,0.0013939658,0.00065073493,-0.00052294455,-0.00088845287,0.0008230304,5.263243e-05,-0.0004417653,-0.0023620406,-0.00063290686,-0.0017329385,0.0021728305,0.001090313,-0.0014863145,0.00025630504,0.0010795714,0.000591701,0.0006557968,-7.255224e-05,0.0023325684,-0.00015870474,-0.00023600372,0.0003933735,0.00022155285,-0.0011880648,-7.076986e-05,0.004018802,0.0009547345,0.0009890059,0.0013064472,-0.00020795425,0.00067841366,0.0005221095,-0.0005558671,0.00072575966,-0.0034787315,3.475567e-05,-0.00023571811,3.1641837e-05,0.00061208557,-0.00023492593,-0.00094783504,-0.00027779088,-0.0050572455,-0.00070993195,0.0008505751,-0.0011759112
0.00036097766,-0.0001717214,-0.000102826954,-0.00049236993,-0.00063466997,0.00044868927,0.00046628944,-0.000105791405,0.0005674386,0.00016321323,4.5059638e-05,6.286542e-05,3.5290035e-05,0.0001902598,-0.00018817213,6.563219e-05,0.00039721647,0.00016131961,0.00025340062,9.6451055e-05,0.00017973737,0.00014118172,-3.898535e-05,0.00066958746,-0.00014593994,3.6086618e-05,-1.550835e-05,6.238332e-05,-0.00038125715,0.0005302451,8.050687e-05,7.057439e-05,0.00037031152,-0.00026324543,-0.00027973653,-0.00017359258,-0.00030549525,-0.00014691088,3.2358066e-06,-6.5182416e-05,-3.375102e-05,0.00027561485,-3.4468732e-05,0.00011378462,-1.725775e-05,0.0005926739,-0.00045808134,-0.00013949891,-0.00053880824,-0.00016345482,0.00016401496,-7.154505e-05,0.0004688614,-0.0002516554,-0.00018908532,0.0005608195,5.526484e-05,4.0528193e-05,-4.8601618e-05,-0.00024669655,-0.00012398548,-9.215293e-05,-2.9350642e-05,3.6119593e-05,-0.0010673746,-5.1725146e-05,2.4554447e-06,-0.0001959973,8.309602e-05,0.00026550578,9.773121e-05,2.6012651e-06,-6.0414723e-06,-8.025034e-05,-0.00023125879,-0.00035166688,0.00015563212,-0.00010439612,-0.0006338672,0.00010712935,4.7613128e-05,0.00040715194,0.0011641224,-0.00037449133,5.688792e-05,0.00079333375,-7.5493794e-05,2.3951889e-05,-1.738188e-05,0.00014867335,0.00017574578,9.256403e-05,-0.00021445873,-0.00036983442,0.00012999517,-0.00014259301,5.0471037e-05,-0.00041537313,9.565642e-05,-5.5769033e-05,-0.00013175384,-0.00018055749,1.2756407e-05,0.00017843058,-2.988167e-05,9.132258e-05,-0.00040692138,-0.00022951141,-0.00026369066,-0.00020803216,8.105826e-05,-9.1838956e-07,-0.00011342563,4.747149e-06,4.6711524e-05,-1.2234127e-05,-0.00025350624,0.00011204079,3.883054e-05,0.00017115808,-0.00023112894,-6.210337e-05,-5.4709057e-05,-5.3090935e-05,0.00017152597,-0.00020231836,0.00016897992,0.00062366796,-7.137977e-05,-4.1925465e-05,4.928781e-05,0.00019048393,3.8652284e-05,8.824674e-05,-0.00015269908,-1.0202557e-05,0.00022054181,-5.38718e-05,-0.00058689027,1.5734244e-05,6.665647e-05,8.862464e-05,0.0004601736,-0.0019189267,-0.00017326036,-0.0003644468,-2.9805742e-06,-9.711214e-05,-1.83572e-05,0.00013088084,0.00042487922,-8.895044e-05,9.702824e-05,-9.57527e-05,0.00017761887,0.00021100549,-0.00032734935,0.00046979677,-0.00031451453,-5.9458816e-06,-9.162082e-05,-9.148186e-05,0.0001092383,0.00027299934,-0.00013995163,9.185353e-06,-0.00011161908,1.226908e-05,-0.0002790011,-0.00038926853,-0.00079657434,-0.00021128265,-0.00011040881,0.00019226415,-0.00013088826,0.00023965866,-0.00030286782,0.00015674613,0.000100852805,5.426605e-05,1.9261806e-05,9.8767945e-05,6.108282e-05,0.00041991702,0.00019968642,0.000526462,-7.6626005e-05,-0.00015556804,6.8652707e-06,-3.3962766e-05,-0.0003334449,0.00028334174,7.992708e-05,-0.00018554382,-9.9997196e-05,-9.012419e-05,-0.00031287782,0.00020593287,-0.00026773065,0.0006306782,-0.00031793717,-0.00016492842,-0.00051445473,-0.00012742491,-4.1270646e-06,-0.00019272488,-4.8224385e-05,-0.00020659069,4.0822677e-05,-0.001209011,-0.00025522846,-0.00037120655,-0.00010036966,-0.0001622307,0.00039692826,-0.00030889682,0.34171152,0.0001034457,0.0002042878,5.5679688e-05,9.574326e-05,-0.00053749204,-9.353481e-06,0.00043057933,-0.00010656888,-0.00043499866,-1.9107425e-05,3.071089e-05,0.00019959894,-5.629268e-05,0.0004506107,-0.0005260113,-0.00012716127,0.00011618203,8.6389606e-05,0.00016938795,-0.00015069735,7.16931e-05,-4.791293e-05,-0.00041272145,-0.00017692642,0.0007732384,0.0003249165,3.5030662e-06,-4.4670796e-05,0.00063978444,-6.357747e-05,-7.252759e-05,3.574881e-05,-0.0002588736,0.00044191224,9.630504e-05,-6.3182415e-05,-0.00011571936,0.00013170764,-0.00010966125,7.3992494e-05,1.8476749e-06,0.0001701865,5.6796645e-05,0.00021059992,-6.608083e-05,7.4122276e-05,-0.0005150072,0.00030816728,-3.9694954e-05,-9.857684e-05,-1.1364424e-05,0.00035215804,8.6211665e-05,1.378253e-05,0.00015739171,0.00028284526,-6.799925e-06,-5.947237e-05,6.534373e-05,-7.1986484e-05,6.679781e-05,4.2611402e-05,0.00062222173,9.642531e-05,0.00014613518,0.00011376091,3.9956317e-06,0.0001240244,9.623021e-05,-0.00030460977,0.00010741339,-0.00037875545,5.7304223e-06,-0.0001179187,6.9852365e-05,0.000339492,-0.00028934245,-6.063225e-05,0.000121702804,-0.0006450426,-2.5528781e-05,0.00010075845,-0.00045899226
-0.0004413324,-0.00094506046,-1.149515e-05,-0.0012940149,0.0017852021,-9.395798e-05,9.185483e-05,0.00016407472,-0.00044525924,-0.00015536677,-0.00012016679,-0.000113777474,-0.00016971049,-0.00011252813,0.00034863013,-0.00015626293,-2.06319e-05,-0.0003018167,-0.00064097263,8.718605e-05,-0.000100590245,-0.00014281135,-7.639861e-05,-0.00029659763,-2.1264019e-05,-0.00011709124,4.4724697e-05,-7.954357e-05,1.1016968e-05,0.00015574788,0.00086506427,-0.000100639394,-0.00093358645,0.0005500909,-0.00015529657,0.00048171426,0.000820657,1.2870069e-05,-0.00030703368,-8.07624e-05,0.00017666395,1.1625561e-06,-0.00018272748,0.000101931764,8.0103186e-05,-0.0007240164,0.00035512343,-0.0002619635,0.00066440564,-0.0001068296,-2.637877e-05,5.53513e-06,-0.0007296634,0.00021613226,0.000103032704,-0.00026141203,6.580091e-05,5.641605e-05,4.5142522e-05,0.00026844448,7.680937e-05,0.00018348593,-4.7048372e-05,-0.00064495485,0.0008880375,6.9769434e-05,-0.00029518284,0.00015435471,-0.000103109494,-0.00081382785,-6.170195e-06,-0.00031245282,0.0006168966,-7.647595e-05,0.00015527327,-0.00016105552,0.00018270104,4.842076e-05,3.8431288e-05,8.131201e-05,-1.5812646e-05,-0.0007100366,-0.0008729909,0.00023013339,-0.00015111736,-0.0010708837,-0.00055635825,-0.0007154379,1.9112353e-05,-9.6577e-05,-0.00035108018,-0.00010805666,0.00013142396,0.0005648825,-0.00011241685,0.00021042969,-6.5037825e-06,0.00084890897,-0.00039916846,0.001171373,-0.00023312174,0.0005938172,-4.694364e-05,-0.00064869,0.0009580704,-0.0004972014,7.680068e-05,0.00014994181,-0.00026546835,-0.00010873276,-0.00012229569,6.15433e-05,0.0003017377,-7.824464e-05,-8.070939e-05,-4.7575413e-05,0.0003141621,-2.1006907e-05,-0.000118365,-0.00032124753,0.00079110323,-0.0001392938,3.4390763e-05,2.1523188e-05,-0.00011751572,-0.00017741956,-0.0002224116,-0.00030456533,-5.963662e-05,-3.717637e-06,1.6729975e-05,-0.00034878217,1.2144619e-07,7.1948765e-05,0.00018639468,-0.00016149001,-0.00017490805,-6.562543e-05,0.00057556917,-0.00013704231,-0.00043377225,-2.0227866e-05,0.00034714545,-0.0017147713,0.00010301697,-0.00013864796,-0.00029246166,2.526481e-05,-0.00024188412,-0.00012645657,2.6677384e-05,0.0002596624,9.452391e-06,9.883091e-05,-0.0016634762,-1.1951621e-05,0.00071675226,1.8565912e-05,1.3330531e-05,0.00020495526,0.0003229964,3.4068158e-05,0.00043679072,0.001212192,1.8920886e-05,-0.0005551541,0.00045477986,-0.0002697452,-7.746765e-06,0.0015871886,0.0005526534,0.00023671596,-8.755856e-05,-0.00018992077,-3.733394e-05,-0.0006014593,0.00071398524,0.00032558801,-2.1671089e-05,-0.0002088945,0.00039484768,-0.00023029347,-5.2117166e-06,-0.000623761,-0.00044089096,-0.00055834284,-5.6217705e-05,0.0002682436,-8.4299834e-05,6.9677924e-05,-0.0004641663,-0.0007039547,5.561854e-05,5.905844e-05,7.993884e-05,4.2102776e-05,0.0001458537,-0.00021668151,0.0010360386,-0.00029762526,0.0003875433,0.00022889934,0.00048243382,-0.00027008,1.2062401e-05,0.00016741006,-0.00017347539,6.174405e-05,-0.00025351584,9.0000525e-05,0.00053565047,5.0257504e-06,0.00014893083,-0.00073016784,0.00011323469,-2.9175573e-05,0.00026686562,0.34176043,0.00017431553,0.00044457155,-0.00012644818,0.0003519012,2.4152563e-05,-0.00030653333,0.0005514178,0.0010494089,-0.00017268048,1.4921836e-06,-0.00045195673,-6.945239e-05,0.00021679762,0.00057132845,0.00013653765,4.1812436e-05,-0.00050738145,-0.00015455628,0.00040854848,-0.00044227642,0.00013967796,-0.0003682014,-2.1523207e-05,-0.0010967922,-0.0003417947,0.00015625656,0.00035880329,-0.0005515809,-2.7568625e-05,3.018379e-05,0.0004504161,0.00031438255,-0.00016263503,-0.00010714543,0.00017496877,-0.00015612354,0.0001513546,8.137263e-05,-0.0003863049,-0.00056539744,-0.0003854001,1.5782554e-05,-0.00046481186,-1.4246863e-05,-0.00033820813,-5.325668e-06,6.460205e-05,0.00058937835,8.214194e-05,0.00018335278,-0.00039224475,-1.851781e-05,-0.0002085431,-2.6306554e-05,7.414936e-05,-1.1566837e-05,8.929081e-05,8.618218e-05,0.00021826671,-0.0002482082,-0.00015663955,0.00041998792,3.447982e-05,1.1082659e-05,0.0003252206,-0.00043002845,6.6304325e-05,-8.283709e-05,-0.0013341617,0.0005096207,-0.00038997125,1.940921e-05,0.0001732715,-0.00025485124,-0.0005462955,0.0006515328,0.00068165833,-0.0004051943,0.0015324237,-0.000513568,-5.385102e-05,-0.00014461359
0.00024337569,0.0019438873,0.00027280598,0.00319105,-0.0015437993,3.3523538e-06,-0.0011774562,-0.00019487404,-7.5317093e-06,0.0002689198,9.44777e-05,0.00020709888,0.0002522906,-7.590354e-05,-0.00055027026,0.00032865442,-0.0005915374,0.00016455137,0.0006869747,-0.0001233799,-0.00013119561,9.9552875e-05,0.00015930679,-0.00014165058,0.0002105203,-8.661553e-05,5.297403e-05,9.8436474e-05,0.00014431488,-0.0009832344,-0.0016807731,8.015252e-05,0.0012138247,-0.00061352504,0.0006612435,-0.0007363059,-0.0014177749,0.0002761439,0.000551324,0.0005309174,-0.0002580783,-0.0003859343,0.00043856102,-0.00042907655,-0.00016802973,0.0006655727,0.00010813037,0.0008413985,5.1776184e-05,0.00033142348,-0.000103266575,-3.0960724e-05,0.0010354923,-0.0001127408,7.72193e-05,-8.4095685e-05,-0.0001174344,-0.00018789356,-4.9830694e-05,-8.829162e-05,0.00015634818,-0.0003167717,0.0002525805,0.001307839,-0.000559814,-2.7323238e-05,0.000494039,-8.823131e-05,6.141489e-05,0.0011270287,-0.0003116809,0.0006767396,-0.0013354789,0.00029272545,9.677203e-06,0.0010517051,-0.00053737604,5.122352e-06,0.00051094336,-0.00033434012,4.2490854e-05,0.0008579952,0.0011327257,0.00013108648,0.00047698425,0.00030609354,0.0010557497,0.0013780512,5.298774e-05,-4.9456034e-05,0.00036804407,1.44410415e-05,9.566958e-05,-0.00040024557,0.000105083,-8.269865e-05,-0.00032795922,-0.00091181125,0.00065609254,-0.0022342429,0.00082686666,-0.0010171306,0.00018207457,0.00075175666,-0.0017971501,0.001015747,0.00081748876,3.6032186e-05,0.00018119447,0.00048873277,2.199172e-05,-0.00011000466,-0.00034755684,0.000119678116,7.478158e-05,0.0001576726,-3.627712e-05,-8.6388565e-05,9.609616e-05,0.00037437122,-0.0012857928,0.00040770703,-1.0673855e-05,6.6868735e-05,7.404639e-05,0.0006168098,0.00022300647,-0.00039298437,0.000199053,-7.530746e-05,-0.0001523408,0.00033765516,-7.39836e-05,-0.000240993,-0.00019400075,0.00033382123,3.070757e-06,0.00026157344,-0.0009881208,0.0004146096,0.0006083292,-0.00023276494,-0.0011379885,0.0010611337,0.000117405594,0.00095505005,0.0007311884,1.796835e-05,0.00038804306,6.12105e-05,-0.0007670988,-0.00012720405,-0.00023401003,-1.3155315e-05,0.0019421132,-0.0002646761,-0.0005763396,-0.0011749784,0.0004565702,-0.00035338124,-0.0004186817,0.00010532197,-0.0009790937,-0.001977661,0.000104161365,0.0009700618,-0.0007154901,0.00064223906,0.0003049324,-0.0019727545,0.00045074915,-0.00018529885,0.00027133286,3.121456e-05,0.00018731995,0.0008982962,-0.0010751244,-0.00082641805,-0.0002238323,0.00044824384,-0.00088496535,0.00029977076,-1.972407e-05,0.0004141908,0.0006068789,0.0003797854,0.00023495329,-0.000100032674,0.00037913676,-3.6622445e-05,0.0011930765,0.0009846815,-0.0002462605,0.00033616106,-1.9030365e-05,8.814675e-05,0.00027903946,8.028269e-05,-0.0016738238,-0.00028320792,-0.00021399502,-0.00020313657,-9.31127e-05,0.00078805006,-6.9758435e-06,1.3721501e-05,0.0004025621,0.00014502449,0.00048409204,0.0016874556,-0.00031762655,0.0005495908,4.6026995e-05,0.0024477977,0.00032086883,0.00044180904,-8.459732e-05,0.00043564927,0.34182283,-0.00076178304,0.000103392245,0.00032299504,2.2893319e-05,-0.0001464433,-0.0009359244,-0.0013369699,0.00020932849,-1.1822856e-05,0.0006697242,2.5899984e-05,-0.0012166128,-0.00025253446,-0.00019935846,-0.00025274852,0.0008656566,2.0374262e-05,-0.0005723564,0.0007228237,-4.160829e-07,0.0014442492,-3.0286942e-06,0.0009317326,0.00013566733,-0.00030233304,-0.001048702,0.0001871201,6.659339e-05,0.0001166619,-0.0009517312,-0.00015545676,-0.00013924536,8.9530644e-05,-0.0001585608,0.00049841806,-0.00045595743,-0.00019149207,0.0006623819,0.00074090046,0.0003273055,-3.4684737e-05,0.0003237487,0.00027822942,0.00050875026,0.0010247702,-0.00077444874,-0.0012105226,-4.9754017e-05,-0.00029895356,0.0001553761,-0.0002618703,0.000390572,0.00023928708,-0.00066546863,8.6064225e-05,-2.984955e-05,-0.00022902107,-0.0005222882,0.00039753682,0.00010442619,-0.0018858293,-0.00022351937,-0.00012325085,-0.0007726933,0.0005949873,-0.00026890205,-2.579797e-05,0.0019574484,-0.0009586251,0.0011106583,-0.00025647276,-0.0002366753,0.00031075775,0.00057022873,-0.0008148101,-0.0010587791,0.0006708537,-0.0015545649,0.0010168354,-0.00023114076,0.0008060089
-0.0008517029,0.0018580751,7.2154544e-05,0.0007171719,0.0018691323,-0.0018029234,-0.0019094016,0.000376392,-0.0017553652,-0.00016036273,-0.00025233274,0.000303101,5.1587896e-05,-0.0005395525,0.0010268993,-0.00013792982,-0.0013639423,-0.00016955251,-0.00019980299,-0.00026479963,-0.0004922874,-0.00068788114,6.3764506e-05,-0.0021933357,0.00023309453,0.00012017686,-0.0013982198,-0.00012653817,0.0020808764,-0.00159161,-0.000982033,-0.00017519589,0.00027432345,0.00010843035,0.0013412074,-0.0004847957,7.730081e-05,0.00036883805,2.8797145e-05,0.00051739294,6.5692744e-05,-0.0009897063,0.00026613142,-0.00026781776,-4.74539e-05,-0.0025058063,0.0008761205,0.0004737507,0.0020357736,0.0003506561,-0.0007564001,0.0001154867,-0.0010285106,0.000254545,0.0006138059,-0.0012433281,-0.00046123195,-0.00015267599,0.00021114363,0.00050886185,0.00035047988,0.00046893206,6.419221e-05,0.0011713653,0.0030185957,0.00045885533,9.903204e-05,0.00038878163,-0.00024193886,0.00034172766,-0.00044859244,-5.9268914e-06,-0.0013722789,0.00025752198,0.0005232637,0.0008729789,-0.00087411795,0.00011298907,0.001492067,-0.0005452672,0.0001885209,-0.00053291523,-0.0009908776,0.00085985265,-6.958005e-05,0.0003179451,0.00034539058,0.0005482048,0.00023606366,-0.00038657789,-0.00043218568,-0.00020563292,0.0005970165,0.000912304,-0.00020364107,0.00041060123,-0.00060342054,0.0009784364,-7.24368e-05,-0.0016868734,0.000605274,0.000951169,-0.0001615907,0.00012964892,-0.00017202573,-0.00058532646,0.0006841045,0.00021132766,0.0012431837,0.00051375973,-0.00021739925,0.0002120713,0.00016185004,2.3281467e-05,9.481778e-05,0.00017080903,0.0008554127,-0.0002183579,-0.00017863871,-0.0003357654,0.00020161677,0.00032678279,0.00018295145,0.00036457687,-0.0007078163,0.0008165495,-0.0003624687,-0.00047543264,0.00037099517,-9.297597e-05,-0.00016847112,-0.00035603807,4.024318e-05,-0.0005095849,0.00039487288,1.4085577e-05,-0.0007520057,0.0012095373,0.0019377508,1.33957465e-05,-0.00015501199,-0.00032173935,-0.0014292297,-0.00065896363,0.00033847563,0.0012706268,0.0007916179,7.76265e-05,-3.0774998e-05,-0.00031198582,-0.0007321061,-0.00012348089,5.835895e-05,0.000120226156,0.0013514799,-0.00076550676,-0.00044915505,-0.0016750724,0.0007186985,-0.00017111137,-0.00093304744,0.00010198349,-0.000120832156,-0.0026558703,0.00042674405,0.00024443897,-4.341911e-05,0.00012706128,0.00038645766,-0.0004250639,0.0012731318,0.00044727518,0.0002864175,-2.6289828e-05,0.00024167476,-0.0004934168,0.000477202,-0.0007139044,-0.00045619608,-0.00023928657,-0.00020951801,-0.00033422178,-0.00013171071,-0.0013092473,-0.00017511495,-0.00064539566,0.0003462284,0.0006100726,0.00023882477,-3.9241706e-05,0.0013350246,-0.00030405112,-0.00024925292,0.0006406826,0.0002464556,0.00026020344,0.0009914131,-0.00052722683,-3.713792e-05,-0.002168571,0.00084655255,0.00072015164,0.00072589295,0.00079329364,3.0032894e-05,0.00046999432,0.000106293286,0.00065869046,0.0002603747,0.0026132676,0.0003094539,0.0018016553,0.0004546766,0.00079889974,-0.00033569895,0.0008808801,0.00031650992,0.00015671918,-0.00016141102,0.3384105,-0.00027652914,0.0017184572,-0.00011640992,-0.00053817226,-0.0002717226,0.0006537652,2.254671e-05,-0.00016917578,-0.00037971413,5.5069766e-05,-0.0012359924,0.0019375908,2.3754017e-06,-0.00050075044,1.9031446e-05,-0.00023016964,-0.00023764031,0.0003117987,0.00027985527,0.0011476814,0.0002257163,-0.0014450739,-0.00047489585,-0.00022183906,0.0002837393,-0.0013750644,0.00010798298,0.00021444845,-0.00025311337,0.00019637297,-0.0019745182,3.4422246e-05,0.0002465228,0.00038738872,-0.0004877074,0.00088826305,0.00011000378,-0.00063211395,-0.0002525444,-1.1448953e-05,5.383299e-05,-0.000180399,0.00026788117,0.0010070273,-0.0006406423,-0.00028786025,0.0001564334,-0.00025238527,-0.00068413914,-0.00041634403,-6.680944e-05,-1.3103616e-05,-0.0008993088,-2.1838869e-05,0.0001786829,-0.00018300347,0.0001458033,0.0003964965,-0.00027985088,-0.0017780749,-0.00018048554,-0.0005099436,-0.0005443725,0.00030063084,-0.00036935933,-0.00026793097,0.0029152632,-0.00064534624,0.0012655483,0.00037266035,0.00016793024,-0.00024156236,-0.0011277442,0.00038383642,-3.1613035e-05,-0.00015401552,0.0028895189,0.0003037806,-0.00056387135,0.0020358376
-0.0010198936,0.00050431065,0.0002957199,-0.00041360542,0.0021945809,-0.0007460594,-0.0014204993,0.0003302838,-0.0017260059,-0.0002239607,-0.00025689992,0.00015877545,-7.1592265e-05,-0.000610321,0.00044334453,-0.00012834973,-0.000976571,-0.00059554697,-0.0006276619,-0.0003134263,-0.00065681845,-0.00067855424,2.5159841e-05,-0.0020953065,0.00038571793,0.00019047827,0.00064363383,-0.000184718,0.0016588544,-0.0022150364,9.476238e-05,-0.0002970864,-0.00021350365,0.00042908717,0.0011455999,-7.9075835e-05,0.00042285345,0.0004035616,-3.702331e-05,0.00047988724,0.00018029573,-0.0003050987,6.946982e-05,-0.0005510071,6.0978353e-05,-0.0014830973,0.001723577,0.0006771316,0.0015432517,0.0003172769,-0.00054320344,0.0001067787,-0.0011448966,0.00063429045,0.0008096611,7.809455e-05,-0.00019747988,-0.00015607045,0.00020185299,0.00066317245,0.00047512498,0.00029831534,0.00014783339,0.00033394294,0.0018440771,0.00047526127,-3.5257985e-05,0.000427064,-0.00024138813,-0.0006447377,-0.00034726254,7.4277974e-05,-0.000113241884,0.00026547944,0.00071366725,0.0003053986,-0.00079461123,-3.898378e-06,0.0010139978,-0.00051368825,0.00014580632,-0.0010162838,-0.00093347306,0.0010139123,-8.1148195e-05,-0.0022111689,-1.4118652e-05,-0.00022246913,7.6313474e-05,-0.0004068508,-0.00066443864,-0.00027637967,0.0006825208,0.00070003007,-0.00023926081,0.00043178737,-0.0005559596,0.0012915153,5.127711e-06,-0.0010718001,0.0006173288,0.0005767171,0.00010746913,-0.0005575588,-0.0008135121,-0.00039613678,0.0017637591,0.00040205242,0.0002563746,0.0007736825,-0.00030951155,7.524906e-05,0.0003367347,-2.7316994e-06,4.8272203e-05,-1.9136942e-06,0.0011830644,-0.0002696022,-0.00025617037,-0.0005231434,0.00041932543,0.0002758318,0.0004128046,0.00020873948,-0.00060563046,0.0005690158,-0.00048155503,-0.0014868673,0.0002531203,-6.0774946e-05,-0.00020992104,-0.00053503853,-0.000113332535,-0.0005178069,0.00048645114,1.7536748e-05,-0.0007534955,0.0010793852,0.0022778492,-5.649683e-05,-0.00045293808,-0.0005445868,-0.00081854407,0.0004285128,0.0004916531,0.0011986572,-0.00043560207,0.00012516194,2.8082726e-05,-0.00036205858,-0.0014321704,9.305672e-05,-5.9173297e-05,0.0007216546,0.0005959042,-0.0007168562,0.0013781482,-0.0026937935,0.0010620169,-0.00049049646,-0.0002637369,0.00021157211,-0.00011490981,-0.0006268782,0.0004158874,-4.768804e-05,-3.4382145e-05,0.00036758042,0.0002742113,7.652707e-05,0.0025193677,0.0005779445,0.00020011101,-0.0004586134,0.00029760087,-0.0006881951,0.000733447,-0.00026720064,-0.00034113767,-0.0003062013,-0.00020875892,-0.00030979866,-0.00012678588,-0.001115345,-0.00042517003,-0.0011371525,0.00026819351,0.0006777552,0.00023507809,2.0656775e-05,0.0008770017,-0.00056852034,-0.00030278205,0.0007222402,0.00027394455,0.00021234211,0.0009841543,-0.00063482893,2.204888e-06,-0.001694529,0.0010767606,0.00035587436,0.0010704958,0.00035269835,7.512329e-05,3.6522386e-05,4.2350683e-05,0.0005993272,-7.3279643e-06,0.0022753999,0.0014057866,0.0009495891,0.00056230044,0.0006868991,0.00029826784,0.0010205777,0.00044520714,-4.171501e-05,-0.00016419408,-0.00047139643,0.3408177,0.0021459463,-8.846276e-06,-0.0011259756,-1.333593e-05,0.0011949496,-1.7894092e-05,-0.000122431,-0.0006346392,6.0080774e-06,-0.0015618347,0.0018168986,0.00011348012,-0.00020319289,-8.592104e-05,-0.000356582,0.0005305631,-0.0008459194,0.00031243003,0.0013146006,0.00021913511,-0.0015413789,-0.0011022594,-6.0556093e-05,0.0001348133,-0.0019087655,0.00013874217,0.00024507137,6.284272e-05,0.000574046,-0.0018984564,-0.00024794234,0.0002810618,0.0003768922,-0.00061848544,4.926367e-05,-0.00013189366,-0.000150794,-0.00070480886,-5.8863325e-06,-0.00013237243,0.0010058986,-9.305622e-06,0.0008857354,-0.0010231229,4.0205858e-05,0.00084337324,-1.7870674e-05,-0.0009669525,-0.00035687923,-0.00049086456,-5.6686084e-05,-0.001141336,1.24615635e-05,0.00013947676,-0.00016594645,0.00016820157,0.000368824,-0.00014412594,-0.0017123694,-0.00039666545,-0.00054269866,-0.00038886888,-0.00019913568,-0.0003169714,-0.00035381922,-0.00027801297,3.6352147e-05,0.0015432892,0.00014838346,0.00031844186,-0.00029297324,-0.0010672101,0.000822062,0.0009973417,-0.00030530963,0.0045130444,-6.817155e-05,-0.00047193925,0.0008106417
0.001182516,-0.0005887376,-0.00025730673,0.0003442041,-0.0025236413,0.0010711193,0.0015755994,-0.0004781731,0.0020617684,0.00041184158,0.00031155744,-6.1389466e-05,0.00021119203,0.0006705589,-0.0008021876,0.00022855811,0.0011098463,0.0006491892,0.0007423256,0.00038820817,0.0007133369,0.0009038943,2.2240907e-05,0.0025126103,-0.00035801646,-0.00026402157,-0.00010015459,0.00035131007,-0.001911665,0.0021984614,-0.00016321901,0.00031975115,0.00047422652,-0.00064645056,-0.0013027113,-1.0957966e-05,-0.00070052996,-0.00040322432,0.0002168761,-0.000419014,-0.0002753763,0.00048578082,1.5697618e-05,0.00028973265,-0.00010689216,0.0016216837,-0.0017388364,-0.0005084614,-0.0020118868,-0.00019496691,0.0005863124,-8.810391e-05,0.0014966266,-0.0006945454,-0.00085458526,0.00034656088,0.00027079653,0.00012337485,-0.00012276458,-0.00078081316,-0.00059833395,-0.00040729513,-4.543389e-05,-8.841635e-05,-0.0024201279,-0.00030463765,0.00020960809,-0.00047239114,0.00031192534,0.00081460027,0.00045917116,0.00015061551,0.00030029946,-0.00020980673,-0.0008022655,-0.00049103796,0.0007716152,-7.5690456e-05,-0.0012624604,0.0005341564,-0.00018815184,0.0012137952,0.0016383204,-0.0010830183,8.520591e-05,0.0020634267,0.00025455505,0.00038234427,-0.00014059455,0.00044569463,0.000821964,0.0003194706,-0.00076118816,-0.0010610027,0.00031368787,-0.00047106022,0.0004897008,-0.0014815282,0.00015688462,0.0007894133,-0.0004995812,-0.0011040114,8.813851e-06,0.00083836337,0.00039892836,0.00071874383,-0.0014572805,-0.00041487772,-0.0005000558,-0.00072860013,0.0003419227,-0.00015294555,-0.00049144414,2.3679484e-05,2.783842e-05,-9.6974436e-05,-0.0013117607,0.0002961936,0.00026797436,0.0006899084,-0.00070469885,-0.00019686145,-0.00045361885,-0.00032014647,0.00069385604,-0.0005176634,0.0006344028,0.0014645373,-0.00025308502,0.00032455425,0.000149116,0.0006751483,7.421165e-05,0.0005434139,-0.0005841223,7.316103e-05,0.0008725231,-0.001291429,-0.0026405642,0.00014429227,0.0005952535,0.00056983886,0.0008449128,4.543204e-05,-0.0005707634,-0.0012403139,-6.957307e-05,-0.00015628053,5.256387e-05,0.00046545142,0.0012798546,-0.00011509909,2.2320772e-05,-0.00062028196,-0.000669977,0.0006767408,-0.0011031348,0.002502538,-0.0010147681,0.00044135473,0.0003370108,-0.00015974703,-8.105383e-05,0.00042591005,-0.00036368062,0.00033750347,-0.00016955283,-0.00017685015,-0.0004292692,-0.00038874947,-0.002609286,-0.0008033509,-0.0002179015,0.0004777106,-0.00024954943,0.0009201323,-0.0011658921,0.00020201718,0.00036863761,0.0004446009,4.10581e-06,0.0004833924,0.00011676318,0.001516353,0.00062992587,0.0013355676,-0.0002017158,-0.00077367714,-0.00012146838,-8.607676e-06,-0.0008327771,0.0008506461,0.0003029663,-0.000728881,-0.00031665352,-0.00020671576,-0.0011476176,0.00077748235,-0.00034167725,0.0019225184,-0.0012169447,-0.000528991,-0.0011470522,-0.00031620305,-0.000104621024,-0.00021779386,9.1053735e-05,-0.0007003024,0.000105332125,-0.0024504843,-0.0012969413,-0.0011816127,-0.0006739972,-0.0004461576,-0.00035799976,-0.0010102576,-0.00053755497,0.00019483706,-7.031201e-05,0.0007648639,0.00047327369,0.33790046,-1.2330894e-05,0.0011149506,-0.00020151562,-0.0016574352,0.000101129226,0.0001343679,0.00080846704,-3.7775362e-07,0.0016286777,-0.0023353093,-0.00013328067,0.0002478177,0.00031407032,0.00040392907,-0.0006071851,0.0007749555,-0.00035823951,-0.0013997873,-0.00023231092,0.0022416916,0.0012103694,-1.0150442e-05,-0.0004019267,0.002082005,-0.00013332929,-0.00021595358,-0.00018417127,-0.0006316206,0.001808571,0.00030285167,-0.0003428428,-0.0002682403,0.0005125126,-0.00034627574,0.0002702109,0.00029074049,0.00077914656,4.0597457e-05,0.00025577494,-0.0006756599,0.000116750976,-0.00092263514,0.00093285326,-0.00025400936,-0.00075355463,-4.1363266e-05,0.0011470208,0.00031804107,0.00051804294,0.00015236187,0.0011436731,-4.095198e-05,-0.00022439235,9.911994e-05,-0.0003402129,-0.00028836934,0.0003196342,0.0016217006,0.00034697808,0.00061655365,0.0002489879,0.00021653992,0.00029454415,0.00037003998,-0.00029902364,-5.599171e-05,-0.0014428039,-0.00026636262,-0.00037170498,0.0004664437,0.0014713018,-0.0010364712,-0.0012960159,0.00051470345,-0.0043731364,0.0002932912,0.0005307427,-0.0011144652
-0.0009791626,-0.00110698,-1.9267367e-05,-0.0019396208,0.003682497,-0.00070765655,-0.00027492092,0.000452914,-0.0009759425,-0.00032199753,-0.00022783995,-7.4956304e-05,-0.00023951926,-0.00028428502,0.0010552108,-0.00032568487,-0.00035461964,-0.00059735274,-0.0012180632,1.7089906e-05,-0.00024696835,-0.0003938445,-0.0002234097,-0.0010313422,-0.000112329086,-6.156507e-05,-0.00055042014,-0.00021410966,0.00056765246,-0.00016080671,0.0012802347,-0.00017458857,-0.0016862252,0.0011269278,-3.912495e-05,0.0008393602,0.0017219986,4.934142e-05,-0.0006205407,-0.00020572601,0.00031381988,-0.00037461406,-0.0002165379,0.00030195422,0.00012954562,-0.001839028,0.0007244199,-0.000552855,0.0014660486,8.5349784e-05,-0.00018831181,4.6359273e-05,-0.0017063138,0.00045125562,0.00023338382,-0.00095384096,8.702139e-05,9.574306e-05,0.00018546532,0.00058522675,0.00019792627,0.0005042074,-0.00016227987,-0.0011374963,0.0023171802,0.0003138068,-0.0005550847,0.0003687319,-0.00025479833,-0.0014125986,4.667727e-06,-0.000709438,0.00079186773,-0.00013729716,0.00039993483,-2.6935159e-05,0.00021757289,6.0104403e-06,0.00083962374,7.099203e-05,-0.00016076761,-0.0015002409,-0.0019108122,0.00068023545,-0.00054943305,-0.0017185161,-0.0009666084,-0.0011717655,-7.16458e-05,-0.00020752451,-0.0007172284,-0.00016992418,0.00027908338,0.0013632602,-0.00031804733,0.0003632525,2.2343265e-05,0.0017473486,-0.0008821502,0.002125179,-0.00045773672,0.0012513219,-0.00012765412,-0.0010619017,0.0016539706,-0.0011333523,4.3897922e-05,0.0003580775,-3.547531e-05,-0.000151071,-0.00018330345,9.033938e-05,0.000593318,-0.00013563177,-1.8092938e-05,-5.662693e-05,0.0006480444,-4.2637497e-05,-0.00019203463,-0.0006589484,0.0015745604,-0.0002769064,0.00017747605,0.0003195636,-0.00033644144,-0.0001386815,-0.00053198915,-0.0006253457,-0.00010086696,-2.2105349e-05,4.8956932e-05,-0.0006227424,-2.1491387e-05,0.000115905554,0.00041486876,-0.0003226765,-0.0004038149,4.704999e-05,0.001725242,-0.0004243264,-0.00075356965,-0.000118531425,0.00018777835,-0.0020000064,0.0002657171,-6.781411e-05,-0.0003408875,7.4327065e-05,-0.00046758665,-0.00028722818,-6.1891405e-06,0.0004981606,0.000101885125,9.1748356e-05,-0.0028307133,-0.00010312277,0.0010787055,-0.0002837605,0.00012749321,0.00037663418,0.00038842182,7.687733e-06,0.00067990535,0.0014360576,0.00033716258,-0.0012055497,0.00095066725,-0.00061550515,0.0001688415,0.0027707901,0.0011383517,0.00065775524,-0.00015202169,-0.00039344796,-7.9150435e-05,-0.0012839827,0.0014518749,0.0004902948,-8.7200744e-05,-0.00042771365,0.00077148597,-0.0005252528,-3.84012e-05,-0.0014494306,-0.00094724033,-0.0012973348,-0.00010178791,0.00056348176,-0.00028373476,4.2977612e-05,-0.00044367125,-0.0014999658,0.00011163929,4.6117293e-05,0.00011043498,-1.3288632e-06,0.0002926286,-0.00047632918,0.0022656815,-0.001165219,0.0008272459,0.00070600316,0.0011059627,-0.00038517316,-1.1755382e-05,0.0005010198,-0.00036912813,0.00026548046,-0.00043687812,0.0008313966,0.00090228504,0.00038366788,0.00031177275,-0.0012813177,4.5264736e-05,9.492654e-05,0.00046049076,-0.0004833038,0.00045582338,0.00024568182,-0.00029569154,0.0011662608,0.34155762,-0.00063519925,0.0010369024,0.002000918,-0.00037880102,-8.378354e-05,-0.0009828673,9.595862e-06,0.0003929468,0.0015148136,0.0003355091,-1.1492087e-05,-0.0010672334,-0.00029115338,0.0006963638,-0.0005299994,0.0002419972,-0.00031630375,6.9262336e-05,-0.0025358405,-0.00060602336,0.00032901825,0.0010072966,-0.0013004936,-6.168504e-05,2.8006925e-05,0.00073772954,0.000653921,-0.00068924425,-0.00026649452,0.00027679358,-0.00032576444,0.00021502396,0.00039387148,-0.0007851387,-0.0011097182,-0.00066921214,4.2956282e-05,-0.0007758814,-0.00025050656,-0.00064897985,0.00048496883,5.604264e-05,0.0010970398,0.00011305798,0.0002473565,-0.00083628995,-2.3230024e-05,-0.00028337687,-0.00038762254,8.044437e-05,-3.1932577e-05,0.00015051932,0.0001548198,0.0004907765,-0.00051744276,-0.00039678268,0.0004027464,9.0993155e-05,-7.4008654e-05,0.00062100834,-0.0007178727,9.749161e-05,-0.00016393894,-0.0017059121,0.00068542967,-0.00039994187,0.00022509595,0.00036980177,-0.0005304495,-0.0013722181,0.0013397065,0.0011090433,-0.00089791877,0.00341673,-0.0011484826,-0.00014784858,0.00033198643
-0.0014121266,0.00056677347,0.00083432166,0.0014339857,0.0028987986,-0.0002789543,-0.0020330779,0.0003504008,-0.0018048134,-0.00021030371,-0.00037668954,-5.140023e-06,-9.3208975e-05,-0.0008279527,-6.105362e-05,1.0013469e-05,-0.0012915378,-0.00094788556,-0.001219338,-0.0005149455,-0.0009410819,-0.0005308755,3.60461e-05,-0.001744569,0.00042211261,-0.0002049929,0.0014410099,-0.00029187242,0.0009864955,-0.0025581445,-2.0004063e-07,-0.00035712222,-0.00064576196,0.0008021006,0.0010450718,0.00037959547,0.00030988167,0.0005908776,-0.00013321349,0.0006464871,0.00025791943,-0.0003542366,0.0001489762,-0.00087525055,1.2513126e-05,-0.0015338561,0.002443654,0.0009485892,0.0017002423,0.00042231524,-0.00033750854,0.0001551836,-0.0012607685,0.0009828809,0.0008677085,-0.00041766773,-0.00034251856,-0.00018726471,0.00032964672,0.0009862512,0.00056390004,8.946266e-05,0.0002242085,2.5761283e-05,0.0017640132,0.00058043003,-0.00021419753,0.00046160546,-0.0003114856,-0.0012081194,-0.000493739,0.00034588968,0.0002732475,0.0002444383,0.00087468064,0.0011795128,-0.0007169499,-7.7201956e-05,0.0015154425,-0.00055744004,0.00020207191,-0.0013346088,-0.000714428,0.0014096575,-8.272037e-05,-0.0037871713,-3.11493e-05,-0.00022273058,0.00023485755,-0.0005119713,-0.00075880135,-0.0003138929,0.00085761055,0.0011512942,-0.00022774776,0.00051796815,-0.0005951976,0.0013348548,-0.00011875251,-0.00064350833,0.00086720724,1.1403234e-05,0.00034960167,-0.0010262292,-0.000954402,0.00013725528,0.0033176567,0.0007400382,-0.00041132935,0.0010322996,-0.00033282943,0.0003352836,0.0004218795,1.4138352e-06,-2.0779531e-05,0.00028618023,0.0015192939,-0.000318955,-0.00034640415,-0.00066048856,0.00060504157,0.00029881098,0.0004111503,9.217673e-05,-0.00043717067,0.00075370556,-0.00049622444,-0.0026319176,0.00020204183,2.7858108e-05,-0.00023558423,-0.0006210081,-0.0002984985,-0.00037416784,0.00048371853,-8.100486e-05,-0.0007945127,0.00072964735,0.0016512998,-0.00015105534,-0.0005613414,-0.00086040207,-0.0009748663,0.0040237,0.00065038935,0.0016808636,-0.0011252253,9.7913486e-05,9.931227e-05,-0.00042163074,-0.0022478246,0.00058581517,-0.0003704322,0.0009088157,-0.000369541,-0.0007041919,0.0021052777,-0.003451771,0.0014900306,-0.00046650492,0.00045815163,0.0004481643,-0.0007253191,0.00048119508,0.00047953523,-0.0003121396,0.00012703995,0.00049776235,0.00045506202,0.00040099025,0.0035839241,0.0008920779,0.0001900405,-0.0010194666,0.00034878257,-0.0007174527,0.00049086614,-0.0003112379,-0.0004716902,-6.281781e-05,-0.00044823924,-0.00036593687,-0.00014454802,-0.0014026806,-0.0005914757,-0.00191197,0.00032054997,0.0007811488,0.00032070137,1.7249957e-05,0.0010772821,-0.0007941617,-0.0003900247,0.00092369947,0.0002567049,0.0003475737,0.0011469912,-0.00074047956,0.0005318719,-0.0018956248,0.0012677492,0.00023412476,0.0020587558,0.00037821144,9.504661e-05,0.0002972706,9.299423e-05,0.00073003984,-0.00023758254,0.0041298578,0.0020395545,0.0009107993,0.0008037786,0.0015178468,0.0005105046,0.0013452757,0.0006960965,-0.00025126807,-0.00032491935,0.00039702046,-0.0005538016,0.0024983117,-5.1781957e-05,0.3385304,0.00012267265,0.0013618914,-0.0001393467,-0.0001703302,-0.0007130328,-4.8148327e-06,-0.001816733,0.0017726948,0.00025421646,-0.00010386727,-0.0001786655,-0.00053359434,0.0007311208,-0.0010135705,0.00053999457,0.0018661553,0.00024319628,-0.0026990643,-0.0016028017,0.00011866758,-0.00033454262,-0.0024222438,0.0001795507,0.00030246438,-0.00012267819,0.0011907854,-0.0019770917,-0.00041768566,0.00027585746,0.00047204713,-0.00078522414,-0.00048829586,-0.00022968826,-9.4682924e-05,-0.00084765523,-4.916153e-05,-0.0007504245,0.0014849773,-0.00032781356,0.0022658433,-0.001691567,-0.00014618007,0.00087657326,2.4549456e-05,-0.0014436946,-0.00041427804,-0.00029655156,-0.0002264394,-0.0014752854,4.2415682e-05,0.00026038443,-0.00014734692,-3.3028635e-05,-6.4903734e-06,-0.0002698534,-0.0028406202,-0.00062051945,-0.00054321665,-0.0004124844,-0.00052257266,-0.00034194902,-0.00052297005,-0.0018958567,-0.00023847564,0.0017871753,-0.00041372253,0.00038317344,-0.00032948478,-0.0010131994,0.0011246713,0.000968058,-0.0003717449,0.0052717994,-0.00012615102,-0.00069886015,0.0007656736
0.00086021435,0.0027380255,0.00031009899,0.0037141652,-0.0048501585,0.0010323701,-0.0010237845,-0.00059544685,-1.1724322e-05,0.00041326936,0.00019499355,0.0002748723,0.00031432873,-0.00017811956,-0.0017129342,0.00048473815,-0.00037555257,0.00039917705,0.0018006266,-0.00041288926,-0.00027686462,5.3275307e-05,0.00040223423,-8.776988e-06,0.00046419684,0.00027796428,0.0021991618,0.0001653976,0.0004836261,-0.0023898555,-0.0022815375,-3.5831386e-06,0.0030970974,-0.001694097,0.0014309813,-0.0016712687,-0.0027504151,0.00027340074,0.0010867636,0.0010436889,-0.00039633832,0.0003919376,0.00038591673,-0.0008587329,-0.00018669193,0.0027694206,0.0006727946,0.0018399807,-0.0012257268,0.0003259987,-0.0001619998,-4.322415e-05,0.0020697182,-0.00015443527,0.0005038175,0.0021813172,-0.0004108896,-0.00038404617,-0.00031696042,-0.00045547498,0.00022186805,-0.00067015376,0.00034660305,0.002455985,-0.0032875282,-0.00033715842,0.0009721842,-0.00024020139,0.00031120438,0.0019272318,-0.00045277705,0.0014016329,-0.0016500456,0.0005820562,0.00020947203,0.00034412468,-0.0014012572,-6.756634e-05,-0.0008053679,-0.0007471715,0.0003247825,0.0018385423,0.002976586,-0.00017268382,0.0009701126,0.0007347537,0.001790053,0.0019909388,0.00025649392,-3.8075483e-05,0.00061546214,2.9167126e-05,0.0001506528,-0.0021575165,0.0002792923,-0.00033814495,-0.00068943744,-0.002047226,0.0017759654,-0.0051208497,0.0015443852,-0.0019107866,0.00033633134,0.0011762597,-0.0045735813,0.0018324999,0.0018776179,-0.00025574298,0.00032584748,0.0011837257,9.8207514e-05,-0.00016025994,-0.0006262235,0.00025472455,0.00020806077,0.00013308863,0.00012745739,-0.00017633215,1.51899585e-05,0.00074624387,-0.0026939549,0.00084415195,-7.892896e-05,-0.00038614208,-3.259843e-05,0.0008516723,0.00043799574,-0.0005453028,0.00041680798,-9.526156e-05,-0.00026849285,0.0006230741,-9.944908e-05,-0.00092116557,-0.00018788224,0.00054941454,0.000113825925,0.0013311505,-0.0011046686,0.000723797,0.0009282133,-0.0003859853,-0.0012225072,0.0029268623,7.369782e-05,0.0015279762,0.0004008889,-2.4899462e-05,0.0009134123,0.00017045924,-0.0016778497,-0.00089717814,-0.0003400812,0.00080319826,0.006294526,-0.0004280827,-0.0005648309,-0.0025647597,0.00096713373,-0.0013650102,-0.0010117001,0.00021835427,-0.0015085505,-0.0036917033,-9.911544e-05,0.0021496557,-0.0020183863,0.0016569635,0.00013998516,-0.005530084,0.0007592421,-0.00070312485,0.00052422646,0.00020890498,0.0005200076,0.0018164697,-0.001983865,-0.0010703572,-4.6642668e-05,0.00037514768,-0.0017220373,0.00077761046,-0.000111131085,0.0016683401,0.0013349171,0.0013563205,0.0004646311,-0.00028667232,0.0006993135,-8.2790415e-05,0.0018528457,0.0022331658,-0.00055265834,0.00064472854,3.24488e-05,9.37426e-05,0.00047696265,0.0002170551,-0.004872893,0.0005532521,-0.00032729036,-0.0011416301,-0.0010582859,0.0009411699,4.9614202e-05,-0.0011007701,0.00070189283,0.00016940424,0.0007710694,0.0011408115,-8.9340945e-05,0.000148902,-6.090534e-05,0.0029718566,0.00046714916,0.0009891328,-0.00048579462,0.0009143376,-0.0009773319,-0.0006160455,0.0001510021,0.00039651344,4.8050468e-05,-1.0865628e-05,0.33888412,-0.002581735,0.0007453622,-4.6765974e-05,0.0012070151,0.00010881031,-0.0027689512,-0.0009594866,-0.00067623646,-0.00030107738,0.0020433748,0.00014624056,-0.00060887984,-0.0002605854,-0.00023317158,0.0023449706,-8.2341794e-05,0.0028018102,-0.00010653026,-0.0006251937,-0.0015904971,0.00044909594,0.0003200756,0.00017831038,-0.001317071,-0.0006711712,-0.0008415626,0.00022326742,-0.00030561865,0.0009974504,-0.0010607461,-0.0010342557,0.0013590357,0.0021796091,0.00035169016,-0.00014233813,0.001516422,0.0018526084,0.0013156091,0.00021180222,-0.0013269329,-0.0020530568,0.0008179974,-0.00042364188,0.0005024382,-0.000290053,-0.00010855144,0.00049216964,-0.0014922136,0.00016234678,-0.00014416814,-0.00044179737,-0.00085725693,0.0014648901,0.00073483534,-0.0026182868,-0.0006668763,-0.00047990418,-0.0015627618,0.0011214998,-0.0005339199,-7.912891e-05,0.0025421316,-0.0012445877,0.0025545566,-0.00016058236,-0.00032863722,0.0006987417,0.001499024,-0.0017295104,-0.00075520395,0.0013249656,-0.002254148,0.0017350814,-0.00014677497,0.00012723
0.0017247257,0.0013529344,2.747774e-05,0.003950599,-0.0058924244,0.0017712075,0.0006246687,-0.00087464217,0.002319433,0.0006175501,0.0005362503,-4.2423166e-05,0.0004351251,0.0006020632,-0.0019297567,0.00064708176,0.0007313547,0.00089670287,0.0018374416,0.00018861504,0.00060817157,0.0009974291,0.0002308561,0.0025987602,-5.36504e-05,-0.0002223912,0.0008515842,0.00041456815,-0.002092555,0.00089712365,-0.0019541632,0.00038918998,0.002140396,-0.0014843225,-0.00056913844,-0.00091462093,-0.0025888328,-5.8216807e-05,0.0009761694,0.00020416091,-0.0005083269,0.00049409765,0.0004604589,-0.00019127743,-0.00017788736,0.0038403887,-0.0016044138,0.00058222614,-0.002613556,9.900927e-05,0.00063329295,-0.0002153866,0.0031249274,-0.00080558384,-0.0007914405,0.0010177853,0.00021741721,-5.852075e-05,-0.00026467888,-0.0010224984,-0.00040400043,-0.00096875214,0.00013774548,0.0012684558,-0.0043075224,-0.0005768308,0.00090990955,-0.0007196248,0.0004770737,0.00210654,0.000110402245,0.0010633253,-0.0009448123,0.00012381739,-0.00085503445,0.0004534988,0.00015425106,-8.458534e-05,-0.0011944721,0.00015407417,-0.00013910797,0.0025082417,0.0033570447,-0.0011983649,0.00084671925,0.002023585,0.0015396969,0.0018979257,-6.033704e-05,0.00044789325,0.0013777716,0.0003511239,-0.00073414296,-0.0019713796,0.00051695073,-0.0007234731,0.00016235828,-0.0030837113,0.0011420009,-0.0019693542,0.00047150496,-0.0025990487,0.00028243533,0.0016675903,-0.0024376344,0.0021472345,-0.0003652112,-0.0004887052,-0.00046590914,-2.3807213e-05,0.00041778258,-0.000331384,-0.0010040042,0.00018726187,0.0001314853,0.00015819032,-0.0014783686,0.0001732326,0.00048257824,0.0012268863,-0.0024691883,0.00030153588,-0.00045768422,-0.0004475302,0.00090988626,4.607419e-05,0.0009930085,0.0009204052,8.324512e-06,0.0002242588,1.1721177e-06,0.0012423581,-2.3592254e-05,0.00023147132,-0.0008697881,0.00043684468,0.0010357256,-0.0009824064,-0.0039028947,0.00063362153,0.001393437,0.00023598266,-0.00014852048,0.002666577,-0.00050994696,-0.00022396109,0.00063969,-0.00010193349,0.0006322187,0.00054592383,0.00023020922,-0.0004037977,-0.00032992815,-0.00046962948,0.0026889178,0.00040155204,-0.0016116042,0.0010263502,-0.0004887572,-0.0001874612,-1.6960536e-05,-2.5856878e-05,-0.0013261301,-0.0014894451,-0.00031388426,0.0016521864,-0.0012253405,0.000742699,-0.00014616169,-0.0034175424,-0.001984402,-0.0010449869,7.964293e-05,0.0005230108,-1.2211367e-06,0.0021513733,-0.0024847663,-0.0007244785,0.00024693375,0.00096114946,-0.0011143058,0.0009586007,7.508304e-05,0.002424453,0.0014908502,0.0019729896,5.388834e-05,-0.0009533588,0.00027667012,-3.9639894e-05,0.00039712316,0.0022312754,-4.440869e-05,-0.00043762248,-0.00032928478,-7.907898e-05,-0.0008857353,0.0009421918,-0.0030741508,0.002242363,-0.0016297648,-0.0011703192,-0.001579281,0.0004652824,-5.985404e-05,-0.0005787005,0.00057822344,-0.00058900093,0.0005245643,-0.0011763136,-0.0016311433,-0.0010692168,-0.0007851384,0.0024292022,4.2718308e-05,-0.0005669042,-0.0007905091,0.0005381298,-0.00058579835,0.00040266104,0.00061691797,-0.0022794846,6.328151e-05,0.0009716205,-0.0014177071,0.33717242,0.00039739863,0.00011845792,0.0017579356,7.628307e-08,9.532091e-05,-0.0030342746,-0.00039182036,5.0260634e-05,0.0015164871,0.0004666219,-0.001131687,0.001317744,-0.00046450456,0.00042341932,-0.00020822915,0.0038431743,0.0013526011,-0.00040907477,-0.001858431,0.0025407681,3.2166135e-06,-0.00012486526,-0.0013020037,-0.0009071981,0.002074389,0.00038227328,-0.0006438045,0.00034918296,-2.1569718e-05,-0.0009379869,0.0011138847,0.0017466106,0.0011816015,-6.652652e-05,0.0008504112,0.0001238552,0.00079623517,-3.6408957e-05,3.0279982e-05,-0.0017334976,-0.0005894558,-0.00037618168,0.0014581681,0.00012874743,0.0008288338,0.0003760841,0.00030367987,8.45847e-05,-0.00035293424,-0.00018635095,-0.0010061648,0.00030627666,0.0005792287,-0.00041160377,-2.2931625e-05,0.00045714184,-0.00071530684,0.00096677424,-2.8624678e-05,0.00037324388,0.001620384,-0.0010534999,-4.2710264e-05,-0.0006445239,-0.0006721527,0.00094670075,0.002452559,-0.0021786308,-0.002261356,0.0014047853,-0.006860946,0.0015545399,0.00037375107,-0.0008348064
-0.0008266396,-0.0014680139,3.7377973e-05,-0.00040656357,0.004552734,-0.001126143,9.4564486e-05,0.00057083636,0.00024946057,-0.00015457747,-0.00023071952,-0.0003208894,-0.00015155476,0.00010677242,0.001379895,-0.00026249292,-0.00012757156,-0.00025055627,-0.0016079652,0.0003602914,0.0001955019,0.00028423528,-0.0002945421,0.00018690464,-0.00034619472,-0.0006718227,-0.002723725,-4.6687514e-05,-0.0010542722,0.0025102634,0.0010206755,5.5137616e-06,-0.0030442853,0.0016830096,-0.0014297089,0.001485626,0.002116499,-5.218158e-05,-0.0008264614,-0.00085833145,0.0003460608,-0.0009634478,6.54113e-05,0.0004845308,0.00012410975,-0.0026542447,-0.0009272352,-0.0016228834,0.0012038329,-1.5377249e-05,0.0001577685,0.000148255,-0.0015099029,6.389289e-05,-0.0006259982,-0.0034372557,0.00014131321,0.00031902987,0.00024660976,0.00051125325,-0.00020483267,0.0005037079,-0.00022212476,-0.0019223087,0.0038717338,0.00021425748,-0.0008230315,0.00025025665,-0.00033318874,-0.0012691483,0.0002654565,-0.0010812179,0.0007782683,-0.00042112469,-0.00017221022,0.0009705064,0.0013663451,1.1279885e-06,0.0015627369,0.0006862611,-0.0003640228,-0.0014263218,-0.0024630183,0.00024024695,-0.0006786871,-0.00041422865,-0.00109378,-0.0009884891,-0.00019668903,-4.490149e-05,-0.0004253291,-2.8138465e-05,-4.8370544e-05,0.0025493018,-0.00034616032,0.00031902338,0.00060340983,0.0015055035,-0.001714755,0.0048953677,-0.0011879243,0.0011682756,-0.00019956408,-0.0006795635,0.00423087,-0.0011014155,-0.0015731282,0.0003067504,-0.0002960958,-0.0010451829,-8.883363e-05,0.00015405852,0.000486342,-0.00021189729,-0.00012280184,-0.00010231168,-0.00041647928,0.00013072869,1.7003229e-05,-0.0006271965,0.002148812,-0.0006705169,3.7194015e-05,0.00052708085,0.00014235714,-0.0004738406,-0.00023283833,0.0003253259,-0.00033496568,0.0001680609,0.0002576511,-0.00026201917,5.9168333e-06,0.001035839,1.8845081e-05,-0.00037312534,-0.00018316794,-0.0018724971,-0.0007239974,-0.0005809427,-0.00033615387,0.00023584084,0.00033340746,-0.0027755436,0.00018086418,-0.00095061195,0.00026675122,1.5563282e-05,-0.0008154416,-0.00019080803,0.0014745754,0.0011580209,0.00014529601,-0.0011845938,-0.006610718,0.00020752779,-6.0836068e-05,0.002470851,-0.00086605595,0.0015754127,0.0011529009,-0.0001679823,0.00066054746,0.0027673712,0.0002483334,-0.0016161584,0.0019260144,-0.0015206478,0.00026814573,0.00514232,-0.0007200727,0.0007004809,-0.0004560243,-0.00027128018,-0.00045506537,-0.0012645784,0.0012441181,0.00042079034,-0.00018193261,9.122463e-05,0.0012117316,-0.0007236032,8.544603e-05,-0.0016392969,-0.0011022231,-0.0015058309,-0.0003784355,0.00022851268,-0.0005835256,9.745974e-05,-0.0012052008,-0.0018058493,0.00043557715,-0.0004974179,5.2294516e-05,-0.00011598109,-0.00030561883,-0.0001980121,0.0046015047,-0.0008206115,0.00012418843,0.0012924029,0.0013514567,-0.00035848783,-2.4028022e-06,0.00157564,-0.00050987175,-0.00018512216,-0.0004860334,0.00065324403,-0.0004501716,0.00028571085,3.7038622e-05,-0.0005594553,-0.00041817635,-0.0009195779,0.0005116498,-0.00076451217,0.00071622484,0.00038297224,-0.00013137425,-0.0005952732,-0.00011924324,-0.00013757314,0.0016022738,0.0016921157,0.33984533,9.673377e-05,-0.000815284,-9.448061e-05,0.002390934,0.0007419242,0.00078393344,0.00014822424,-0.0017875355,-0.00029606838,0.00016863608,0.0012332215,0.00012500108,-0.0014221088,0.00013217467,-0.0026781962,0.00036016444,0.0005310573,0.0008934684,-0.00010758,-0.00028128168,-0.000119276774,0.0006013256,0.00074856274,0.0011013491,-0.00016596683,0.00020493532,-0.0007448918,0.0009499071,0.0010528434,-0.0010291635,-0.0019895306,0.00010792049,4.824659e-05,-0.001850446,-0.002343651,-0.0012372119,0.0010630311,0.0008621664,0.0012808706,-0.0013679742,0.00038274346,-0.00053884997,0.00013962232,0.0008196992,-0.0003392344,0.0012611635,-0.00014037418,5.3457996e-05,0.00032369612,0.00047669033,-0.0016894281,-0.0007683338,0.0013989566,0.0006123686,0.0006557673,0.0012221953,-0.000752003,0.00041336357,4.9080358e-05,-0.0012388692,0.0004062264,-0.002441327,-0.00020519413,0.00024603345,-0.0005671706,-0.0012154918,0.0013045621,-0.00052467425,-0.0010250671,0.00032514954,-0.001219608,0.00013688409,0.00069043203
-0.00033684308,0.0010679812,0.00057629717,0.0026298733,0.00034871738,-0.0004346841,-0.0011983654,0.00010979577,-0.00023336793,8.708103e-05,-2.2754086e-05,-0.00011660606,0.00012235936,-0.00013432841,-8.0021025e-05,0.00015171093,-0.00069250946,-0.0001300771,-6.384002e-05,-9.0937785e-05,-0.0001871584,-2.7168313e-05,8.294548e-05,-0.0004513467,0.00029545932,-0.00030865346,-0.00023949996,-6.876448e-05,-9.175033e-06,-0.0004747435,-0.0009156321,-3.26217e-05,-0.00012485229,0.00021190812,0.00027371768,3.6592624e-05,-0.00033620815,0.00025547438,0.00013155268,0.00017969876,1.247748e-05,-0.0005817281,0.00036673105,-0.000434302,-6.6289205e-05,-0.00058304926,0.00025420333,0.00036879876,0.0005482686,0.00029464674,-7.8025616e-05,9.238384e-05,0.00011770523,0.00019385858,7.8986996e-05,-0.0012696693,-0.00015909428,-6.835535e-05,0.0001457948,0.0002731405,0.00010364086,-8.062361e-05,2.942165e-05,0.00031564312,0.0014978002,-5.785613e-05,0.000111400965,0.0001443849,-0.00014280956,0.00020824393,-0.00020873279,0.00026625546,-0.00059257145,0.000108895496,0.0002006971,0.0012973159,-0.00010459861,1.0496e-05,0.0011557292,-0.00015354692,4.2552085e-05,2.1660588e-05,-0.00048429292,0.00040744923,7.9711725e-05,-0.00082328136,0.00044837798,0.00062019256,-8.962223e-05,-0.000161879,1.6098697e-05,-6.3488886e-05,0.00022571888,0.0006785596,-0.00014431069,6.184306e-05,-0.00011854614,-3.043368e-05,-2.1897195e-05,0.0002718611,0.00039847338,-0.0004392329,0.00013494912,0.00020824849,-0.00024573697,0.00048252934,0.0009220089,0.00028469643,9.6312855e-05,0.00025526516,-5.30405e-05,2.0544401e-05,-0.00011409023,1.4346135e-05,1.603509e-05,9.27459e-05,7.989595e-05,-0.0001020083,3.9549723e-05,-7.356812e-05,-0.00025402367,0.0001278019,-8.23569e-05,0.00015817348,3.882723e-05,0.00044369587,3.3976692e-05,-0.0008328668,9.3363735e-05,7.2118884e-05,-8.5450214e-05,0.00011612323,-0.00011561098,8.1644735e-05,-4.717162e-05,8.8508714e-05,-0.0001651035,-0.00027648063,-0.00059291953,0.0001095969,0.0002182796,-0.00025409376,-0.000982705,0.002602645,0.00020600657,0.00073348946,0.00031164763,6.1885876e-05,8.787473e-05,-0.00012784638,-0.00060591503,0.0003105211,-0.00023015757,-0.00018380894,-0.0004732046,-0.0003618148,3.6438127e-05,-0.0008406673,0.00033751584,7.740593e-05,0.00020050613,8.919271e-05,-0.00066187215,-0.0007736656,0.00024250783,0.00041339063,7.3013114e-05,0.000102323764,0.00046681205,1.3417994e-06,0.0006552186,0.00020583298,7.1486276e-05,-0.0002378942,8.557172e-05,0.00014879579,-0.00038797982,-0.0005502197,-0.00029507474,0.00032656526,-0.0004006935,-9.550422e-05,-1.8540817e-05,-0.00042929655,8.500566e-06,-0.0005997369,8.973365e-05,0.00015598252,9.7384655e-05,9.408216e-06,0.0006956742,2.4290686e-05,-0.00014118348,0.00025057266,9.698912e-05,0.00010294958,0.00023609848,-0.0001565272,0.00018127244,-0.00069375767,0.00011779924,0.0001943209,0.0007747758,0.00051995803,2.7768492e-05,0.0005221152,0.00014637422,0.00024930068,0.000215126,0.0021603927,-2.8665443e-05,0.00063367904,0.00013412168,0.0017402356,-1.9936975e-05,0.00025160483,0.00018117533,7.763101e-05,-0.00015600614,-0.00030149295,-5.5476394e-05,0.0006048599,-6.577132e-05,-0.0005619764,-0.00017736635,-0.00018932711,-0.00011856991,0.34171614,0.0001122957,-2.1245345e-05,-0.0006391817,0.00029094645,0.00018551454,-0.0002388204,0.00010471181,-0.00011360385,-0.00015332196,0.0007065999,4.4463595e-05,0.00111475,0.0001409107,-0.0006853121,-4.553712e-05,-0.0001316002,-0.0006329879,-0.0004183171,2.1040632e-05,5.279576e-05,-0.0005668185,0.00035661107,4.740087e-05,-3.457818e-06,3.4871628e-05,0.00024561115,-0.00019066808,0.00014487148,0.00015698335,0.00013143901,0.00019427862,-6.403715e-05,-0.00051071023,-0.00019885474,-4.49055e-05,0.0014092451,-0.0006329166,-0.0005490541,-0.00023157279,-2.692925e-05,-0.00031641452,-0.00014568967,0.00045348622,-1.649572e-05,-0.00045101842,-4.010975e-05,-2.795838e-05,-0.00010958466,-0.00030752976,-0.00022962244,-0.00012053595,-0.0016012337,-0.00011857808,3.330907e-05,-0.0002771548,0.00019608307,-0.00013881875,-9.831759e-05,0.0009275545,-0.0007208278,0.00044327238,-0.0003479747,3.9018127e-05,3.2581935e-05,-0.00012295735,-1.6635322e-05,-0.00082817604,0.00012284356,4.8340728e-05,0.00051907916,-0.00025047676,0.0009829107
-0.001335373,0.00021638002,0.00013249162,-0.0014191834,0.003985683,-0.0014644732,-0.0013357626,0.00060993317,-0.0021332253,-0.0003983724,-0.00039297747,0.000110644076,-0.00016196082,-0.0005647721,0.0011738809,-0.00030846818,-0.0012046805,-0.00063251413,-0.0011571824,-0.00027115928,-0.00061947084,-0.00075228,-7.6797e-05,-0.0021748152,9.349357e-05,0.00011452054,-0.0006816701,-0.0003050089,0.0018841854,-0.0014429584,0.00051034085,-0.00029633337,-0.001007441,0.0008678104,0.0009585414,0.00026022608,0.0012341177,0.00029602673,-0.00045257702,0.00023357473,0.00029728527,-0.0006134805,-6.9204325e-05,-6.0331226e-05,4.177294e-05,-0.0030661365,0.0015484416,9.922892e-05,0.002157859,0.00012289517,-0.00054247596,0.00020535686,-0.002073148,0.0006870317,0.0007375288,-0.000907589,-0.00027888836,-8.621615e-05,0.00021355638,0.0008418899,0.00037179826,0.0005876375,2.1152908e-05,-7.159023e-05,0.00322291,0.0006133919,-0.00042448254,0.00051048544,-0.00033342096,-0.0010508365,-0.0003155221,-0.00040861132,-6.035473e-05,3.027893e-05,0.0007313775,0.00035401352,-0.0005235865,6.216373e-06,0.0015743814,-0.0003965055,0.00020438443,-0.0015505067,-0.0018336882,0.0012422578,-0.00042535953,-0.0012335872,-0.0006352656,-0.00068348355,0.00016393895,-0.00038523652,-0.00090108323,-0.00024131643,0.0006513601,0.00148208,-0.00032830416,0.0005266984,-0.00043691785,0.0019450871,-0.0005738524,0.00020203134,0.00018441175,0.0015597389,-9.787656e-05,-0.0009275327,0.00088555616,-0.0012258588,0.0012504122,0.0004741649,0.0006009493,0.00038735056,-0.00028203274,0.00017267838,0.0006492977,-7.101573e-05,-5.7958358e-05,3.2490725e-06,0.0013563517,-0.00017935211,-0.0003297179,-0.0007346868,0.0013410378,2.9300754e-05,0.00049304287,0.00046452763,-0.00071341015,0.0005135196,-0.0007337285,-0.0010309446,0.000116236195,-4.360336e-05,-5.5896646e-05,-0.00074703357,-4.5120018e-05,-0.00036787338,0.00057735783,-0.00019140846,-0.0008256768,0.0010678811,0.0029531124,-0.00034271134,-0.00077617425,-0.0004029479,-0.00057032454,-3.0067136e-05,0.00045159008,0.0008758828,-0.00053516205,3.8663562e-05,-0.00030177363,-0.00043563516,-0.0007749053,0.00026972833,6.872841e-05,0.00040606246,-0.00070207496,-0.0005327673,0.00086803804,-0.0016707851,0.0008192562,-5.5909957e-05,-0.00029412407,9.899617e-05,0.00043460738,-0.00014624963,0.00035091277,-0.00075961027,0.00054883264,-0.00020566791,0.0002161299,0.0013018794,0.001963404,0.00079789443,7.649894e-05,-0.00049354526,0.00012592235,-0.001209246,0.0013572762,-1.0277148e-05,-0.0003377995,-0.0005042509,0.00030705496,-0.00057405134,-9.174888e-05,-0.0019653896,-0.0007986413,-0.0014648025,0.00019498328,0.0008130535,1.8281102e-05,-2.4946732e-05,0.00053407747,-0.0012976706,-5.9645652e-05,0.00046476934,0.00020049368,0.00019853607,0.0008831047,-0.0006990768,0.0015456515,-0.0022057027,0.001210607,0.0008366581,0.0013467408,0.00013706333,6.989315e-05,0.00056928914,-0.00019663508,0.00055327686,-0.00019498172,0.0024276734,0.0012628667,0.0014087092,0.0006533824,-0.0006049119,-4.9852542e-06,0.00077820546,0.0005917403,-0.00031089172,0.00017399155,-0.0008616441,-0.00050543254,0.0020259276,-7.7663106e-05,-0.0011191897,0.0006007882,0.0020936015,-0.00020300441,-0.00011277296,0.3397225,3.4170618e-05,-0.00086989737,0.0025471014,0.0002461524,-0.00024207495,-0.0007021057,-0.00044283966,0.000523853,-0.0008043735,0.00041287544,0.00044391633,0.00014553544,-0.0027618185,-0.0010537666,0.00015390594,0.0010096519,-0.002076268,7.148168e-05,0.00017395006,0.00050140533,0.0007406798,-0.002005607,-0.00023939315,0.00036767428,2.4656749e-05,-0.0003354584,0.0005337626,-0.0005108725,-0.001093127,-0.00077136775,-9.175592e-06,-0.0004258909,0.00018079462,-0.00033058383,0.00092301215,-0.00058078073,0.00065449206,0.00049015647,6.715888e-05,-0.0012153242,-0.00021797104,-0.00046820598,-0.00016381848,-0.00065701705,-5.111848e-05,0.00020385244,-2.2871285e-05,0.00049510255,9.097577e-06,-0.0004604274,-0.0009654004,-0.00016982443,-0.0005209052,7.999895e-05,-0.0005073399,-0.0001422003,-0.00035530954,-0.00020197884,0.00012533239,0.0008631818,0.0003036001,0.00042667758,-0.000519387,-0.0016907505,0.0013406406,0.0011816502,-0.00077048707,0.006123753,-0.000678927,-0.00051100325,0.0011990316
0.0001530558,-0.002040288,-0.00047172076,-0.0034735044,0.0004198209,0.00047539995,0.0016232044,-3.137946e-05,0.0004664359,-0.00018608691,-1.9728968e-06,-7.3817595e-05,-0.0002475677,0.00023444559,0.00024380677,-0.00020435016,0.00090531545,-1.13505175e-05,-0.00031056182,0.00012267189,0.00022981018,2.5384732e-05,-0.00013678588,0.00060613477,-0.0002972965,8.895654e-05,0.00028320594,-5.028417e-05,-0.00041395836,0.0011531821,0.0016481692,-2.2314377e-06,-0.0005862854,0.00020338886,-0.0007223917,0.0004863228,0.00091379986,-0.000371262,-0.0003825109,-0.0004917011,9.980422e-05,0.00064527127,-0.00050222303,0.0005836522,5.0665025e-05,0.00032169043,-0.0003293734,-0.0007278062,-0.00072384294,-0.00033463273,0.00021330884,-3.941352e-05,-0.0005031006,-7.147487e-05,-0.00012536561,0.00082928437,0.00024100118,0.00014405114,4.4761702e-05,-0.00017635968,-0.00022311209,0.00013152997,-0.00011799622,-0.0010902118,-0.00068059727,-0.00017238315,-0.00032912326,-3.3676617e-05,6.874928e-05,-0.00080576446,0.0003788318,-0.0005036434,0.0013024189,-0.00022768868,-0.00017275775,-0.0014159312,0.0004778824,-3.9705585e-05,-0.001309381,0.00031484774,-0.00010390996,-0.000438949,-0.00048475972,-0.00039322127,-0.00040022636,-5.0991563e-05,-0.0008623841,-0.0011878528,-0.00011034791,0.00016939628,-0.00014168558,4.6747915e-05,-0.00026291356,-0.00029147783,-8.9779505e-06,-5.702372e-05,0.0003365883,0.0003757404,-0.00033965817,0.001426276,-0.0007669752,0.0006170197,-0.00015073227,-0.00051583315,0.0011818471,-0.0007324065,-0.0011693928,-0.00012164564,-0.00023971501,-0.00046096998,6.1186285e-05,-9.442074e-05,0.00018864649,-7.3146584e-05,-1.5761649e-05,-3.1947904e-05,-0.00015017188,0.00013580498,8.935298e-06,-0.00013245532,0.00071619794,-0.00036088843,-4.0901363e-05,-0.00020462275,5.816942e-05,-0.0007107429,-9.156688e-05,0.0005936163,-0.00022419613,6.234115e-05,0.00023322417,-0.00022517922,9.489499e-05,0.00015740265,7.687548e-05,-0.00020002297,0.0002166348,-0.00021782277,0.0006955256,-0.0002724313,-0.000513394,0.00024865736,0.0013628934,-0.0018971036,-0.00028710475,-0.0010725773,-0.000738012,-5.400745e-05,-0.00020524589,8.988383e-05,0.0009143722,-8.855828e-05,0.00025445968,0.00012418053,-0.0014468428,0.00047031362,0.00040984084,0.0014847629,-0.0005774286,0.00019422238,0.00026757695,-8.46167e-05,0.00095483556,0.0018488098,-0.00022049161,-0.0007654755,0.0003919775,-0.00045338637,-0.00040851062,0.0013422389,-0.00079245114,-0.00011488703,-0.00021768085,4.5508794e-05,-0.00017452598,-0.00052573904,0.00070233294,0.000870714,0.000355694,-0.00036636117,0.0006445583,-4.8408045e-05,7.626822e-05,0.00019656275,-0.00033088567,0.00015052411,-0.00026692008,-0.00013067624,-0.00029830445,4.8418693e-05,-0.0013156056,-0.00052882236,0.00022913617,-0.00044854157,-9.895356e-05,-5.419975e-05,-0.00047849264,0.00011902433,0.001064334,0.00087929284,-6.1898885e-05,-8.147352e-05,-0.00043853588,-0.00086642447,-1.27399335e-05,-0.0003623567,-0.00031791299,-0.00019955821,-0.00040773815,-0.0024072677,3.605061e-05,-0.0009734076,-0.00013086849,-0.0025166748,-7.675451e-05,-0.0005087986,-8.266215e-05,-0.00036516564,0.00032515614,0.000953905,5.167906e-05,-0.0007279045,4.790655e-05,0.00046594394,0.00065362896,0.00085299474,-2.438797e-05,5.235249e-05,-0.00034164017,0.34156254,0.001121614,-0.00036159586,7.542276e-05,0.0002795837,-0.00054259895,0.00015972934,0.00047015154,-0.0008538637,2.2798804e-05,-0.001577475,-0.00012401625,5.5665318e-05,-9.539801e-05,0.00032030712,0.00080860837,0.00030204712,-7.968775e-05,-0.00013683387,0.00087946025,-8.786831e-05,0.00018642511,-8.195816e-05,-1.8630815e-05,-0.0004305506,0.0004020911,-4.4622095e-05,-0.00045840722,-0.00040659052,-0.00026659857,4.4792825e-05,4.5038894e-05,-6.104181e-05,-0.00028940037,-0.0014726759,0.0008630325,0.0010096771,0.00017244462,0.00023605431,0.00019410877,0.00029030058,-0.00047635043,-0.00019779627,0.0007271697,-9.2044305e-05,-8.244857e-06,0.00020087433,0.00034935112,-0.00015756174,3.2228098e-05,0.0022450218,0.00019412798,0.000111051704,0.00070591376,-0.0004438796,0.00027320042,0.00010531241,-0.002144442,0.001090003,-0.0011431694,0.0002897894,9.447664e-05,-0.00014320281,-9.908552e-05,0.00043795942,0.0009768724,-0.0004063592,0.00017938994,-0.0008725374,0.0004066794,-0.0012979708
-0.00058352144,0.0026396783,0.00074296736,0.0029227042,-0.0014339988,0.00023006072,-0.0025107441,-0.00011201173,-0.0019794013,7.9533536e-05,-0.0001454295,0.0003369049,0.00010712734,-0.0008766156,-0.001070383,0.00025837932,-0.001420106,-0.00045024545,0.00058779784,-0.000767559,-0.0010494185,-0.00078891614,0.00039859334,-0.0022139922,0.0008845725,0.00039389855,0.0028354635,-0.000115664516,0.0020820901,-0.004510943,-0.0016117102,-0.00033933343,0.0023354872,-0.0008256035,0.002485863,-0.0012792165,-0.0018873402,0.0007497905,0.00073753536,0.0014790446,-0.00014264735,6.201939e-05,0.0003087718,-0.0011828437,-5.9108163e-05,0.0007620825,0.0027184892,0.0023738162,0.00082996686,0.0004799913,-0.00060320523,8.643549e-05,0.000367992,0.00077225344,0.0013991183,0.0019237611,-0.00061689026,-0.00051535,4.8711805e-05,0.0004629213,0.0008136262,-0.00030773852,0.00036197144,0.002339115,-0.0008497906,0.00035273106,0.00066282006,0.00028006907,-4.3057662e-05,0.0006550916,-0.00086019543,0.0013289712,-0.0013217069,0.0007891225,0.0010161169,0.00082360726,-0.0020219835,-1.9862887e-06,0.00044587482,-0.001263511,0.000464531,0.00032126944,0.0014629145,0.0010681098,0.00075839227,-0.0023158065,0.001342966,0.0012739843,0.00033284456,-0.00048940495,-0.00029372328,-0.00026031942,0.00095089746,-0.0009288421,2.9329756e-05,0.00023295775,-0.0012007237,-0.00025682084,0.0014770171,-0.0052397773,0.0020581086,-0.0009274756,0.00046059437,1.904722e-05,-0.0047181617,0.0012088199,0.0041174805,0.00035187154,0.00024185795,0.0019987968,-0.0002562208,0.00019516725,-3.354404e-05,0.00018599826,0.00015000571,0.00021449757,0.0016363844,-0.00046690385,-0.00034787302,-2.3547633e-05,-0.0017158891,0.00094216503,0.00025732926,-5.5909324e-05,-0.0006474316,0.001343039,-0.00026447038,-0.0024697015,0.00060692756,-0.00021535196,-0.00044121777,-0.00022300881,-0.00025133323,-0.001296106,0.00043018194,0.0003563956,-0.0007765531,0.0023923377,0.001870573,0.0005455208,0.00012896798,-0.0009828019,-0.0017680544,0.004629944,0.00066132867,0.002696426,-0.0003806612,9.899573e-05,0.00079597393,-0.00030113413,-0.003205589,-0.0005414876,-0.00048984017,0.0016148643,0.0057546147,-0.0009564444,0.0014028425,-0.005312187,0.0021584926,-0.0016863662,-0.00092721987,0.00051981246,-0.0014075768,-0.002607414,0.00018411933,0.0015882783,-0.0016947255,0.0018392076,0.0004084579,-0.0042585754,0.003957349,0.0001851415,0.0006958319,-0.000544342,0.00077921094,0.00067407097,-0.0008339307,-0.0011230583,-0.0004046245,-5.7181445e-05,-0.0016462234,0.0002779979,-0.0002416804,8.2799925e-05,0.00053666416,-0.00029154902,0.00070024113,0.0004304803,0.0008501956,-6.32762e-05,0.0024728347,0.0010861816,-0.00089067465,0.0014070342,0.00034505155,0.0003797763,0.0015769649,-0.0005866904,-0.0037300664,-0.0013814254,0.0010090438,-0.00066967146,0.0006123051,0.001123169,0.0001243136,-0.00088551006,0.0006133364,0.0009496749,0.0004374815,0.0039378502,0.0017472748,0.0010550399,0.00073874136,0.0032603475,0.0009853926,0.0021528993,0.00017880442,0.00070438633,-0.0008627903,-0.0006679382,-0.0004079061,0.0029372026,3.412895e-05,-0.0015820219,-0.0016193761,-0.00054393645,0.0006018307,-0.0001795512,0.00021241262,6.084477e-05,0.33580706,0.0012751333,-0.00042781615,-0.00041624522,0.0016379153,-0.00034986174,0.0002137486,-0.0014206932,0.00025308668,0.003424733,0.00019355194,0.00017251854,-0.0016640302,-0.0004947806,-0.0012649012,-0.0019807746,0.00045799138,0.00043149147,-0.000989785,0.0003036502,-0.002615271,-0.000121373676,0.00012645446,0.0012675812,-0.0016309384,-0.0009950199,0.00092182937,0.0016546423,-0.0006455401,-0.0001360815,0.0008802058,0.002836472,0.0010117465,0.0014475173,-0.002408827,-0.00167034,0.0017060234,-0.0004262784,-0.0008511664,-0.0006749653,-0.00070814823,0.00020875558,-0.0026165186,0.00019826871,0.00013789708,-0.000511534,-0.00060122926,0.0015726228,0.00033574697,-0.0042652637,-0.0011053468,-0.0010647279,-0.0017148686,0.00048848626,-0.00079666736,-0.0005314259,0.0010070023,-0.0009684166,0.0039023755,-0.00013550863,8.929705e-05,0.00020952398,2.1587466e-05,-0.00032295162,0.00071153085,0.0006868843,0.0032542367,0.001270255,-0.0008105836,0.0008394611
0.0017023268,-0.00030222238,-1.3341716e-05,0.002124736,-0.0047711125,0.0019466073,0.0016703976,-0.0008343622,0.0026385863,0.00042311498,0.0005590713,-0.00018510953,0.00019315186,0.0008251838,-0.00174488,0.0004715073,0.0014153231,0.0006946554,0.0013182388,0.00032107925,0.0007495673,0.0010795111,0.00011395337,0.0030135417,-0.00024957806,-0.0001962641,0.001390047,0.00037126927,-0.0025548858,0.0017425676,-0.00063994335,0.00036271726,0.0011529465,-0.0010619587,-0.0013101068,-0.00021643296,-0.0016329082,-0.00040564488,0.0005970395,-0.00032305776,-0.00042588427,0.00095022144,3.5856992e-05,0.000152609,-0.00010250629,0.0037231287,-0.0016933719,-1.6724467e-05,-0.003137955,-0.00015696358,0.00089672534,-0.00027983365,0.0025735938,-0.0007378922,-0.0010077797,0.001179051,0.00042424886,0.00010723292,-0.00026711012,-0.0010684499,-0.00064145034,-0.00085435313,-1.907202e-05,-4.808252e-06,-0.0042155283,-0.0007517717,0.00049346715,-0.0007425019,0.00048591464,0.001128876,0.0004530435,0.0006163955,0.00034590953,-0.000146191,-0.00085944997,-0.0003838912,0.00070552103,-0.00010045247,-0.0020418956,0.000518433,-0.00023241916,0.0019949777,0.0025609324,-0.0013409981,0.00051246077,0.0012486617,0.0007915416,0.0007657111,-0.00024668043,0.00053972634,0.0012113069,0.00038839248,-0.000884016,-0.0019713426,0.00042508126,-0.00073873874,0.0005642716,-0.0025984496,0.0007324662,0.00011257183,-0.00020737683,-0.00217371,0.00022238902,0.0010644202,-0.0010346292,0.0017238755,-0.0009196046,-0.0005151586,-0.00086472835,-0.0004761363,0.00042833638,-0.00041504187,-0.00084081345,8.306153e-05,6.021832e-05,6.392303e-05,-0.0015900948,0.0002659554,0.00046619683,0.0010555626,-0.0017646804,-0.00010880001,-0.00038792778,-0.00063472387,0.0010035271,-0.0005615345,0.0009259781,0.0010306119,-0.00023012457,0.00014846341,0.00014589728,0.0010032337,-9.795542e-06,0.00045659163,-0.00080573204,0.0002656139,0.0012105188,-0.0014051385,-0.0037870673,0.0003543693,0.0008553548,0.00038985218,0.00081752375,0.0030263087,-0.00064444693,-0.00103556,-0.00011356894,-0.00013086968,0.00034083545,0.00057593075,0.0007116779,-0.0002527128,-0.0001123843,-0.00041420493,0.001064773,0.0008742424,-0.00096722436,0.0020001635,-0.0008996315,1.7784934e-05,0.00054593885,-0.00013886488,-0.0007095118,0.00048710316,-0.0004814183,0.0010182927,-0.00071560004,0.00038977648,-0.0003167238,-0.0019445228,-0.0022521007,-0.0010801592,-0.00011480734,0.00047900516,-0.00016197233,0.0016864865,-0.0018817746,7.460593e-05,0.0005216693,0.00071655354,-0.00053707766,0.00082716567,0.00013765022,0.002446633,0.0010473513,0.0017501367,-0.00023488834,-0.0010367582,-7.474224e-05,4.731509e-05,-0.00065974245,0.0016171874,0.00018829752,-0.00076511834,-0.00041828037,-0.00018145371,-0.0012631239,0.00097612414,-0.0020620676,0.0030088355,-0.0016279842,-0.0012009186,-0.0015372619,-0.0002888381,-8.891411e-05,-0.0007036255,0.000313672,-0.00076747604,0.00012394163,-0.002569965,-0.0014600367,-0.0018447781,-0.000905185,0.0004770546,-0.00012328007,-0.0010361634,-0.00072049623,0.00031027023,-0.0003307076,0.001479677,0.0006176653,-0.0026953402,6.3062704e-05,0.001142733,-0.0007194121,-0.002579385,0.0003240581,0.00025556507,0.0013866355,6.61258e-05,0.000969642,0.3371144,-0.00019352039,0.00043649558,0.00091546227,0.0005046693,-0.0005907361,0.00077490555,-0.0004819188,-0.00060645194,-0.00026379141,0.0033327045,0.001253537,-0.00012431339,-0.0012244692,0.002496206,-5.8548234e-05,-0.00024226845,-0.00063036126,-0.0007881486,0.0025778757,0.00023869968,-0.0005793282,-4.80785e-05,0.00034860737,-0.00093552587,0.0006273314,0.0015078966,0.00089921686,-0.00010377731,0.00054444175,2.793468e-05,0.00035862235,-0.00094397063,0.0005369719,-0.00085567706,-0.00049854285,-2.6840451e-05,0.0014613383,0.00034809852,0.0005333302,0.00020043028,0.0008320176,9.8105345e-05,-0.00030849696,1.03951725e-05,-0.00075976085,-0.00010199465,0.00060406176,0.0009602143,0.00017999856,0.00065832766,-2.7407703e-05,0.00052562193,0.00021686812,0.00045512896,-0.0003507791,-0.00030849993,-0.0009462495,-0.0005538131,-0.0005382153,0.0007730166,0.0023577586,-0.0016601069,-0.0014842247,0.0009879386,-0.006397195,0.00084646227,0.0006675358,-0.0017287619
0.00012427832,-7.326302e-05,-0.00014341313,-0.00075834064,-0.0010480301,0.00031296728,0.00026523977,-6.8279056e-05,-0.00018346458,-7.854528e-05,-3.0691634e-05,0.0001240168,-6.497401e-05,-1.8899684e-05,-9.087827e-05,-3.250783e-05,0.00019736108,6.2833904e-05,0.00027637277,-8.421647e-05,-1.8792067e-05,-0.00018428625,4.871455e-05,-0.00026742782,-5.6553043e-05,0.00026286795,0.00059883826,2.331314e-05,0.00038981898,-0.00049064704,0.00016303554,-3.0751176e-05,0.0005100531,-0.00027752697,0.0002929053,-0.00025406212,-0.00013039073,-4.8679838e-05,-2.9205275e-06,9.7654694e-05,-6.323642e-06,0.00036968567,-0.0001612443,-7.677881e-05,-3.0857995e-05,0.00056537555,0.0002345777,0.00020706686,-0.00019354353,-2.6687596e-05,-1.8484072e-05,-2.2749653e-05,4.6822046e-05,-2.6200187e-06,0.00021823686,0.0010906064,5.522583e-05,-1.624876e-05,2.2765253e-05,-0.000107364656,0.00010339215,-3.0350238e-06,6.682122e-06,0.00015464184,-0.0012192981,-0.00015462832,4.254763e-05,2.148797e-05,6.6834145e-05,2.428495e-05,4.7767746e-05,5.5453485e-05,7.903305e-05,5.6775203e-05,5.0282553e-05,-0.0006595153,-0.0002710235,-4.8378475e-05,-0.0005861822,-0.00012879324,-9.6997464e-05,0.00015359935,0.00018739159,-0.00015326637,0.000104427614,0.0002212018,6.691014e-05,-9.1039285e-05,2.2317134e-05,4.34773e-05,-3.65609e-05,2.350597e-05,-3.693709e-06,-0.0005821887,3.0829204e-05,-5.419585e-05,-0.00011471278,-0.00018375108,0.00028918762,-0.0010149227,8.160819e-05,6.612358e-05,-1.1068043e-05,-3.318116e-05,-0.0008310616,-0.00011568199,8.9353336e-05,-0.000103072074,9.214036e-05,0.00015480051,-1.1401111e-05,-0.00010893988,-6.175811e-05,2.1616914e-05,4.7139907e-05,-5.8011723e-05,0.0001712502,-6.557556e-06,-9.713636e-05,3.4005105e-05,-0.0002445723,7.744142e-05,2.4872643e-05,-0.00011491475,-0.00010747567,-6.302743e-05,-4.3432832e-05,0.00015127493,2.2102759e-05,-5.5380915e-05,-2.2763117e-05,-7.583595e-05,3.7196918e-05,-0.0002520095,7.30404e-05,3.3478304e-05,-1.1179467e-05,0.0005992652,0.00062862266,6.155955e-05,-0.00010430193,-9.955163e-06,0.0002026327,0.0007497343,-3.7518353e-06,-3.1122127e-05,1.3674805e-05,-3.1338925e-05,0.0001224392,2.0756957e-05,-0.00016248079,-0.0003201111,9.139006e-05,0.00034705398,0.001628545,0.000109450666,0.00011553561,-0.0003967162,0.00011194483,-0.00038769646,-0.00031776508,2.093213e-05,0.000106955675,-0.0003296188,-9.719399e-05,0.00013923779,-0.00034707072,0.00023131452,-7.290793e-05,-0.0009871349,0.00013039804,-9.7335476e-05,4.0054932e-05,5.9025384e-05,5.5431945e-05,-0.00010207556,7.190523e-05,0.00017191235,0.00012299365,-0.0002178642,-2.9876708e-05,0.00010200137,-5.698669e-06,0.00032501365,7.565734e-05,0.00030201877,5.348571e-05,-0.00010810107,0.00011827233,-4.284838e-05,3.7148817e-05,0.00019714079,-3.2214073e-05,4.724753e-05,-1.3829592e-06,7.665987e-05,2.5028106e-05,-2.2705553e-05,-0.0006503314,0.00016187801,6.352537e-05,-0.0002286096,-0.0004667493,-0.00014185025,-8.168374e-05,-0.00045549753,-2.0827067e-05,9.580879e-06,-5.5949473e-05,-0.0006929537,0.00014950302,-0.0001538002,-1.6271624e-05,-0.00039327415,9.466037e-05,0.00016800447,-0.00012044744,0.00010367308,-5.446964e-05,-3.074231e-05,-1.14808545e-05,0.00017672144,-1.4262605e-06,0.00014711368,-0.00015143942,-0.00013224027,0.00015761652,-1.0116675e-05,-1.094461e-05,5.4972887e-05,-0.00031743495,2.6944996e-05,0.34184977,2.8471484e-05,0.00021131913,2.3125322e-05,9.6595024e-05,-0.000512264,3.1546402e-05,7.038623e-05,-7.968949e-05,0.00044660264,-0.00016516921,-3.7268765e-06,0.00023510777,-1.3875999e-05,4.5030065e-05,-3.699792e-06,0.0001592994,-0.00018214082,-0.00037156054,-7.069506e-06,-6.450657e-05,2.8505707e-05,-0.00014486542,-0.00018348267,9.28152e-05,0.00041557138,-0.00015439659,2.5035977e-05,0.0005246196,0.0005087877,0.00016949054,-0.0006195476,1.8506873e-05,7.573331e-05,0.00042653177,-9.586638e-07,7.459834e-05,6.8710724e-05,-0.0003650372,7.636482e-06,-0.0001228256,4.1397787e-05,-1.5675623e-05,-1.0447727e-05,9.098112e-05,0.0004220702,0.00011123789,0.00022060626,-9.396392e-05,-0.0001599637,-9.352075e-05,6.49397e-05,-2.8933027e-06,-2.0215313e-05,2.8844253e-05,0.00021490984,0.0004629938,0.00024046116,2.3854449e-05,4.720044e-05,9.0341855e-05,-0.00011245644,0.0004480491,8.560374e-05,0.00016745139,-3.3759297e-05,4.401622e-05,-0.00037912076
-0.00047468906,0.00042359118,2.0370659e-05,-0.0005391127,0.0015941921,-0.0008627571,-0.0006001517,0.0002997613,-0.000926742,-0.00012315951,-0.00012367543,8.529098e-05,-2.8951954e-05,-0.00019401003,0.0007019791,-0.00016887853,-0.000502599,-0.00011392548,-0.00025598492,-0.00012684164,-0.00019598872,-0.00035691826,1.394691e-06,-0.0010589815,2.5131661e-05,0.00015794265,-0.0008821903,-0.00012155368,0.0010351378,-0.00047310913,3.0725132e-05,-6.822418e-05,-0.00019388614,0.00023993084,0.0005474392,-0.00012745909,0.00038722248,0.00011094789,-0.00016076252,0.00014209894,9.237857e-05,-0.00033886379,1.1239697e-05,-9.40189e-05,3.5289948e-05,-0.0014679829,0.0003344501,1.2666578e-05,0.0010459676,6.6697496e-05,-0.00036171635,7.348409e-05,-0.0008464907,0.00013151264,0.00029802456,-0.00044491835,-0.00028909702,-5.0512852e-05,3.2131396e-05,0.00025137933,8.329853e-05,0.00032253822,-1.6076929e-06,0.00017751563,0.0013521629,0.00024619413,-9.2822724e-05,0.0001915999,-0.00015809441,-9.52948e-05,-0.00020356345,-0.0002130639,-0.0003897963,0.00013436923,0.00027583982,0.00011460049,-0.00028771046,-1.3255776e-05,0.0006236799,-0.00021657141,0.00010675096,-0.00048814982,-0.0005430363,0.00037473574,-0.00015941066,0.0003852559,-0.00021728076,-0.00013675053,0.000110990215,-0.00018258806,-0.00032838577,-0.0001027646,0.00026956983,0.00055016804,-6.96223e-05,0.00020969976,-0.0002089542,0.00077035284,-0.00018696493,-0.00029146334,8.2116116e-05,0.0008399882,-0.00014807597,-0.00013240795,0.00041940567,-0.0006361737,0.00026547024,4.400734e-05,0.00046816337,0.000115742725,-0.00011915314,7.292118e-05,0.0002178504,-3.304776e-05,-4.777746e-05,-3.1939417e-05,0.0004917026,-6.518558e-05,-0.00014412146,-0.00025717533,0.00055866735,6.315236e-05,-2.2270715e-05,0.0002910761,-0.00037812366,0.00023809532,-0.0002403748,-2.774003e-05,0.00012634504,-4.7267906e-05,-6.9561254e-05,-0.00023051325,3.8011585e-05,-0.00022890972,0.00024045193,-9.722006e-05,-0.00041307454,0.0005303217,0.0012612079,-8.942821e-05,-0.0001887377,-5.2003055e-05,-0.00027815497,-0.0016978994,0.00014158241,0.000293877,0.00014473891,1.9600051e-05,-0.00010698753,-0.00016431208,-7.603694e-05,-1.390863e-05,9.12058e-05,4.198891e-05,3.8170125e-05,-0.00037088024,-7.452907e-05,-0.00048995094,0.00021038146,-4.4873373e-06,-0.0004318036,-5.4870095e-05,0.00018236562,-0.00067675003,7.867092e-05,-0.00022421344,0.00017450296,-0.00014092193,1.7916991e-05,0.00035552753,0.00036349968,0.00028963207,8.3461186e-05,-2.6600743e-05,4.8909045e-05,-0.00041729741,0.0005392609,-0.00011916281,-0.0001695713,-0.0002632926,0.00018293144,-0.00025245914,-2.5347697e-05,-0.00078439905,-0.0002278764,-0.000356544,0.00013606684,0.00031624924,7.1127775e-05,-1.1573236e-05,0.00030125873,-0.00044688064,-7.663822e-05,0.00023377073,6.960702e-05,6.6533894e-06,0.00039690247,-0.00027695138,0.00048207867,-0.0010903578,0.0004949518,0.0004552181,0.0003460167,0.00019996893,7.449409e-06,0.00021528156,-6.823062e-05,0.00020892004,5.258098e-05,0.000768373,0.00029614847,0.00079637015,0.0002508676,-0.0004602156,4.340052e-05,0.00020337224,0.00018015149,-8.487882e-05,0.000108572174,-0.0008842285,-0.0001670406,0.00076301483,-4.1544285e-05,-0.00016835482,0.00012357667,0.0007263952,-4.4927336e-05,-0.00014969955,-0.0004063106,-3.2965017e-05,-0.00023535421,0.0011216758,3.6164656e-06,0.34190235,-0.00021966867,-7.780765e-05,4.8365753e-05,-7.035943e-05,0.00012530175,0.000101764614,0.0001413883,-0.000943217,-0.00022141279,-1.726807e-05,0.00047336493,-0.00067390397,8.746055e-06,7.602063e-05,0.00015749146,9.911489e-05,-0.0008975924,-6.7366454e-05,0.00021807748,2.658516e-05,-0.00011305668,0.0004973257,-0.000116672985,-0.0006141148,-0.00018640404,3.0368632e-05,-5.328833e-05,-0.00013877734,1.5559743e-05,0.00012975831,-6.8076086e-05,0.00019644332,7.238086e-05,3.034453e-05,-0.00033608102,-0.0001373605,-0.00013167736,7.924191e-05,-0.0001875525,-2.0338905e-05,0.00011876285,7.883109e-06,0.00025433165,0.00012558511,-0.00014124328,-0.00034778094,-1.9254267e-05,-0.00026012494,-4.1621166e-05,-8.413936e-05,-8.979428e-05,-0.000107478925,0.00074854685,-4.5135042e-05,0.00030152683,0.00028100502,0.00013298991,-0.0002309565,-0.0007403521,0.00040877776,0.00039327506,-0.00024170519,0.0019970357,-0.00011671313,-0.00026050964,0.0007267911
-0.0008878374,-0.0018321789,-0.0002370036,-0.0031221372,0.0041258303,-0.0011569697,0.00046285085,0.00058948464,-0.00058235944,-0.0004239577,-0.00028888002,-9.786622e-05,-0.00023310287,-1.18092075e-05,0.0016824619,-0.0004723767,-1.9945834e-05,-0.00034893988,-0.0015801243,0.00034560336,3.754303e-05,-0.00024528368,-0.00034821834,-0.0006494739,-0.00040402907,-0.0001730685,-0.0021611475,-0.00020441996,0.00016909302,0.0015344316,0.0017296347,-4.5780464e-05,-0.0023627356,0.001387521,-0.00074133166,0.0011325435,0.0024068882,-0.00020496517,-0.0009468235,-0.0007045139,0.00042937967,-0.0004990373,-0.00031225508,0.00076756167,0.00017551819,-0.0026106443,-0.00032256436,-0.0013724334,0.0015959262,-0.00016783045,-0.00011642543,3.622204e-05,-0.0020952958,0.00015846814,-0.00017804277,-0.00179959,4.060447e-05,0.0002367846,0.00018876106,0.00048018602,4.9288155e-06,0.0007335748,-0.00030344518,-0.0017509067,0.0032766785,0.000296989,-0.0008446954,0.00034668646,-0.0003027076,-0.0015168982,0.00029637397,-0.0012252866,0.001018256,-0.00042715023,3.4974775e-05,-0.0003243298,0.0008428209,1.8964038e-05,0.0007137932,0.00051245006,-0.0001447033,-0.0016675706,-0.0027264138,0.00033987925,-0.000834092,-0.00035845538,-0.001412605,-0.0015677309,-0.00015848875,-5.802151e-05,-0.00070840266,-0.00010384287,4.8094167e-05,0.0018761468,-0.00031782017,0.00033473046,0.00038972535,0.0019469307,-0.0014581264,0.0037249203,-0.0011415884,0.0019612121,-0.0003463248,-0.0010386762,0.0035773565,-0.0018128371,-0.0015122162,0.0002573998,0.00014145965,-0.00084741163,-0.00019959254,0.00016392837,0.0006164739,-0.00019731098,-0.000112023234,-0.00010899762,0.00019924947,0.00011010034,-0.00017491085,-0.00076919305,0.0023123499,-0.0005963463,4.47638e-05,0.00039138962,-0.00023308546,-0.00054057146,-0.00053120416,0.00050347875,-0.00026172464,4.3790584e-05,0.00022726224,-0.0007305118,0.00011770962,0.00053379056,0.0003067057,-0.000452224,-0.0002843487,-0.0006525944,0.0014122183,-0.000619215,-0.00078163587,0.00018828287,0.0007105159,-0.003978525,2.0680465e-05,-0.00095789396,-0.000119849145,2.5426372e-05,-0.0008268369,-0.00022752472,0.0012216674,0.0006340077,0.00035070162,-0.00053804996,-0.004826619,6.795951e-05,0.00044643742,0.0016356872,-0.0006156002,0.0010397672,0.0004847098,-0.00018224034,0.001410584,0.0022850193,0.00015098194,-0.001852958,0.0015740774,-0.001299249,-1.5820024e-05,0.0043154475,-0.00034351333,0.00067610614,-0.00033570846,-0.000191437,-0.0003681031,-0.0016948017,0.0018557935,0.0008075992,-3.725583e-05,-0.00047786348,0.0013854088,-0.0007451236,6.885352e-05,-0.0016130166,-0.0011728938,-0.0012252107,-0.00036411473,0.00041269057,-0.00056623475,1.2788193e-05,-0.0012340666,-0.0019215291,0.00036340114,-0.00034647144,3.4500274e-05,-6.6806504e-05,-6.67727e-05,-0.00030685734,0.0040423125,-0.0010220504,0.0005499048,0.0011248532,0.00087056623,-0.000711311,-9.4435e-06,0.00092436234,-0.00063210976,-6.307334e-05,-0.0005303447,-0.00066998263,0.00017062554,0.00033914435,0.00015069387,-0.002699033,-0.0003412835,-0.00057325023,0.0004202684,-0.00072580343,0.0007775081,1.9369005e-05,-0.00019926211,0.00014948442,-5.2558713e-05,-5.7424633e-05,0.0015960935,0.0023356697,-0.00054937304,-1.6396238e-05,-0.0011583106,-4.6644695e-06,0.001924801,0.0013453005,0.0004895369,8.975526e-05,0.33919567,-0.00020085927,0.00052293285,5.669838e-05,0.00024180608,-0.0016025691,5.0919407e-05,-0.0027506973,-8.665882e-05,0.0004435127,0.0016251635,-0.000685821,-0.0002203431,-0.00012689579,0.0011309442,0.00049005105,-0.00012397506,-0.00017501856,0.00032526942,-0.00073975296,0.0007665263,0.0010061306,-0.0010944819,-0.0018935074,-0.00042364674,0.00016264296,-0.0010958487,-0.0014639902,-0.0009677453,-0.00016348362,0.0009623629,0.00168097,-0.00051895616,0.0003616969,-0.000542041,0.0001553772,-3.1534466e-05,-0.00043316538,0.0010099072,-0.00015809847,0.00018704022,0.00033198894,0.0008100337,-0.0009626777,-0.0006054519,0.0018988437,0.0005249724,0.00019552892,0.001191989,-0.00085077266,0.00037281943,-5.604261e-07,-0.0013080535,0.0009818708,-0.0017385642,0.00036075313,0.00036790717,-0.00067084434,-0.0016579558,0.0014966932,0.0008202385,-0.0011735873,0.0025774173,-0.0014678583,9.71698e-05,0.00028482557
-0.0014586642,0.0015740574,0.0007883341,0.0023777958,0.0029792632,-0.0010414236,-0.0027044907,0.00047492541,-0.0021944896,-0.00021707496,-0.00032681282,2.8219873e-05,1.6786613e-05,-0.0008919214,0.000361597,-1.9631718e-05,-0.0017195615,-0.0008568414,-0.0010014606,-0.0005120748,-0.0010119383,-0.0006810425,7.6895754e-05,-0.0021924714,0.0005236783,-0.00013921024,0.0005826995,-0.0002559739,0.0016333074,-0.0029043665,-0.00072925404,-0.000341668,-0.00039030056,0.0006597478,0.001492986,3.1557327e-05,0.00012631851,0.0006830533,-4.6071902e-05,0.0008069139,0.00017841192,-0.0007823088,0.00030992206,-0.0008684431,-1.9525427e-05,-0.0022358005,0.0023096758,0.0010642465,0.002144685,0.00055450696,-0.0005820783,0.00022855951,-0.001348644,0.0009013131,0.00094628974,-0.0010283969,-0.00049667456,-0.0002734339,0.0002564869,0.0010364103,0.0005637356,0.0002106354,0.00018475768,0.00065986253,0.0026915872,0.00065843115,-6.035542e-05,0.00054107286,-0.00036282282,-0.0007026675,-0.00065953966,0.00037906523,-0.000553494,0.00036659048,0.00095626904,0.0015691741,-0.0009972852,6.591789e-05,0.002087475,-0.0006938772,0.00026065766,-0.0012026249,-0.00117135,0.0015265432,-5.941703e-05,-0.0029174224,0.00023990136,0.00023611188,0.00017962698,-0.0005792494,-0.00074125576,-0.00037258375,0.00094883965,0.0012519013,-0.00027509872,0.00059880415,-0.00074218574,0.001354376,-5.8080906e-05,-0.0013310737,0.0010888238,0.0002496691,0.00027498096,-0.0006908139,-0.0011541029,9.290179e-05,0.003266141,0.00078636303,0.00010969329,0.0011186005,-0.00037378457,0.00020394375,0.00038706264,-1.0226132e-05,7.349545e-06,0.0001644439,0.001526843,-0.0003518354,-0.00037760998,-0.000626848,0.00037367386,0.00041075845,0.00041422108,0.00026226777,-0.00063179433,0.0010565947,-0.0005482662,-0.0024850962,0.00034122512,2.972819e-05,-0.00026322546,-0.0005817095,-0.000249646,-0.00049394113,0.0005237103,-1.5018968e-06,-0.0010012315,0.0009912938,0.0018355786,-5.6458222e-05,-0.00030979628,-0.00084049307,-0.001550711,0.003583748,0.00075584714,0.0020355287,-0.0005622485,0.00010296662,9.923725e-05,-0.00047668171,-0.0023863008,0.00044963343,-0.00033639037,0.00074870646,0.000119697026,-0.0009955651,0.0015963453,-0.003791442,0.0016372026,-0.00044041954,1.06379e-05,0.0003855213,-0.00079282536,-0.0007811149,0.0005644491,4.676913e-06,1.947988e-05,0.00052506075,0.00060827646,-4.831241e-05,0.0034636206,0.0009376214,0.000329053,-0.00082503114,0.00041985733,-0.00060726976,0.000425113,-0.000676809,-0.0005913175,-7.908783e-05,-0.0005437566,-0.00039574155,-0.00016862899,-0.0015637515,-0.0005087196,-0.0017818084,0.00042911337,0.00082097534,0.00037316786,4.160615e-05,0.0016929794,-0.0006614911,-0.0003938127,0.0010926162,0.00032969666,0.00027990888,0.0014086845,-0.00083278056,0.00037346515,-0.0024844331,0.0013503741,0.0004981107,0.0020638425,0.00077292346,5.8765138e-05,0.0005103315,0.00017820975,0.00086492527,5.8176436e-05,0.0047167186,0.0016880564,0.0015600281,0.00081498834,0.002068914,0.00037977842,0.0014972594,0.00069839257,-0.0001096664,-0.00032763107,-0.00058597076,-0.00057714054,0.0027316723,-4.3079803e-05,-0.0019986427,-8.707425e-05,0.0011911544,-8.4001746e-05,-0.00017059752,-0.0006599852,5.1633993e-05,-0.0021173856,0.002097149,0.00018853447,-0.00031345082,-3.654371e-05,0.34124348,0.00043575786,-0.0005572856,0.000496373,0.0023390139,0.0002653638,-0.0028139625,-0.0014715492,-5.7547026e-05,-0.00027616788,-0.0024923289,0.00020851674,0.00035700935,-0.0003679641,0.0010395268,-0.0021602272,-0.00029261375,0.00033852673,0.0006122295,-0.00085765484,-7.007322e-05,-5.9926344e-05,-0.00017725182,-0.0007144396,-4.2161653e-05,-0.00061926653,0.0010750842,-9.990355e-05,0.002502737,-0.0017139234,-0.00038238056,0.00072612794,-0.00010314723,-0.0014418137,-0.00055935816,-0.00017036484,-7.3565854e-05,-0.0016815449,-1.3490642e-05,0.00021082991,-0.00023144935,-7.282562e-05,0.00014408141,-0.00037391105,-0.0037238547,-0.0006148184,-0.0006424537,-0.00064514705,-0.0002523641,-0.00045022782,-0.00051510875,-9.597627e-05,-0.00065666053,0.0021485104,-0.00025417708,0.0003989085,-0.00033367117,-0.0012077363,0.0009747575,0.0005179479,-0.00027382065,0.0049947673,0.00016816924,-0.00076508685,0.0016921894
0.00038383633,0.0011625147,4.0204577e-07,0.0018491102,-0.001734459,7.361025e-05,-0.0004066174,-0.00014361358,0.00026536785,0.00025561915,0.00012017709,0.00011237734,0.00018469349,3.37791e-05,-0.00037335252,0.00017662978,-0.00016493794,0.0002977588,0.00055678794,7.571518e-05,0.00011411432,0.0002522909,7.2659306e-05,0.0003540465,5.868836e-05,-2.919759e-05,-0.00023226318,0.00017783017,-0.00017981423,-0.00016453615,-0.0010716771,0.00011318202,0.00074909563,-0.0005332182,0.00015240422,-0.00045930519,-0.0008943289,3.610549e-05,0.0002569985,0.00020393127,-0.00017646908,-0.00016236906,0.0002576477,-0.00020413785,-0.00014034189,0.0004956283,-0.00044071476,0.0003382013,-0.000273055,3.847757e-05,-1.3808734e-05,-3.9265928e-05,0.00085605594,-0.00022423542,-0.00014241236,4.1112176e-05,-0.00011166029,-7.308384e-05,-4.0295847e-05,-0.00020180942,-4.689894e-05,-0.00018246623,0.000103356244,0.0008216555,-0.0009420374,-0.00011737711,0.00024935362,-0.00019912867,8.48911e-05,0.0009082611,-3.540616e-05,0.0003429435,-0.00082709413,8.280921e-05,-0.00016378911,0.00044817358,-0.00014226098,4.9202943e-05,7.437267e-05,-0.00010216649,-8.199469e-05,0.00072534004,0.0009796404,-0.00018977305,0.00027053047,0.0012898312,0.0006064994,0.00087395025,5.0330767e-05,5.0370236e-05,0.00034244906,2.4215984e-05,-5.821216e-05,-0.00039067655,0.00011206238,-0.00013631817,-7.268125e-05,-0.0008971338,0.00033739718,-0.0009859262,0.00031595063,-0.0006684626,4.193305e-05,0.000622109,-0.00090945204,0.00060207245,0.00013608327,-0.00014809251,0.0002808175,7.812877e-05,6.119671e-05,1.2143588e-05,-0.00031376316,4.463483e-05,4.832468e-05,8.3643e-05,-0.0003104289,1.13640235e-05,-1.6252554e-05,0.00030964805,-0.0007538586,0.00016074684,-0.00020115134,2.7001179e-05,0.00013878042,0.0002924161,0.00026125598,0.000271978,6.812845e-05,3.8284914e-05,-2.817794e-05,0.00032980187,-5.19442e-06,-3.0501516e-05,-0.00019621654,0.00015665525,0.00016654102,-7.847981e-06,-0.0009984814,0.00020180055,0.0004498718,6.3267784e-05,-0.00051068014,0.0015717922,-4.7102865e-05,0.00021295219,0.00040856702,-4.888255e-05,0.0001362661,9.4038885e-05,-9.636156e-05,-0.00013706877,-7.581756e-05,-0.00020598207,0.0015234262,-0.00012311673,-0.000854636,-0.00015388324,5.0158516e-05,-0.00013550087,-0.0002725133,2.9740226e-05,-0.00049136573,-0.0011091458,1.3233487e-05,0.000545018,-0.00046431497,0.00021960532,2.2075932e-05,-0.0016733027,-0.00051813293,-0.0001783493,9.809033e-05,0.00015335777,2.4935965e-05,0.0005987313,-0.00082030974,-0.00042984195,-5.9452796e-05,0.0002962708,-0.00037747357,0.00017485433,-1.0270197e-06,0.0005146178,0.0004874294,0.00055303116,0.00010094218,-0.00030861626,0.00013756038,-6.287471e-05,0.00059298874,0.0007307923,-4.0534444e-05,-1.5888549e-05,-8.582915e-05,5.6791967e-05,-0.00010251285,0.00015196113,-0.0009861646,0.00014074355,-0.00034011525,-0.00012704755,-0.00037636908,0.00040552637,1.6281441e-05,3.3993358e-06,0.00017078023,-0.00015512589,0.0002842444,0.00015291358,-0.0005063602,0.00020104145,-0.00014386018,0.0011194915,-0.00018600616,1.5046395e-05,-0.0001869905,0.0002962289,-0.00014030571,-0.00048514092,0.0001233397,-0.00047676108,2.443346e-05,0.00019520384,-0.00054586184,-0.0011765489,9.6302865e-05,4.451873e-05,0.00049423473,6.381779e-06,-0.00042217845,-0.000493132,-0.00019456873,-0.0001444937,0.00047814567,0.000113466966,0.34083864,0.0006199782,-0.00019749027,0.0004193677,1.2072432e-05,0.0010052528,0.0003097111,-0.00020397644,-0.00053595245,0.00059668097,1.9235405e-05,3.0830386e-05,-0.0005450628,-0.00028047932,0.00032797974,0.00015377706,-0.00016024667,0.00016967132,-0.0001412785,-9.980907e-05,0.000391599,0.00039833068,0.00041123954,-1.9337553e-05,0.00037424703,-5.2639e-05,0.00030755842,0.00035427583,-0.00014935096,-0.00067510834,-0.0002403885,-0.00023084054,0.0003370807,-9.699277e-05,0.00038322885,0.00015672298,-0.000105380605,-1.6747026e-05,-8.11405e-05,-0.00010431697,-0.0004015489,0.00016600665,8.475289e-05,-0.00071597646,-1.4196715e-05,6.0953153e-05,-0.00037489037,0.00042689563,-8.580431e-05,5.3027412e-05,0.001555381,-0.00064775563,0.0003965301,-0.00012768779,-0.00015595062,0.00024953345,0.0005981078,-0.00071016455,-0.0009858708,0.0004285634,-0.0017092839,0.00057938433,-6.50084e-05,0.00033352186
0.00013873675,-0.00078735914,-0.00028812367,-0.0024580327,-0.00073483516,0.00096339965,0.0006104681,-0.00017010947,-0.0003204565,-5.3987867e-05,-5.533285e-06,0.00010746025,-0.00013122692,-0.0001305188,-0.0005437829,-4.8202946e-05,0.00048909016,-9.547606e-05,0.00019397408,-0.00014409621,-0.00016094813,-0.00023434403,1.7606686e-05,0.000102850485,7.358047e-05,0.00051762303,0.002061541,-0.00011441892,0.0005061695,-0.00106832,0.0009093128,-6.990537e-05,0.00094552274,-0.00047684292,0.00042218415,-0.00026379482,-0.00017129269,-0.00012275831,3.0145522e-05,0.00030858186,2.102337e-06,0.0010402967,-0.00041454475,0.00014245603,2.4137698e-05,0.0008675548,0.00091820303,0.00047453397,-0.0007933641,-0.0001625079,1.2505505e-05,1.6679206e-06,-0.000105021856,0.00018549625,0.00052184507,0.0024502038,8.760187e-06,-0.0001512047,-8.869462e-05,-0.00014435723,8.740274e-05,-0.00010343718,5.9090853e-06,0.00015627366,-0.0022910095,-9.807196e-05,1.7145139e-06,1.1166716e-05,0.0001419394,-0.00038314675,4.833936e-05,0.00020912322,0.0007310509,8.337618e-05,0.0002398329,-0.0014482472,-0.00054427923,-8.236396e-05,-0.0013528268,-0.00026594917,0.00022260954,-2.158502e-05,0.001178083,-6.108747e-05,9.5220676e-05,-0.000640994,-0.0002448947,-0.0005856259,0.00026909,1.779806e-05,-0.0001564803,-2.6065953e-05,7.842002e-05,-0.0012091253,9.9195655e-05,-2.6449015e-05,-0.00022853278,3.8281727e-05,0.00054208847,-0.0017646862,0.00022652093,-4.242009e-05,7.3848016e-05,-0.0005070653,-0.0015047521,-4.117813e-05,0.0010729481,-0.00011641827,-0.00035836484,0.00044833048,-3.3010543e-05,1.0284944e-05,0.00012141955,2.8387178e-05,3.0908603e-05,-7.345017e-05,0.0006108341,-5.2004623e-05,-0.00022266764,-3.3352095e-05,-0.0002640614,0.00012175358,-3.9357037e-05,-0.00024916205,-0.00021774309,-0.00015840013,-0.00013683754,-0.00021730243,2.5484227e-05,-5.8109657e-05,-3.666203e-05,-0.00027728276,-1.0643547e-05,-0.0005328675,0.00019992964,-2.2265489e-05,-1.205735e-05,0.0010550737,0.001416777,3.660134e-07,-0.00034815233,-0.00010467729,0.0008673956,-8.530398e-05,-2.9231574e-05,4.6718535e-05,-0.0012286851,-4.8510625e-05,0.00018641507,5.1779436e-05,-0.00065676536,-0.00050581846,1.6957536e-05,0.0010198845,0.0021388135,0.00012879912,0.0010645984,-0.0011946185,0.00040055587,-0.00086029724,-0.0002570767,5.0798873e-05,0.00027714085,0.0006516456,-0.00021972207,0.00012426126,-0.00066469715,0.00057203945,-0.0005053943,-0.0014238474,0.0007039401,-0.00017492882,0.0001291595,-7.5601754e-05,0.00020182913,-2.9572013e-05,0.00011609889,0.00047368478,0.00023176258,-0.000409589,-0.00012407388,0.00022491225,-6.294729e-05,0.00061695394,0.00012481284,0.00045940586,4.0526273e-05,-9.505471e-05,0.00015349794,-2.489121e-06,-0.00023102209,0.00022687046,-0.00013832716,0.00022116498,6.0160764e-06,0.0001037625,0.00013942456,-3.2353193e-05,-0.0012928486,0.0006015387,0.00023856774,-0.0006654113,-0.00043686238,-0.00045432543,4.8372716e-05,-0.001064419,-2.2367683e-05,2.7829115e-05,-0.0001492328,-0.0012127084,0.0010477955,-0.00068629126,0.00010354679,-0.0014829126,0.00067041884,0.00041470947,-0.000119627315,9.2970346e-05,-0.00018930918,0.0007457691,-9.565068e-05,0.00041807155,7.470715e-05,-4.556201e-05,-0.00024665866,0.00025858078,0.00035963263,-7.014732e-05,-0.00010854819,6.050867e-05,-0.0008390147,7.0226815e-06,-0.0003055472,0.00013179446,0.00044013542,3.9097937e-05,0.0004790183,0.33821648,1.9293335e-05,-8.6782544e-05,-0.00019468332,0.00066294865,-0.0007354397,5.3721415e-05,0.00033738502,-0.00041652916,0.00016464565,8.5840606e-05,0.00045457514,-0.00016472088,-0.00091836374,1.563358e-05,3.4209403e-05,0.00013389581,-0.00036138494,-0.0007524333,8.293335e-05,0.00046714535,-0.00051882135,-1.5252889e-05,0.00081390026,0.001647468,0.000317225,-0.001202704,-0.00021038897,0.00016842477,0.0011293414,-5.7196958e-05,-7.4268373e-06,3.599644e-05,-0.0009465823,5.3788575e-05,-0.00047276507,1.633718e-06,1.8021168e-05,-3.940879e-05,2.9804238e-05,0.000766188,0.00035956397,0.0003933168,-0.00033523273,-0.00037891415,-0.00019696506,-0.00023781577,-7.215518e-05,-9.782858e-05,-0.001753165,0.0006780628,0.0008514138,0.00021828398,6.0765095e-05,3.9830138e-05,0.00023599702,4.3243588e-05,0.0015258306,5.7295754e-05,0.0022590503,-0.0001330106,7.451933e-05,-0.0012327017
0.00052349694,-0.0002845723,-6.373094e-05,-0.00016823097,-0.0009884401,0.0006202681,0.00058970257,-0.00026411965,0.0008090604,4.715506e-05,0.000103983475,-5.643827e-05,-2.7120881e-05,0.00022779094,-0.00042170615,8.509206e-05,0.0005364025,0.00017817323,0.00038703327,0.000111784255,0.00024205404,0.0001827484,2.9945604e-05,0.0009850636,-0.00012538239,-2.7250615e-05,0.0004901469,5.7475547e-05,-0.0006353331,0.0005257561,0.00011200029,7.223681e-05,0.00037673014,-0.0003595443,-0.00032280787,-0.00014015772,-0.00042191916,-0.00016053718,0.0001305642,-0.00011511209,-7.06705e-05,0.00045060067,-6.846768e-05,6.409103e-05,-1.6943663e-05,0.0011207677,-0.00048188472,-4.8365673e-05,-0.00072286197,-4.94295e-05,0.00027030648,-0.000111960915,0.0007005155,-0.00024338532,-0.000159482,0.0006772574,0.00018098082,2.8809744e-05,-0.00013110551,-0.00033363485,-0.00012963767,-0.00023716548,-4.2006624e-05,-6.4520085e-05,-0.0014780698,-0.00021107547,0.00013224845,-0.00026504305,0.00017483074,0.00022238298,0.00014699326,8.95143e-05,6.0958657e-05,-9.956579e-06,-0.00024974448,-0.0003802766,0.00019046542,-3.8328963e-05,-0.00087134825,0.00013453726,-1.980702e-05,0.00052846706,0.0009421725,-0.00045173883,0.00013773909,0.0004650737,5.467931e-05,-1.4567323e-05,-7.257221e-06,0.00019348144,0.00029474677,0.000158325,-0.00030853724,-0.0004959206,0.00014576023,-0.0002647221,7.126801e-05,-0.0006706157,0.00020860624,-0.00010563541,-0.000113351685,-0.00045320956,5.1261224e-05,0.00021967474,-0.0003598218,0.00031023455,-0.0002612489,-0.00023561947,-0.00042713768,-0.00018627755,0.00011163828,-9.95795e-05,-0.00016743585,3.776542e-05,4.7542904e-05,-6.608782e-05,-0.00036248603,0.00010608875,0.00019078309,0.00030682533,-0.0004015674,-6.677043e-05,-0.00012779851,-0.00015107113,0.00027659826,-0.00030310862,0.00018106619,0.0004370566,-0.00010387593,8.024716e-06,2.5376934e-05,0.00025607392,7.097092e-07,7.3617586e-05,-0.00021789111,3.4833225e-05,0.00036603914,-0.00028211565,-0.00094180205,0.00015568436,0.00014133203,7.700934e-05,0.0005377317,-0.0018823893,-0.00013498554,-0.00040427287,0.00012369615,-6.189539e-05,6.159567e-05,0.00018610929,0.00032213124,-0.00010685815,4.2725085e-05,-1.8328648e-05,0.0002149897,0.00038296162,-0.00019611088,0.0005217233,-0.00032990339,-5.9100006e-05,7.658842e-05,-0.0001234663,2.0868505e-05,0.0004435946,-0.00019066337,0.0001462476,-0.00018569722,0.00011068365,-0.00022632151,-0.00034658174,-0.00071125483,-0.00031846194,-0.00013760917,0.00021670807,-7.7437144e-05,0.00046700268,-0.0003658942,0.00021248206,0.0002326898,0.000106820225,-7.41298e-05,0.00027154406,4.7392386e-05,0.0007207688,0.00025072158,0.0005343733,-0.00013167004,-0.00033475662,4.2568103e-05,-1.5990285e-05,-0.00044119047,0.000415782,6.496943e-05,-0.00021757936,-0.00011401329,7.353699e-06,-0.00036127557,0.00029474328,-0.00055761856,0.0009904839,-0.000427484,-0.00041539097,-0.0006015358,-0.0002549491,-4.8885297e-05,-0.00033269014,2.5624004e-05,-0.00019609292,-4.7980764e-05,-0.0011798438,-0.00024212712,-0.00065362244,-0.00022610108,-2.2125307e-05,0.0005208509,-0.00034300424,-0.00017802315,7.011383e-05,5.730713e-05,0.00033966167,0.00015671001,-0.0006841417,2.2054803e-05,0.00038066,-0.0001273967,-0.00062514475,0.00011456152,4.7841273e-05,0.00032554037,3.257019e-06,0.0004491898,-0.00085809996,-3.7040045e-05,0.0002043218,0.00022651136,0.00017109117,-8.675066e-05,-6.634777e-05,0.34191066,-0.00027614224,-0.00018890854,0.0010684808,0.00030964141,5.2484625e-06,-0.0003175725,0.00075561047,-3.805111e-05,-9.515403e-05,-2.0009022e-05,-0.0002734572,0.0008437796,8.707419e-05,-0.000107027685,-7.2885945e-05,0.00012805991,-0.00030825482,9.783768e-05,0.00024828454,0.00015073543,-2.2895265e-06,0.0001767553,0.00013783535,9.807737e-05,-0.00053357193,0.00026499052,-9.73933e-05,-1.552486e-05,-1.861019e-05,0.00043275574,0.00017192314,6.0549946e-06,3.806526e-05,0.0003350437,5.041238e-05,-8.74536e-05,3.3333014e-05,-0.00019603578,8.8014174e-05,0.00021856849,0.00061843207,6.2743005e-05,0.00016195713,4.4729677e-05,7.5278995e-06,9.220048e-05,0.00014324223,-0.0003057663,0.00016846292,-0.00039374531,-7.668809e-05,-0.0001904401,0.00016398473,0.0005725175,-0.00041873092,-5.093725e-06,0.00023632377,-0.0013418216,-1.4094512e-05,0.00020831889,-0.000705417
0.0004082951,-0.0017207752,-0.0005663126,-0.0026967716,0.0006291041,-0.000114043716,0.0017602113,5.7888567e-05,0.0009709171,-0.00014474994,8.087155e-05,-0.00016252257,-0.00015947035,0.00054802734,0.00068681414,-0.00022828483,0.0009796751,0.0003356706,-0.000251252,0.0005338219,0.00064833777,0.000362206,-0.00023665471,0.0011832648,-0.0005728304,-6.863071e-05,-0.0014974858,8.0218844e-05,-0.0008414781,0.0025644577,0.0011983652,0.00017373482,-0.0009955531,0.00029668192,-0.001307084,0.00057202013,0.001093474,-0.0005059518,-0.00044177484,-0.0008045668,7.877607e-05,0.00022483838,-0.00034125723,0.0007169068,1.1511234e-05,-0.00046036203,-0.0015497628,-0.0013635107,-0.0006525571,-0.00049806194,0.0003188994,-4.2784235e-05,-0.0003721699,-0.00047865362,-0.00072710845,-0.00050100876,0.00033075683,0.00031367564,1.4934467e-06,-0.00036495557,-0.00049414136,0.00025930777,-0.00024984666,-0.0011770022,0.0003607287,1.7019911e-06,-0.0004334661,-0.00019486772,6.5036016e-05,-0.0003706993,0.0005660268,-0.0008064775,0.0009240725,-0.0005750999,-0.0005655829,-0.0009786788,0.0010396049,-3.3141936e-05,-0.0007340518,0.0006603049,-0.0002819889,-0.00017502565,-0.00074452313,-0.00067695376,-0.00049555895,0.0018206446,-0.0009245419,-0.00094539847,-0.00023920045,0.0003593629,0.00012508342,0.0001813173,-0.00058089773,0.00015524228,-2.6016649e-05,-9.9432575e-05,0.0006758861,0.0001475178,-0.0007440894,0.00278652,-0.0012203213,0.00080529763,-0.00032478393,-3.649377e-05,0.0027041861,-0.0009732006,-0.0023769715,-0.00035160506,6.2652057e-06,-0.00112856,0.00017434737,-9.726333e-05,0.00015581868,-0.00010303326,-9.070036e-05,-0.00023607434,-0.0008067,0.00028810295,0.000118378324,1.0613621e-06,0.0010246064,-0.00056146015,-0.00021222106,3.6219826e-05,0.00026458138,-0.0008551268,0.00015109003,0.0016443573,-0.0003894337,4.4610802e-05,0.0002746258,5.1938492e-05,0.00020103488,0.0005800826,-0.00016446688,-0.00033521315,0.00043535788,-0.0010054131,-0.00040382877,-0.0003337641,-0.00022194041,0.00065972935,0.0013184516,-0.0029941513,-0.00048711218,-0.0017078253,-0.00018104307,-0.00012770893,-0.000498352,0.00022983835,0.0019433532,0.00010561565,0.0003415815,-0.0007622157,-0.00246835,0.00066997285,-0.00071817817,0.0030971183,-0.0012856387,0.000811307,0.00030791853,-0.0003366623,0.0011451402,0.001394594,-0.00018312366,-0.0010214638,0.0008664113,-0.0010312109,-0.00042863394,0.001846882,-0.0022706557,-0.00023522887,-0.00037910696,0.00037886554,-0.00045405835,-0.00052929646,0.0005464088,0.0008408593,0.00033321523,-0.00016503545,0.0010718594,-0.00016739394,0.00014899972,3.547555e-05,-0.00028416098,0.00045025907,-0.0003895103,-0.00016589882,-0.00052739336,-4.370044e-05,-0.0015617686,-0.0006056398,0.0005159474,-0.0008286212,-0.00022184936,-0.00020871297,-0.000896693,0.00037132,0.0020490976,0.0008516695,-0.0005532015,0.00031078488,-0.00056631124,-0.00081759266,-7.274795e-05,0.0002465499,-0.00041207945,-0.0005703976,-0.00031262,-0.0030232149,-0.0008848731,-0.00066613767,-0.0004556771,-0.002715142,-0.0006742346,-0.0012447498,-0.00015031318,-0.00028721866,0.0005867249,0.0003771495,0.00025161743,-0.0016815355,5.9181093e-06,0.0010288118,0.0009074068,0.00044791301,-0.0002667075,0.000107927284,-0.0002236818,-5.1910538e-05,0.002226081,-0.0006603454,6.4725005e-05,0.00018734431,-0.000868499,0.00023213426,-0.00010099588,0.00049229444,-0.00023367161,0.33868453,-0.00011117838,-1.1035696e-05,0.00097070227,0.000332996,0.0010901096,0.0011201384,-0.00026909934,-0.0002763754,0.0007658003,-0.00034266015,0.0011888008,0.00015329194,-6.0051254e-05,-0.0007700776,0.0008981423,0.0005446533,-0.00053689675,-0.0010153587,0.0002530348,0.000110639885,-0.00020150852,-0.0014203916,-0.00047372503,-0.0014431843,0.0015608317,0.0010993645,-0.000776896,0.00018420146,0.00053871,0.00046515392,0.00011764442,-0.00013567676,0.0014824314,-0.00015864563,-9.505118e-05,0.00031921538,0.0004365363,-0.00067945843,-9.473672e-05,0.0028990936,0.0006308392,0.0005069072,0.0010122464,-0.00032416385,0.00050825806,0.00031538267,-0.0007769206,0.0006778757,-0.0021553417,0.00028960206,-2.318446e-05,-0.0001631852,4.799147e-06,0.00020531175,2.2165332e-06,-0.00046049652,-0.0010388577,-0.0008659464,0.0004637149,-0.0007263046
0.000737697,-0.00011919524,2.0043808e-06,0.00093565165,-0.0020601866,0.0006910031,0.0007439172,-0.00026292313,0.0010547097,0.00013635868,0.00024236836,-4.636877e-05,0.0001259797,0.00033174158,-0.00073607796,0.00019798036,0.00053880055,0.0003226789,0.0005815738,0.00013414481,0.0003232671,0.00051790907,0.00016423389,0.0012773504,-0.000106132306,-0.00010233219,0.00040883257,0.00013020389,-0.0010462372,0.0009321359,-0.00034187973,0.00013893303,0.0004155414,-0.0004867566,-0.0005698043,-9.470072e-05,-0.0006937144,-7.472274e-05,0.00024999125,-0.00013113642,-0.00018021837,0.0003059553,0.00010080177,4.853638e-05,-6.991245e-05,0.0014626211,-0.0008093589,-1.4706027e-05,-0.0012461921,-5.8033882e-05,0.00031360207,-2.207092e-05,0.0010719547,-0.00028465656,-0.00037325,0.00020622986,0.00012069801,3.833971e-05,-7.19706e-05,-0.00039655107,-0.00023032166,-0.0003250088,-9.206875e-05,0.00010516757,-0.0014287059,-0.00027345875,0.00029031516,-0.0002585315,0.00014358011,0.0006031208,0.00012160398,0.00028666548,8.0903475e-05,-6.385658e-05,-0.0004216288,-3.3917524e-05,0.00029193627,-4.9642615e-05,-0.0006038577,0.00022292032,-1.4698804e-05,0.000799433,0.0008384301,-0.00055359624,0.00013966876,0.00061207457,0.0004256043,0.0004292555,-6.7606605e-05,0.00019110396,0.00048008052,0.00016051237,-0.00032568074,-0.0007143803,0.00022366864,-0.0002475522,0.00022873835,-0.0010308166,0.000276975,4.58566e-05,-7.305017e-05,-0.0009339138,3.5310426e-05,0.0006178486,-0.000258598,0.00072669244,-0.00047713378,-0.0002120876,-0.00025119339,-0.00014939389,0.00017003002,-0.00013439012,-0.00031848616,6.242381e-06,4.1839994e-05,-5.963863e-05,-0.00072529574,9.257426e-05,0.00017014828,0.00038911062,-0.0007510961,-1.3443442e-05,-0.00022533497,-0.0002633106,0.0003779684,-0.00017212205,0.0003877259,0.00044925086,-4.9086626e-05,0.0001066877,3.769813e-05,0.0004349101,-6.5068652e-06,0.00021708597,-0.0003187649,6.4247084e-05,0.00037519413,-0.00073260674,-0.0015418186,0.00012199241,0.00037043085,0.00022033218,0.0002640938,0.0015809662,-0.00026000728,-0.00039864815,-8.836924e-05,-5.7632547e-05,0.00022185725,0.00022464927,0.0004508036,-0.00011128096,-9.3951654e-05,-0.00024949477,0.00023093478,0.00019821199,-0.0006757759,0.0010924496,-0.00041133774,7.932073e-05,0.0002105412,-6.0968814e-05,-0.00033110657,-0.00011948711,-0.00022304298,0.00054916105,-0.00028302034,0.00010742062,-9.626848e-05,-0.000711435,-0.0012569608,-0.00041913806,-3.245455e-05,0.00018731412,-3.8014776e-05,0.0007176148,-0.0008675632,-0.000112422465,0.00016204714,0.00031844413,-0.00024029774,0.00030412857,5.0537186e-05,0.0009693494,0.00046031756,0.0007421445,-3.1655698e-05,-0.00041737178,-1.3759808e-05,-6.394292e-06,-0.00021704794,0.0007042053,7.2251285e-05,-0.00023159126,-0.00012457588,-0.00016213184,-0.00048558734,0.0003822891,-0.0008292297,0.0010934547,-0.00064837746,-0.0004402489,-0.0005985079,1.5552314e-07,-1.4731377e-05,-0.00023785654,0.00016893522,-0.0003488762,9.8478245e-05,-0.00077046664,-0.00075737416,-0.00068640657,-0.00033324864,0.00046102027,-0.00033085796,-0.00045200944,-0.00039089433,0.00012417884,-0.0002710737,0.0005526072,0.00023904617,-0.0012568826,-2.0563157e-06,0.0005089005,-0.00031406299,-0.0011989822,8.8045424e-05,7.997319e-05,0.00058369344,3.995752e-05,0.00043806533,-0.0015199857,-8.2722996e-05,0.00016810704,0.00035916604,0.00016332531,-0.00032222367,0.00054630125,-0.00022484348,-0.00038993,0.34192842,0.0014552037,0.00057651027,-9.315624e-05,-0.0006488197,0.0010800617,-2.5434012e-05,-5.9788887e-05,-0.00032806917,-0.00032303462,0.001071586,0.00011242891,-0.00017845993,3.480226e-05,0.00013355596,-0.00034256978,0.0002956226,0.00050686556,0.00048413608,-5.116167e-05,0.00020606532,-0.00016628178,0.00013833755,-0.00037009822,0.00028210523,-0.00040965388,-0.00029339513,-6.929985e-05,0.000582638,9.8209144e-05,0.0003377783,0.0001362509,0.00036006854,-5.615984e-06,-0.00015830692,-4.3674198e-05,-0.00032483568,-7.892177e-05,0.00026110865,0.00046929484,6.7040084e-05,0.00031946282,-6.737651e-05,0.0003276118,5.9468097e-05,0.00017559747,-1.4983416e-05,-0.00022930808,-0.000534414,-0.00021314438,-0.0002282025,0.00034730812,0.0009868796,-0.0007076458,-0.0008332292,0.00040826344,-0.0026557548,0.00048185504,0.00027606922,-0.00060166634
-0.002005816,-0.00063457113,0.00023738087,-0.0017561952,0.006853691,-0.0021733495,-0.0014834601,0.0010039872,-0.0023915719,-0.0005205863,-0.00056196476,-6.076991e-05,-0.0002715426,-0.0006765193,0.002049485,-0.0005026534,-0.001360473,-0.0009911435,-0.0021899089,-0.00018511676,-0.0006852635,-0.0007619278,-0.00027993557,-0.0024956136,7.570702e-05,-0.00025720533,-0.0018234665,-0.00044507344,0.0016160888,-0.0005958721,0.0011133157,-0.00037686573,-0.002681854,0.0018725921,0.00045548318,0.0011722049,0.0024791453,0.00034228622,-0.0008596565,-6.2007166e-05,0.00054455665,-0.0012099331,-3.1527416e-05,-7.225472e-05,0.0001857414,-0.0045563746,0.0014481716,-0.0006135943,0.0031916406,0.00024072651,-0.0006560338,0.00024237506,-0.00312934,0.0008382522,0.0005222483,-0.0026779457,-0.00043080686,0.00010762133,0.00038170908,0.0012753414,0.00043745787,0.0009511442,-0.000106751424,-0.0011738309,0.005675281,0.00082108314,-0.00085710146,0.0007878666,-0.0006145223,-0.0019654147,-0.00029353023,-0.00096773886,0.00047815184,-0.00010349742,0.0008211722,0.00094275526,8.2060775e-05,0.0001156802,0.0025639674,-0.000165364,4.705482e-06,-0.002616839,-0.003496764,0.001505117,-0.0008520355,-0.0022707358,-0.0012278191,-0.0012981755,0.00010399804,-0.00055733166,-0.0012852451,-0.00039112582,0.00081191136,0.0030577602,-0.0005824707,0.000798615,-0.00021984227,0.0030033248,-0.0014807468,0.0023060523,-0.00032820553,0.0022377535,-0.00019674205,-0.0014204056,0.002857199,-0.0017802936,0.0007167602,0.00070306077,0.00048885157,-6.2800063e-07,-0.0004125,0.00035044365,0.00096904783,-0.00018450954,-0.00011044478,4.065224e-05,0.0013553858,-0.00019704344,-0.00038649925,-0.0012692207,0.0026184854,-0.00025930372,0.00046980742,0.00065426884,-0.0007566446,0.00028717786,-0.0009114238,-0.0012867455,1.6845552e-05,-1.0048122e-05,-9.066933e-06,-0.001049485,-5.7494017e-05,9.393664e-05,0.00074159354,-0.00045512352,-0.0011387886,0.00028666956,0.0029187123,-0.000673581,-0.0010140063,-0.00041623905,-0.0005731183,-0.0026115226,0.0006490775,0.0006184117,-0.00043197002,0.00013066927,-0.00071624917,-0.0006042887,-0.00036523756,0.00092604174,0.00012477035,-5.2346433e-05,-0.0044164485,-0.0006763003,0.0014158419,-0.0009948963,0.00055287435,0.00065296196,0.00034869276,9.363104e-05,0.000739273,0.0012603457,0.0005702917,-0.0016349672,0.0015740625,-0.0009568018,0.0005048403,0.004242921,0.0022609245,0.0013331089,-7.2137365e-05,-0.0007726549,-5.8582627e-05,-0.0021950195,0.002223312,0.00014151876,-0.0005535067,-0.0005268978,0.00095215236,-0.0010985394,-6.940155e-05,-0.0029753603,-0.001555992,-0.002547992,3.8453996e-05,0.0011451823,-0.00022134648,7.717421e-05,9.036024e-06,-0.0024386274,4.841382e-05,0.0004426659,0.00032711742,0.000149402,0.0010510063,-0.0009972584,0.003979236,-0.0028521093,0.0016053873,0.00160519,0.0023081505,9.037824e-05,6.606461e-05,0.001369881,-0.00047549928,0.00060396537,-0.0003385884,0.0028998726,0.0013545312,0.0016276521,0.0007994353,-0.0008126213,-0.00017118602,0.000585998,0.000949707,-0.0007280114,0.000471639,-0.0006652393,-0.0006946931,0.0022336137,-9.699623e-05,-0.0014569125,0.001497951,0.0032640083,-0.00071000954,-0.00015403883,-0.0016730991,-2.9132945e-05,0.00018609477,0.0030092024,0.00066601485,-0.0002000644,-0.0017321943,-0.0005255142,0.00080136815,-0.00018539236,0.0005614612,3.4998124e-05,0.00038053302,0.33478865,-0.0011898378,0.00036623594,0.001551379,-0.002582342,-8.331056e-05,0.00016396191,0.0007911216,0.0012722429,-0.00189284,-0.00037046915,0.00059716054,-0.0002462753,0.00012528895,0.001124029,-0.0011190117,-0.0020977224,-0.0008747232,5.0420367e-05,-0.0015097259,-0.00076805335,-0.0010470117,0.0015289385,-0.00032156496,0.0013696463,-6.879491e-05,0.0003514302,-0.001729744,-0.00024952483,-0.00015882192,-0.0003204535,-0.00030306517,-0.00018923297,0.0003260608,0.000110249006,0.0008839645,-0.0008656846,-0.0009007413,-0.00062514306,7.150947e-05,-0.0003092208,0.00063509337,-0.0009031124,-1.10076835e-05,-0.0004192402,-0.0010905585,0.0004631104,-0.00016754742,0.00021734745,0.0006458598,-0.000958955,-0.0025362803,0.0021849456,0.0011826903,-0.0014370141,0.006561563,-0.0013570974,-0.0005504266,0.0016543635
-0.0011184484,-0.00050209445,0.00031108168,-0.0017214539,0.0020885707,4.9278606e-05,-0.00081329554,0.00024286624,-0.0017588917,-0.00034816994,-0.0003095003,7.152738e-05,-0.00015038015,-0.0007220656,0.00012673729,-0.00018086881,-0.0007027931,-0.0007665123,-0.0008322645,-0.00043035563,-0.00079239224,-0.00068870804,-1.0002594e-05,-0.0016975466,0.00033058933,0.0002957379,0.0015344511,-0.00030161778,0.0013528973,-0.0023521374,0.0009167726,-0.0003142574,-0.00021013516,0.00045909104,0.0010660125,0.00014599711,0.00057785335,0.00033400333,-0.00022295343,0.0005087163,0.0002913617,0.00018100519,-0.00023754765,-0.00040191968,0.00010499808,-0.00080212014,0.0021845924,0.00072093325,0.0013340972,0.00018821507,-0.00039625855,8.621115e-05,-0.0013725961,0.0008805868,0.0010016504,0.0011770922,-0.00013345978,-0.00017419652,0.0001485017,0.000703284,0.0004882948,0.00023441276,0.00017054379,-2.885453e-05,0.00036075656,0.0006064218,-0.00028880071,0.00043637198,-0.00018542088,-0.0012193562,-0.00028558075,8.642074e-05,0.00065345,0.00021101961,0.00082664663,-0.0003136414,-0.0008267533,-6.16529e-06,0.00031731962,-0.00055617077,0.0002110881,-0.001283875,-0.00072381174,0.0010248804,-0.0001681555,-0.0030124935,-0.00046385333,-0.0007888238,0.00028329977,-0.0003555318,-0.0008589535,-0.00024143312,0.000706457,0.0004148732,-0.00025599767,0.0004521266,-0.0005496319,0.0013067434,6.192914e-05,-0.001466962,0.0005739371,0.0006701926,0.00015986935,-0.001191303,-0.0011835505,-0.00051955844,0.0025221503,0.00046287486,-0.000207138,0.0008466345,-0.00027114488,0.00015724401,0.0004700873,-1.2013235e-05,4.9299993e-05,9.9820274e-05,0.0015508758,-0.0002708464,-0.0003429531,-0.00066766614,0.00066375517,0.0001931074,0.00034675104,-1.5296711e-05,-0.0005725719,0.00038019987,-0.0005776656,-0.0018594328,0.00015120314,-6.920158e-05,-0.00017374639,-0.0008136869,-0.00015393383,-0.00064367655,0.00059127534,-0.00012712466,-0.00073401,0.0013869567,0.0027344273,-0.00021692744,-0.00084536185,-0.0006321911,-9.931777e-05,0.00073850196,0.00058616564,0.0010605765,-0.0011398606,8.4046595e-05,3.653883e-05,-0.0003636774,-0.0016548724,6.937088e-05,-4.17848e-05,0.0011957065,0.00046772842,-0.00045564704,0.002073667,-0.0027689552,0.0012359346,-0.000700991,-1.0950131e-05,0.00028445997,0.000118538286,0.0007405959,0.00014838256,-0.0004109003,-8.2887505e-05,0.00050002296,6.793287e-05,5.8223548e-05,0.0028727278,0.0006039892,0.00019917356,-0.0006626751,0.00030905858,-0.0010107681,0.0009397612,0.00016712946,-0.00017173217,-0.00052483083,-9.9558914e-05,-0.0002876791,-0.00014582158,-0.001053553,-0.00061081303,-0.0012360512,0.00026386647,0.00056770747,0.00023926182,1.1594803e-05,0.00045894846,-0.0007253942,-0.0003186702,0.0007673088,0.00032991936,0.00031473208,0.0009752088,-0.00065722555,-5.2035233e-05,-0.0012166614,0.0012520356,3.5792582e-05,0.0010550207,-5.820313e-05,3.943745e-05,-0.00034740233,-9.866335e-05,0.00059721206,-0.00036953317,0.00195417,0.0020554464,0.00042939643,0.0006227053,-0.0002612369,0.0006154016,0.0011746312,0.00047983267,-0.00022750099,-9.6267555e-05,0.00043887523,-0.0004962005,0.0021960444,-3.630745e-05,-0.0013839653,0.00015682698,0.0016445683,2.9555249e-05,-0.00018428538,-0.0008195023,5.0969713e-05,-0.0016477645,0.0017552883,2.3344928e-05,-5.644195e-05,-0.00014280097,-0.00038988428,0.00095612876,-0.0019678762,0.00041455857,0.0009911207,0.00015761013,-0.0019291122,0.33886546,5.0083578e-05,0.0004185969,-0.002093188,0.00018428764,0.00022011383,0.00040837555,0.0007196659,-0.0020770335,-0.00039617685,0.00038696933,0.00027847945,-0.0006531895,-0.00054171256,-0.0002924233,-5.1557567e-05,-0.0010577714,1.7687998e-05,-1.2327553e-05,0.0017382386,-0.00012962974,0.00048883085,-0.0010852414,0.00034865097,0.0012999537,2.3900651e-05,-0.0011008071,-0.00020304412,-0.00091733836,-0.00021921672,-0.0011883128,2.2847655e-05,0.00023066897,-7.6066994e-05,0.0003007287,0.0004831527,-0.00013165001,-0.0011714143,-0.0005566198,-0.0006768128,-0.00021957594,-0.0005879253,-0.00020772146,-0.00042733733,-0.0020514375,0.00056656706,0.0016069838,0.000106518215,0.0004030215,-0.00041819067,-0.0010779095,0.0011130895,0.00193447,-0.0004875419,0.0052218884,-0.00045480856,-0.00047694542,-9.6461576e-05
-0.000106807056,0.0013489812,6.992464e-05,0.0014121969,-0.0004909913,-0.00025514982,-0.00095598405,-8.204652e-06,-0.0005224854,2.1528891e-05,-3.2836462e-05,0.0001739178,0.00010369677,-0.00022918463,-0.00026368944,0.00015145776,-0.00064793485,1.5342612e-05,0.00037262143,-0.00017868557,-0.0002548722,-0.00011172486,0.00014564904,-0.00054484035,0.00015289051,7.222264e-05,0.0002905879,-3.744376e-05,0.00072862825,-0.0011720422,-0.0010449045,-5.7866095e-05,0.0009701133,-0.00040016184,0.00085096573,-0.0005579788,-0.0008538111,0.00023379696,0.00032739693,0.0005749781,-9.042568e-05,-0.00023556172,0.00024188189,-0.00032116912,-0.00010787046,-0.00022937723,0.00061967137,0.0007260139,0.00031218905,0.00034877742,-0.00025114862,6.1450424e-05,0.00022178514,0.000108503875,0.00034994495,0.00020987006,-0.0002523805,-0.00020172066,-6.436173e-06,0.000112112255,0.0001165978,-0.00012005577,0.00022220603,0.0011568051,-0.00012730018,0.00030634165,0.00029760116,9.001589e-05,-1.6238984e-05,0.00065403915,-0.00032197914,0.00049069786,-0.00089345523,0.00026949652,0.000244353,0.00054680154,-0.00068932865,-4.5163528e-05,0.0005870636,-0.0004070229,0.00011789627,0.00032896182,0.0006023215,0.00032412485,0.00031599065,0.00014253757,0.0006725653,0.0007891563,0.00012568243,-0.00016824577,7.870516e-06,-3.4021345e-05,0.00030059414,-0.00023281979,7.902219e-05,6.519131e-05,-0.00046071882,-0.00020841786,0.00047124003,-0.0019351998,0.0007496844,-0.00034838385,8.804203e-05,0.0003972745,-0.0014066253,0.00043688112,0.00089550455,5.977009e-05,0.00030380755,0.0005923901,-6.100608e-05,3.997776e-05,-0.00012075828,8.0793936e-05,0.00011256993,0.00016014982,0.0003665793,-0.00014693991,-5.7897683e-05,8.2669045e-05,-0.00069431076,0.0003696546,0.00016366199,1.1150833e-05,-0.00018992435,0.00060804276,2.9584806e-05,-0.00050786865,0.00023289451,-7.2738003e-06,-0.00013589789,7.3616015e-05,-6.940769e-05,-0.00038462857,4.665187e-05,0.00019185615,-0.00023914201,0.0006757442,0.00030201,0.0002697712,0.00019202802,-0.00034408155,-0.0008637609,0.0010077822,0.00013232314,0.00094589917,0.00014073777,-2.6218668e-05,0.0002675567,-9.419537e-05,-0.0008042756,-0.00017421019,-0.00018401274,0.00027577716,0.0018846523,-0.0003901551,-0.00013690052,-0.0013834668,0.00056918664,-0.0004428029,-0.00052726496,0.00014170645,-0.0005485196,-0.0018522273,0.00015051625,0.00071068184,-0.00058564084,0.00053959707,0.00013535163,-0.0017083271,0.00052336237,7.2200055e-05,0.00028258603,-6.1607396e-05,0.00023920386,0.00045162294,-0.0004912433,-0.00057308417,-0.00017945118,0.000117419,-0.0006411366,0.00013150528,-8.310622e-05,5.3413918e-05,0.00033484295,4.2299896e-05,0.00032150475,0.00013988638,0.00035919706,-2.0252848e-05,0.0010211987,0.0005262071,-0.00023011274,0.00046097953,0.00016182281,0.00017926269,0.00047804546,-0.00011401383,-0.0012404474,-0.00058901974,0.00021877642,-7.206847e-05,6.808613e-05,0.0006229025,5.1167997e-05,-6.191498e-05,0.0002941058,0.0003081429,0.00031048732,0.0014473893,0.00013326912,0.00067985617,0.00019793182,0.0013737984,0.00019244505,0.00068466674,-1.2054897e-05,0.0003107174,-0.00035421303,-0.00077861955,-7.587474e-05,0.0007032269,-2.979108e-05,-0.00038133407,-0.00068767316,-0.0005373515,0.00016733888,-9.380086e-05,0.00023294568,7.679891e-05,-0.0011697779,0.00042043746,-6.939581e-05,-0.00023766501,0.00059848925,-2.269808e-05,-0.0002649427,2.6478165e-05,6.528956e-05,0.0010040334,0.000115433504,0.00015164887,-0.00021409431,0.3417008,-0.00048774373,-0.0003581176,0.00014024024,0.00019039036,-0.0005181413,-3.9207687e-05,-0.0008465133,0.00010745359,3.3582444e-05,0.00048353043,-0.00053159386,-9.950488e-05,0.00042674548,0.00037632472,4.7013327e-05,-3.20997e-05,0.00035058593,0.00049138715,0.00040949226,0.0006133597,-0.000713937,-0.00071904995,0.00027225114,-0.00015926325,-0.00014243858,-0.00027033006,-4.607111e-06,0.00010954261,-0.0006829974,-5.7378334e-06,-1.1408102e-05,-0.00023932634,-0.00026343856,0.0004781193,0.00012052728,-0.0014874447,-0.00030793264,-0.0002858115,-0.0006376432,0.000320247,-0.0002750166,-0.00013407497,0.0010399405,-0.00057016854,0.0011695254,-4.0581326e-05,4.5808174e-06,0.00012999817,9.754032e-05,-0.00034989757,-0.000328296,0.00036399282,0.0005454769,0.0005433024,-0.00024625132,0.00064445415
0.0011784937,0.0019245755,0.0008815629,0.005878634,-0.0051692575,0.0022380191,-0.00062675815,-0.0009175647,0.0016696067,0.0006900592,0.00037308785,-4.020302e-05,0.00040403815,4.4314213e-05,-0.002744358,0.0008116867,0.00013143472,0.00023096646,0.0015774834,-0.00020346476,-3.881652e-05,0.0007316585,0.00040820532,0.0017901905,0.0004370508,-0.00031527472,0.0031270653,0.0002930514,-0.0018034778,-0.0010967348,-0.0022469698,0.00012569397,0.0023393487,-0.0013716475,0.0002837753,-0.0008492923,-0.0032088016,0.00033423668,0.0012845629,0.000737749,-0.00042252927,0.0006294202,0.0005661414,-0.0009181284,-0.00011062276,0.004247574,0.00019478111,0.0016914358,-0.0021603054,0.00043389286,0.0005015468,-0.00013179882,0.0031826608,-0.00015840029,-0.00013152072,0.0013889504,6.179429e-05,-0.00029716772,-0.0003192183,-0.00051105884,3.348157e-05,-0.0012293757,0.00025691488,0.0015205898,-0.0042802626,-0.00032069272,0.00095013506,-0.00052100356,0.0003501202,0.0016076071,-0.0002431941,0.0017150478,-0.0009003894,0.0005568434,-0.00021798318,0.0012748697,-0.0005008812,-0.00011615483,-0.00080491503,-0.00033499626,0.00031201614,0.0021834206,0.003707193,-0.00055885373,0.0011982749,-0.00080476655,0.0019845604,0.0020869714,3.7401012e-05,4.530271e-05,0.0010288927,0.0001640285,-7.7404475e-05,-0.0018658638,0.00044798403,-0.000561549,-0.00029651876,-0.0027553183,0.001626301,-0.0033139507,0.0014304079,-0.0033519324,0.0007200381,0.0011648616,-0.003992663,0.0030822484,0.0022485894,-7.9760626e-05,-0.001255243,0.0010213497,0.00018003704,-8.880817e-05,-0.000820322,0.00021974636,0.00017176958,0.00025536824,-0.0006043893,-0.00010852468,0.00034221594,0.0009967267,-0.0029918703,0.0006601861,-0.0002227325,-0.0004981226,0.00074545835,0.00054626743,0.00082331814,-0.0012337916,0.00024324699,0.00011122639,-0.00027021268,0.0010583017,-0.00031719045,-0.00013241485,-0.000614207,0.00060598867,0.0005801006,-0.00055531645,-0.0037824549,0.00089682936,0.0012753963,-0.000478451,-0.0008562055,0.00494038,5.1313757e-05,0.0011581833,5.7263806e-05,-7.650211e-06,0.0009817391,0.00027880474,-0.0016710791,-0.00019393647,-0.0007283648,0.000450934,0.0034249465,-3.3189004e-05,-0.0001697321,-0.0018149886,0.0006990356,-0.00079154776,0.00037252778,0.00028769104,-0.002223276,-0.0012199775,-0.00017253723,0.002150945,-0.0017105461,0.0015986369,0.00021037638,-0.004087441,0.00049762754,-0.00075875915,0.00033191039,-8.8312125e-05,0.00041307972,0.00247075,-0.0028342395,-0.0010737977,1.8191913e-06,0.0010459712,-0.0019074443,0.0009458917,-5.386264e-05,0.002463186,0.0014182652,0.0010746055,0.0002698886,-0.00070554,0.00067775097,-1.203875e-06,0.0012558481,0.002362021,-0.00049489574,0.00046890642,-4.2888772e-05,4.3574913e-05,-0.00010324764,0.00049057597,-0.0042065503,0.0018785892,-0.000979132,-0.0015748658,-0.000619423,0.00079698465,-2.166182e-05,-0.000840982,0.0008315278,-5.7711666e-05,0.00043188775,0.0014893517,-0.00030139418,-0.0010495732,-0.0002705611,0.004579139,0.0007666518,0.00057262357,-0.000442362,0.00076274306,-0.0010312956,0.0010790186,0.0002879606,-0.0006792444,6.391017e-05,-0.00034596375,-0.0018054522,-0.0032673578,0.0005450503,4.083012e-05,0.0016931033,1.8643994e-05,-0.0017296309,-0.0025760892,-0.00043946275,6.209642e-05,0.0020338378,0.00010211814,-0.0005648427,0.000419127,-0.00012863686,0.00226467,-0.00010076583,0.0033361842,0.00023824314,-0.000458781,0.3368341,0.001303198,0.0002322057,0.00012956299,-0.0017350516,-0.00022592342,0.0012249749,0.00018858003,-0.0004914939,0.0009840499,-0.00079893734,-0.0017005306,0.0012804717,0.0024909065,0.0006303456,-0.00017264456,0.0005118733,0.0016369108,0.0008658194,0.0011840665,-0.0015192995,-0.00238849,0.00026104972,-0.00035987832,0.00066504505,-0.00024215365,0.00061392994,0.0003516879,-0.001047749,0.00025846425,-0.00014536397,-0.0003922799,-0.0013406003,0.000634329,0.0008091837,-0.0027484412,-0.00065903325,0.000120626246,-0.0013378756,0.0008435471,-0.00042251573,9.194231e-06,0.0004361031,-0.001326282,0.001500392,-0.0010993575,-0.00045412735,0.0009482337,0.0024018113,-0.0018814115,-0.0015867904,0.0015460346,-0.0052029435,0.0019448699,-3.116018e-05,-0.00068910775
-0.0014069148,0.00082424044,0.0005288483,6.86008e-05,0.0029509878,-0.00091408164,-0.0019939442,0.00047656786,-0.0023257835,-0.00033179886,-0.0003821975,3.277389e-05,-0.00010947277,-0.0008595792,0.0005247239,-0.00016018933,-0.0013716485,-0.00079804944,-0.0009921669,-0.0005841151,-0.0009109908,-0.0008560585,8.453211e-05,-0.002560308,0.0005422614,0.000109374756,0.00085782725,-0.0002810973,0.0021214632,-0.0029067793,3.896907e-05,-0.00038163597,-0.00036973582,0.0006508149,0.0013808161,6.9285765e-05,0.00049920747,0.0004935398,-0.0001498775,0.00062211475,0.00020942983,-0.00047987135,4.990211e-05,-0.0006640012,9.394785e-05,-0.0021528334,0.0023587353,0.00087006687,0.0019319456,0.0003523086,-0.0006025099,0.00021918146,-0.0016217146,0.000899749,0.0009943501,-0.00019521615,-0.00041947173,-0.0001952274,0.00031759968,0.0009393398,0.0005635597,0.00035652032,6.243972e-05,0.000363298,0.0024392577,0.0007489502,-0.00021067548,0.00063016487,-0.0003468353,-0.0009625239,-0.00052605156,0.00012156707,-8.326507e-05,0.0002821975,0.0009766435,0.00057455315,-0.0010102598,-1.6661617e-05,0.0014574619,-0.00070045,0.00014880675,-0.0013847145,-0.0015507365,0.0013700547,-0.00016368456,-0.0029698685,-8.812318e-05,-0.00028453444,0.00019676777,-0.0005166978,-0.00088953343,-0.00036907932,0.00089961494,0.0009475722,-0.00034454564,0.0005871339,-0.00063038775,0.0016932131,-6.739269e-05,-0.0010163018,0.0007914817,0.0007753674,0.00017307265,-0.0008809475,-0.0010541792,-0.00042023062,0.002621137,0.00061506766,0.0003720592,0.0009985798,-0.00032973452,0.00030927334,0.0005184645,-1.206223e-05,1.0462498e-05,0.00012396973,0.0016165596,-0.00035512325,-0.00044144504,-0.0007400691,0.00055214245,0.0003213824,0.00043973047,0.0002643478,-0.00076918385,0.00079322216,-0.00065657607,-0.0021721814,0.0002885254,-7.209e-05,-0.00018106916,-0.0008039921,-0.00014627974,-0.00063244737,0.00065065327,-3.4776585e-05,-0.0010282678,0.0013941411,0.0028933275,-0.00012495201,-0.0005744144,-0.0007854805,-0.0011309121,0.0025531999,0.00062845123,0.001623868,-0.00079855055,0.00015213747,4.1830874e-05,-0.00045485023,-0.002038081,0.00020423364,-0.0001734542,0.00093835033,0.0007390435,-0.00079168734,0.001816382,-0.003566318,0.0015202729,-0.0005936617,-0.00019519769,0.00030190483,-0.00029459965,-0.00048684597,0.0004368983,-0.000170815,1.0137997e-05,0.0004280141,0.00046317666,-0.000121589575,0.0033607008,0.00083400204,0.00028154624,-0.0007031595,0.0003472497,-0.0009816276,0.0008767358,-0.0003297106,-0.00044608506,-0.00038803983,-0.0002902045,-0.0004663181,-0.00016488752,-0.0015108472,-0.00063243066,-0.0016593958,0.00032331585,0.00083285227,0.00023586661,2.7348107e-05,0.0012667463,-0.0008391545,-0.00038553713,0.00092665403,0.0002978534,0.00024377034,0.0013553863,-0.00085005147,0.0002926735,-0.0022620119,0.0014137967,0.0004738444,0.0016520038,0.000439275,3.8291487e-06,0.00017531625,1.7199745e-05,0.0008706947,-7.484524e-05,0.0036338016,0.002002917,0.0012772788,0.00081632246,0.00076958945,0.0002176258,0.0013744428,0.0006182671,-0.00014412477,-0.00022797586,-0.00045569357,-0.000558053,0.0028650055,-7.833672e-05,-0.0016433886,6.9348906e-05,0.0016931075,-5.2815183e-05,-0.00016592408,-0.00088767015,8.2794824e-05,-0.0019484547,0.002338829,0.00020791129,-0.0002909955,-0.00017622298,-0.00045460212,0.0007003129,-0.0011006761,0.00042405954,0.0018623809,0.00027692868,-0.0024854115,-0.0015792918,1.3370503e-05,0.00023127705,0.33816996,0.00020362639,0.00029777974,6.643186e-05,0.0009609031,-0.002352115,-0.00034392186,0.00038718208,0.00044131762,-0.00077426527,-4.7890382e-05,-0.00020953949,-0.00014982157,-0.0009252947,-2.2006632e-05,-0.00029769502,0.0012637863,-0.00010289692,0.0014261815,-0.001440474,4.3443135e-05,0.0010442412,5.0378963e-05,-0.001414811,-0.00038498067,-0.00061214884,-0.00017832755,-0.0015695272,-1.790299e-05,0.000231491,-0.0001694145,0.00022070443,0.00034855615,-0.00030603047,-0.0025659217,-0.0005546,-0.00072375475,-0.00042683896,-0.00031214376,-0.00036822504,-0.00050211075,-0.00033412589,-0.00014215404,0.002159431,7.524215e-05,0.0004828362,-0.00041157598,-0.0013796134,0.0011499724,0.0012189876,-0.0004965812,0.0062978454,-0.00021572165,-0.0006428807,0.001202483
0.00089812186,-0.00020656383,-0.0004364691,0.0010585806,-0.002033331,7.969399e-05,0.0012042659,-0.00016990332,0.0017343917,0.00019103901,0.00021298244,-7.7127486e-05,6.7791625e-05,0.00068677793,-4.028782e-05,9.715904e-05,0.00071682356,0.0006512892,0.0006485058,0.00049057964,0.0007922158,0.00073188846,-4.5922163e-05,0.0015891413,-0.00040615414,-0.00024141163,-0.0016122059,0.00031402014,-0.00146717,0.0024702048,-0.00047468257,0.0003314729,-0.00017284986,-0.0002931103,-0.0012097977,7.419634e-05,-0.00014670882,-0.00038992616,7.040425e-05,-0.00056190556,-0.00018601335,-0.00017774099,0.0001370808,0.00059520255,-7.983792e-05,0.000904389,-0.0020809572,-0.00085511786,-0.0012619006,-0.00013011714,0.0004129065,-2.6907355e-05,0.0010016412,-0.0007200099,-0.0009866275,-0.0011077339,0.0002792733,0.00022252375,-0.00017641169,-0.0005941299,-0.000514598,-0.00012633495,-8.538593e-05,-0.00022980699,-0.00040372266,-0.00055210677,6.735677e-05,-0.0003733905,0.00014184587,0.00095609494,0.0003956512,-0.00023553352,-0.00014648413,-0.00027326713,-0.0007862196,8.071474e-05,0.00091831904,2.877286e-05,-0.00047749653,0.00056614465,-0.00026570985,0.00097017444,0.00012704599,-0.000937473,-8.7683475e-07,0.0025222332,0.00018267414,0.00045101866,-0.0002852384,0.00034407698,0.00070261,0.00022042148,-0.00063562026,-0.0003556015,9.467302e-05,-0.00040846935,0.00068987475,-0.0012236616,-0.00023053082,0.0018455519,-0.0007468135,-0.00039674036,-0.00020446391,0.0009618076,0.0015133055,0.00022448711,-0.0024891824,-0.00033871134,0.0002969974,-0.00096113834,0.0002539746,-0.0002809908,-0.0004508411,-2.4731009e-05,-9.858964e-05,-3.455437e-05,-0.0014710757,0.00025905017,0.00034272915,0.00046755018,-0.00030400002,-0.00029896377,-0.00033172756,3.9318264e-05,0.00058481045,-0.0004303371,0.0004901429,0.0016628032,-0.00019163865,0.00015119233,0.00018630295,0.00063427526,0.00014714297,0.00067946385,-0.00051685306,2.898822e-05,0.0006439849,-0.0014400316,-0.002402194,-3.8650596e-05,0.00062011904,0.0006146934,0.0002941994,0.0012974401,-0.0004315209,-0.0012490203,0.00073738326,-6.6581386e-05,-0.00018725096,0.00032183403,0.0017430185,-4.5149973e-06,0.000107303815,-0.0011748545,-0.0008997758,0.00050163793,-0.0017345756,0.0031062225,-0.0012372846,0.0008016978,0.00018192126,-0.0003143029,9.0637346e-05,-0.0001056587,-0.0002544484,4.390366e-05,0.00028930488,-0.0006403681,-5.5650817e-05,0.00037441234,-0.002800274,-0.00051407784,-0.00023470029,0.0005376354,-0.0003568789,0.0007607329,-0.00071547605,-6.445826e-05,0.00022754607,0.00042267845,0.00031871392,0.00017156555,0.000113987415,0.00087978086,0.00037964084,0.00097088685,-0.00024062129,-0.00062419055,-0.00041245462,4.1263855e-05,-0.00067839224,0.0004685076,0.00042695148,-0.00073018426,-0.00026362494,-0.00019115632,-0.001025078,0.00061775144,0.0002852187,0.0011924288,-0.0011138784,6.793066e-05,-0.00092039834,-7.563794e-05,-9.678431e-05,0.0003470622,-3.907773e-05,-0.0006393314,0.00017827276,-0.001703797,-0.0018904837,-0.00055628724,-0.0006233983,-0.0001028703,-0.0010268773,-0.0012119616,-0.0004309666,-6.0537877e-05,0.00015763998,3.5722565e-05,0.00040414013,-0.002331411,1.2443819e-05,0.0012641286,7.389508e-05,-0.0012410769,-0.00014385438,0.00011454247,0.0006084906,2.9777507e-06,0.0017661978,-0.0016745281,8.113311e-07,8.117109e-05,-0.0001236382,0.0003723469,-0.00076888566,0.001667565,-0.00046959086,-0.001304246,-4.6188714e-05,0.001482587,0.001496409,-5.3823533e-05,-0.00031819264,0.0019277557,0.34075034,-0.00022578334,-0.00019129062,-0.0006114403,0.0019911893,0.00027425005,-0.0002878054,-0.00039362087,0.0007073048,0.00044206684,0.00010667011,1.0783067e-05,0.00090972206,-1.7401062e-05,-3.4368604e-05,-0.0017358961,-5.899845e-05,-0.00064422016,0.0011794727,-5.8617665e-05,-0.0012340958,4.1058873e-05,0.0010042358,0.00026113074,0.00085044873,0.00018875691,0.0013509453,-3.841665e-05,-0.00021104807,0.00013061194,-0.000166439,-0.00062465604,1.8273637e-05,0.0016861809,0.00056000124,0.000688793,0.00042096377,0.0004637504,0.0003093236,0.000390123,0.0013830325,-0.00030142601,-0.0017910592,-5.5930617e-05,-0.00028297308,0.00026265116,0.00088665367,-0.0007893388,-0.0016785961,0.00028290538,-0.0047083045,0.00014484262,0.00048405468,-0.00021683468
-8.660879e-05,-0.0014160494,-0.000544299,-0.002630024,0.0017452134,-0.00057608006,0.0010892169,0.0002458092,0.0003159702,-0.00022708529,-5.0661354e-05,-4.3072625e-05,-0.00011072105,0.00029317735,0.0011374248,-0.00032629646,0.0005348375,0.00010011196,-0.0006175363,0.00037278727,0.0003823022,4.7167618e-05,-0.0002772328,0.00041887866,-0.00040212634,5.672734e-05,-0.001838868,2.152209e-05,-0.00020531949,0.0019016763,0.0012366853,4.0628736e-05,-0.0012842236,0.00062208803,-0.0009635223,0.0006749207,0.001477953,-0.00039893438,-0.00068279804,-0.0007204286,0.00018923762,-6.677495e-05,-0.00035126167,0.00061398745,2.2063066e-05,-0.0012116244,-0.0010634755,-0.0013133247,0.00033012824,-0.0003615,9.1580085e-05,-7.3760616e-06,-0.0010045166,-0.00024146118,-0.0003752538,-0.0008370709,0.00014005456,0.00019465275,6.1706305e-05,-3.5343888e-05,-0.00014525994,0.00044561288,-0.00027624902,-0.0012230985,0.0010604344,-0.00025645006,-0.0004928086,5.035328e-05,-4.638509e-05,-0.00069576985,0.00037695077,-0.0009592935,0.0006884486,-0.00038581432,-0.00029657662,-0.00073992193,0.00082867383,2.2018594e-05,-0.00012648125,0.0005057562,-0.00024007534,-0.0007581199,-0.0012419634,-0.00031316179,-0.0005110216,0.0012156413,-0.0010518999,-0.0010737482,-7.886608e-05,0.00018202615,-0.00021785275,5.7965688e-05,-0.000321346,0.0007801954,-0.00011641611,6.494807e-05,0.0004337842,0.00078634365,-0.00090420654,0.0025775763,-0.0011110252,0.0013114453,-0.00037176124,-0.00042409645,0.0026648017,-0.001299985,-0.002073538,-0.00014138375,0.00013062808,-0.00094946794,-2.0432904e-06,-1.5624588e-05,0.0002986243,-0.00015247903,-7.9042395e-05,-7.832614e-05,-0.00038027045,0.00019714974,-4.427561e-05,-0.00025905995,0.001389933,-0.00050493027,-0.00023699772,0.00016281566,1.146915e-05,-0.00065871124,-0.00014139662,0.0012577069,-0.00026344694,-8.0843274e-05,0.00021761928,-0.0002761626,0.00019137053,0.00047741542,7.616402e-05,-0.00027473146,8.8500914e-05,-0.0006076629,0.0006105832,-0.00033433974,-0.00053088926,0.0005308881,0.0010196681,-0.0031711094,-0.0002488503,-0.0013397739,0.00025226097,-8.012893e-05,-0.00059223693,1.7044773e-05,0.001577423,0.00020440716,0.0003529129,-0.00061151077,-0.0027883435,0.00044590747,-0.00055877183,0.002315788,-0.0009398117,0.0008168711,0.00019668127,-0.0002482121,0.0012094573,0.0011311776,-6.5221364e-05,-0.0010979295,0.0010032775,-0.0010369393,-0.00030514935,0.0023227795,-0.0016413585,0.00014201815,-0.0003304301,0.0002676852,-0.00035349134,-0.0009386194,0.001109676,0.0008116409,0.00017833953,-0.0003294383,0.0011663039,-0.00034566785,7.78193e-05,-0.000584058,-0.00058513053,-8.01254e-05,-0.00028791762,6.9536385e-05,-0.00043108498,6.904114e-05,-0.0012513237,-0.0010026742,0.0004177752,-0.0005320676,-7.228986e-05,-5.6453107e-05,-0.0004782063,4.3620625e-05,0.0024980863,4.4595836e-05,-7.626116e-05,0.00061204867,-0.00016391846,-0.00072313595,-9.108106e-05,0.00044155068,-0.00044906317,-0.00042720037,-0.00032584762,-0.001982668,-0.0005290192,-0.00017600287,-0.00014683632,-0.0024672935,-0.00036076742,-0.00083884737,1.8639248e-06,-0.0004434052,0.0006616548,-0.0001538784,4.200589e-05,-0.00085664773,-2.6317975e-05,0.00070513744,0.0010363824,0.0010607034,-0.00029668622,3.5688365e-05,-0.0005676697,-2.2853677e-05,0.0019896696,0.00033005947,0.00024855003,9.2236965e-05,-0.0011115378,0.000111873735,9.0123445e-05,0.00019645217,-9.85773e-05,-0.0019251498,-0.00014489907,-0.00082199636,0.00041783316,0.00038413255,0.0013975385,0.00041142126,-0.0001812087,0.34087002,0.00088735495,-7.15746e-05,0.00057877233,5.3932717e-06,0.00014252098,-0.00068064244,0.0007669616,0.00076951645,-0.00069189485,-0.0012841894,2.6647609e-05,0.00013936059,-0.00039632426,-0.001427834,-0.000555006,-0.0009327377,0.0013013947,0.0013164665,-0.00063342735,0.00023357685,0.00012184389,0.0002477622,7.914114e-06,-0.0001835805,0.0011241452,-0.00014293204,-2.2115819e-05,0.00026951925,0.0005527799,-0.0006506965,-0.00029533703,0.0024225998,0.00052120804,0.00033759067,0.0009802347,-0.00048229232,0.00036805987,0.00014992169,-0.00048434967,0.0008195507,-0.001761032,0.00037493865,9.519911e-05,-0.00034068536,-0.00068624405,0.00060549536,0.00030441603,-0.0006518065,-0.00023215258,-0.0010590107,0.00024987108,-0.00018743644
7.6522425e-05,0.0012515846,0.00023957939,0.0027426812,-0.0011876341,6.2749496e-07,-0.0008600042,-5.4167846e-05,9.535819e-06,8.263737e-05,2.8094793e-05,2.1907688e-05,0.0001727295,-9.9438344e-05,-0.00040300016,0.00022131232,-0.00044512982,8.7395725e-05,0.0003496299,-0.000155125,-0.00013962715,0.00017243662,8.02141e-05,-0.00011179475,8.598484e-05,-9.623653e-05,0.0003642897,3.4109646e-05,-7.3116615e-05,-0.00060292013,-0.0011620112,3.4206925e-05,0.0005729173,-0.00027493323,0.0002949419,-0.00033571437,-0.0008098813,0.00022591739,0.00034699435,0.0003745014,-0.00010314649,-0.00029349755,0.00037890667,-0.00055139716,-5.6382458e-05,0.00036002087,0.00019319815,0.0005357907,4.522275e-05,0.00026698003,-5.8772108e-05,3.8828275e-05,0.00068457384,-7.952478e-06,2.0486352e-05,-0.00041317055,-6.737086e-05,-8.063183e-05,-5.3994157e-05,6.344046e-05,0.00013426221,-0.00019782146,8.614238e-05,0.0007512004,6.0568433e-05,-4.3582928e-05,0.00024882364,3.3085405e-05,-2.0674786e-05,0.0006181211,-0.00017897513,0.0004701971,-0.0007263196,0.0001496289,0.000104173305,0.0008806255,-0.00029276262,9.73164e-06,0.00048489185,-0.00017257231,8.968675e-05,0.00043230096,0.00033533358,0.00014956163,0.00029840975,-0.0001852169,0.00070511125,0.00089045224,-7.627811e-05,-9.97232e-05,0.00017627119,-1.02053145e-05,0.00014273182,-2.797389e-05,2.602298e-05,-3.044782e-05,-0.0001595909,-0.00058684807,0.00035161767,-0.0009047261,0.0005243826,-0.00076459383,0.00020830512,0.00047620316,-0.0011093507,0.0008194329,0.00071265484,8.750682e-05,4.1888445e-05,0.00035522916,-1.6533859e-05,-3.6191945e-05,-0.00021585925,4.505784e-05,3.5809266e-05,2.0731253e-05,-8.575888e-05,-8.600324e-05,2.8626371e-05,0.00015690234,-0.0007801955,0.00024946994,6.217292e-05,7.502037e-05,7.117388e-05,0.00045519217,0.00012912088,-0.00049269595,0.00014719744,3.8941354e-05,-1.4950992e-05,0.00025213952,-8.69315e-05,-4.7128135e-05,-0.000120172175,0.00019889472,-8.908204e-05,-5.3358264e-05,-0.00091195357,0.0002649674,0.00050391565,-0.00015235684,-0.00089248316,0.0020982607,9.605913e-05,0.00071460806,0.00027359687,3.5772067e-05,0.00025288464,-1.4179974e-05,-0.00063821644,3.5166762e-05,-0.00023354437,-5.530545e-05,0.001026073,-0.00029100082,-0.00025331404,-0.0008384678,0.0003371058,-0.00012098288,-5.383097e-05,7.802051e-05,-0.00075929053,-0.0011382313,7.991097e-05,0.00057096395,-0.00037702476,0.00038863736,0.00033467915,-0.0010960118,0.00042568776,-8.843876e-05,0.00017277578,-0.000111979236,0.00010744812,0.0006044684,-0.000734656,-0.0006428182,-0.00020597113,0.00036228518,-0.0005960772,8.50232e-05,-7.3327824e-06,0.00032256346,0.00032900352,-1.7323837e-06,0.00015623558,-1.4008529e-05,0.0002269385,-6.564464e-05,0.0007934342,0.00055845495,-0.00015699348,0.00023314655,2.9766241e-05,3.8667993e-05,0.00021606604,-3.109852e-05,-0.0009975875,-0.00011167885,-8.831239e-05,-0.000108832784,0.00015499927,0.0006082729,4.27034e-05,0.00012193653,0.0002514742,0.00012442027,0.000354578,0.0014180681,-0.00020844936,0.00033564496,4.931506e-05,0.0019607493,-9.154451e-06,0.00028548317,-5.0058436e-05,0.00028662244,-0.00030714215,-0.00022911576,1.036978e-05,0.00013945693,-4.712506e-05,-0.00028205573,-0.00052080135,-0.0009450054,2.917047e-05,-2.4360743e-05,0.00038042525,1.1736582e-05,-0.00069584395,-0.00031324747,5.4204967e-05,-0.0001897461,0.00048520695,-3.596506e-05,-0.00029549928,0.00051527726,-5.9185586e-05,0.0010951333,0.00013814475,0.00045964515,0.000116549476,-0.00018470458,-0.00081824756,2.178643e-05,3.5390203e-05,7.139527e-05,0.34083745,6.9819405e-05,2.2581007e-06,6.876211e-05,-7.900342e-05,0.00035300793,-0.0003027681,-0.00015445019,0.00038455278,0.0006158673,0.0002915929,-5.877569e-05,3.5043242e-05,0.00014486449,0.00020544273,0.000997167,-0.00059326633,-0.000812605,-9.3290444e-05,-9.92562e-05,-4.845031e-05,-0.00017365078,0.00035979904,0.00016118886,-0.00043011867,1.2753779e-05,-6.0251914e-05,-0.00016212334,-0.00038299203,8.028475e-05,8.991946e-06,-0.0014422713,-0.00017263133,-1.7205766e-06,-0.00047986722,0.0003984113,-0.00016930804,-4.6683974e-05,0.0011340722,-0.0007222478,0.0007192385,-0.00029080108,-6.227166e-05,0.00019225119,0.00042525664,-0.00045565146,-0.00085936027,0.00038024163,-0.0011400381,0.00065084646,-0.00015761616,0.000583536
0.001366165,-0.00060745305,-0.00076004275,-0.0012189733,-0.0028887833,0.00037111097,0.0019766723,-0.00043570224,0.0018835545,0.0001497238,0.00034873173,6.339096e-06,3.6783014e-05,0.00079886575,-0.0002908301,5.341915e-05,0.0013492813,0.00084101286,0.0011773258,0.0004302885,0.0009123868,0.0005131604,4.9812115e-07,0.0018360147,-0.00040506833,0.00016018885,-0.000681632,0.00033003106,-0.0009331637,0.0021557366,8.2868384e-05,0.00032629666,0.0008017713,-0.00083519996,-0.0009899444,-0.00033897092,-0.00046569924,-0.00060582586,0.00014354283,-0.00056384946,-0.0002913839,0.00056737236,-0.00019136646,0.0007237587,-7.1653645e-05,0.0015388548,-0.0021120717,-0.0007564803,-0.0019718974,-0.0003198966,0.000443263,-0.00017191524,0.0013028571,-0.000873807,-0.0008005954,0.0007340585,0.00032952876,0.00018704432,-0.000301771,-0.0010083433,-0.00062880234,-0.00024475224,-0.00014253239,-5.5072876e-05,-0.002076927,-0.0006558936,0.00017518904,-0.0005445349,0.00034928595,0.0010842398,0.0005348634,-0.00019246654,3.3312055e-05,-0.0002452749,-0.0007973749,-0.0013208684,0.0006459182,2.6773592e-05,-0.0016815907,0.0005197341,-0.00026062437,0.0013430994,0.0012286069,-0.0013671226,8.86049e-05,0.0029972668,8.958765e-05,0.00019115703,-0.00020738119,0.00054111716,0.0008000407,0.00031750387,-0.0008418599,-0.0014233779,0.00035539418,-0.000522006,0.00063051266,-0.0013850137,0.0002470748,0.00048246697,-0.00076873257,-0.00026395748,-0.00026764465,0.0009706123,0.0006725039,3.828231e-05,-0.0027698432,-0.0006745977,0.00026233873,-0.00092255644,0.00037801822,-0.00018451862,-0.0005602066,-9.6283675e-06,2.4553672e-05,-0.000105283274,-0.0013944667,0.00031257136,0.00034258567,0.0007070268,-0.00065467844,-0.00028310766,-0.0004945643,-0.0002668172,0.000499832,-0.0007499822,0.0005557548,0.002242807,-0.0002217591,4.445573e-05,0.0002058943,0.00060873316,0.00023014874,0.00032702248,-0.00048279006,5.8222424e-05,0.0008885043,-0.00063386036,-0.0014264133,0.00013502131,0.00040714347,0.0007776177,0.0010574126,-0.001139813,-0.0006864448,-0.0016311402,0.00053107715,-0.00010472379,4.712655e-05,0.00046121434,0.0018440804,-0.00059984677,0.00033871245,-0.00069592544,0.0009401267,0.0007872444,-0.001595889,0.002915993,-0.0013153355,0.00022061581,-0.00029030963,-0.00039658218,0.00055176904,-0.00031326458,-0.00049956585,0.00034594833,-0.00024135616,-0.0003309513,-0.00047195854,-0.000835268,-0.0032489838,-0.00094997487,-0.0002025913,0.0008637878,-0.00030749297,0.00082533073,-0.0006714205,0.00039569245,0.0005056721,9.9981764e-05,0.00032017747,0.00044547062,0.00013570061,0.0015347735,0.00068032,0.0019006265,-0.00028950462,-0.00073114206,-0.00028062158,-4.1125084e-05,-0.0009950136,0.0008626277,0.00035732237,-0.00084249704,-0.00030388855,-0.00030509097,-0.0011867746,0.0007743121,-0.0007730766,0.0020246627,-0.0012759955,-0.00046161818,-0.001820698,-0.0004463068,-0.00011258479,-0.00048122025,-4.48362e-05,-0.00067305134,0.00014423355,-0.003877709,-0.0016689403,-0.0010531624,-0.0007535769,-0.0015779227,-0.00049131975,-0.0012924299,-0.0006111125,0.00022045097,0.00016417993,-2.0374995e-05,0.0005164022,-0.0024160692,5.9906502e-05,0.0018527192,-0.0002262483,-0.0013996885,0.00020880917,0.00015805122,0.0007769187,-1.1215989e-06,0.0016008606,-0.0019420767,-0.00027652987,0.00024047955,0.00029572935,0.0006018779,-0.0006069149,0.0006683503,-0.00051615294,-0.0017306948,-0.00021007258,0.0026388797,0.0014520703,-9.240521e-05,0.00015542647,0.0021473058,-0.00014838912,-0.00028905863,0.00013018785,0.3402962,0.0016219934,0.0003449532,-0.00033328994,-0.00041128395,0.0006391922,0.00025339937,0.0002737594,0.00022420887,0.0007666915,2.5083102e-05,0.00078998035,-0.0010339939,0.00033379687,-0.0021055506,0.0014850894,7.2181516e-05,-0.0006538006,-1.4146977e-05,0.0014376041,0.0004244301,0.00023404788,0.00023348014,0.0012784348,-6.6326014e-05,-0.0002570891,0.00016555245,-8.9476736e-05,5.6438636e-05,0.00032475032,0.0025194562,0.0004952186,0.00047156526,0.0003402923,0.00045349658,0.00031721333,0.0004928512,0.0011178828,0.00020108873,-0.001522528,0.00032325447,-0.00042236783,0.00041452816,0.0012000939,-0.0011055501,-0.0007935641,0.00043289718,-0.004172943,0.00021754074,0.00069555145,-0.0009682595
-0.002022163,0.002503694,0.00043812548,-0.00069294794,0.0033327544,-0.0018387946,-0.0035198224,0.00066304416,-0.00451836,-0.0005205794,-0.00054033916,0.00047930956,-6.646422e-05,-0.0014809112,0.0009910086,-0.00027120195,-0.0024731855,-0.0010123606,-0.0007555821,-0.0008843221,-0.0015982211,-0.0017121712,0.0003515654,-0.0048957965,0.0008593472,0.0006146822,0.0013698231,-0.00047260016,0.004832529,-0.0060912003,-0.0006592895,-0.00066150696,0.0011040609,0.00010962414,0.0034340837,-0.0009792066,-4.427572e-05,0.0008677357,1.140972e-06,0.0015173674,0.0002555965,-0.0006429045,0.00011879297,-0.0011003534,7.1799645e-05,-0.0032453202,0.0041395235,0.0020401655,0.0034498922,0.000628277,-0.0014295536,0.0003167042,-0.0024564632,0.0013366606,0.0020949852,0.0012508774,-0.0010676489,-0.0005135287,0.00035286098,0.0012788924,0.0011317099,0.0006395743,0.00033740705,0.00216162,0.0028315373,0.0012516658,6.5536304e-05,0.0009415039,-0.00043763916,-0.0005539387,-0.0010707974,0.00051798666,-0.0012352685,0.00068629003,0.001742287,0.0005043949,-0.002587496,7.1624585e-05,0.002024721,-0.0017183634,0.00058536406,-0.0016962198,-0.0011175888,0.002253826,1.3072363e-05,-0.0029079246,0.00037607586,0.00010670712,0.0005767975,-0.00087350636,-0.0013931453,-0.000558532,0.0015738092,0.0006198422,-0.00035771204,0.0008685131,-0.0015249171,0.0022904105,0.0006317282,-0.005047234,0.00188756,0.001383286,0.00010602713,-0.0009054756,-0.0032574658,-0.00083756266,0.0044655884,0.0006666947,0.0014775423,0.0020783034,-0.00054691406,0.0003975541,0.0006623383,9.009185e-05,8.351519e-05,0.0002500081,0.0030754462,-0.0006307731,-0.00074007275,-0.0009579055,0.0002945882,0.0009101701,0.0005608184,0.00028162982,-0.0016339851,0.0016807554,-0.0010555796,-0.0029210127,0.00071804144,-0.00019449776,-0.00049164286,-0.0012358258,-0.00015571031,-0.0017668079,0.0011802983,4.4734003e-05,-0.0017449514,0.0038786766,0.0061592297,-4.286692e-05,-0.0009277906,-0.0012074149,-0.0021564548,0.0020575672,0.0009316858,0.0032280064,-0.00079482247,0.000142951,0.00030228155,-0.0007101493,-0.0036203503,-0.00043300446,-0.000110498186,0.0019641814,0.0052715936,-0.0016500261,0.002134219,-0.006892232,0.0027329046,-0.0017786924,-0.0015803628,0.0005103075,-0.0003777538,-0.0035167846,0.00060636085,0.00045559026,-0.00088478357,0.0012585851,0.0005254763,-0.0029100871,0.005323433,0.0010619778,0.00067019503,-0.00078921777,0.0008183017,-0.001076636,0.0011792579,-0.0008995536,-0.0007608665,-0.00088819006,-0.0008554829,-0.0004811233,-0.0003385615,-0.0022799703,-0.00045619445,-0.0017406405,0.0008750392,0.0015162863,0.0007612762,-8.543866e-05,0.0028030593,-0.000564468,-0.0008035274,0.0018539558,0.0005998303,0.00057561195,0.0024776557,-0.0013411347,-0.0015097259,-0.0040103807,0.0024136982,0.0005667307,0.0017769964,0.0011073366,0.00027650324,-0.0003105489,0.00020341025,0.0015686312,0.00015498353,0.005342762,0.003217506,0.0027943444,0.0013608985,0.00093476573,0.00048202925,0.002815241,0.0007414395,0.00029711035,-0.00061573123,-0.0022046822,-0.0008967256,0.004974346,-4.0683903e-05,-0.0023135114,-0.00070640945,0.0021063366,0.00031345015,-0.0003758168,-0.0011810714,0.00019164888,-0.00449151,0.0042787837,-0.00023690013,-0.00077596033,0.0004982935,-0.00063758495,0.00074883056,-0.0023259022,0.00062627485,0.0032624942,0.0004924333,-0.00322607,-0.0026024992,-0.00032655674,0.00037630674,-0.0042512077,0.00045873196,0.0005689407,-6.283354e-05,0.00084518996,0.33347446,-0.00030989046,0.00060061115,0.0010613875,-0.0017065876,8.520706e-06,0.00018691701,5.1481624e-05,-0.0015361628,-4.8950922e-05,0.00081335823,0.0028167202,0.0005989357,0.0015053463,-0.0024468743,-0.00047457562,0.0022267182,-0.0003128917,-0.0020189064,-0.0008215981,-0.001401765,3.9641465e-05,-0.0030520787,-2.3507075e-05,0.00041714503,-0.00043188335,0.0002822255,0.0016411102,-0.0002494254,-0.0043993667,-0.0010910688,-0.0016915377,-0.0014408368,-3.498899e-05,-0.00084375445,-0.00083482265,0.0011380812,-0.0004336697,0.0046486803,0.00064220594,0.00070150004,-0.00051017315,-0.0021866965,0.0013046967,0.0024218396,-0.0003736324,0.010557785,0.00033084408,-0.0012430238,0.002215747
-0.0005250635,-0.000818316,0.00023496401,-0.0010714516,0.0018042715,0.00019688527,-0.000120131284,0.00013859797,-0.00064627384,-0.00016632798,-0.00014822322,-0.00011606174,-0.00014008016,-0.0002833518,1.5182868e-05,-9.745873e-05,-8.543646e-05,-0.0004875375,-0.00072225474,-0.00013980074,-0.0003201789,-0.00024198626,-6.319102e-05,-0.00037448184,9.618177e-05,3.8295628e-05,0.00089743093,-0.00013120515,0.00018388424,-0.0005911223,0.0008973778,-0.0001649034,-0.00063902943,0.00051047717,8.208235e-05,0.0004459253,0.0005979417,0.00010946167,-0.00029712013,8.3135135e-05,0.00019604653,0.00028002073,-0.0002010876,-0.0001779961,2.6801164e-05,-0.0005880623,0.0009623104,6.615619e-05,0.00024573412,-5.7117308e-05,3.4451477e-05,4.0557396e-05,-0.0007235246,0.00041214554,0.0003569733,0.00032135626,-5.1273633e-05,-2.9613087e-05,0.00010008297,0.0003418163,0.00014447099,7.3628726e-05,-1.7272096e-05,-0.00064382126,0.00031974027,0.00033192325,-0.00028553858,0.00015213029,-0.00010192585,-0.0010052135,-1.7625222e-05,-5.8534235e-05,0.0008046151,3.3273747e-05,0.0003592808,-0.00022950677,-6.294786e-05,-8.9057234e-05,0.00010918853,-5.5553144e-05,0.000100444624,-0.0007566938,-0.00038443322,0.00037881747,-0.0001754289,-0.0018015259,-0.0004843483,-0.00074296433,0.0001885185,-0.00011725933,-0.00040268648,-0.000116773925,0.00023743795,0.0003572037,-9.6047064e-05,0.00026827518,-9.347007e-05,0.00084265653,-0.00020179967,0.00030744477,3.5037374e-05,0.0002820326,0.0001471083,-0.0009385941,9.901826e-05,-0.00024230123,0.0012189895,0.00025841116,-0.00053766393,0.0002564393,-0.00013266163,3.6928235e-05,0.000346226,-1.533394e-05,-2.7282173e-05,-4.7648873e-06,0.0006351675,-9.600604e-05,-0.0002300404,-0.00037812884,0.00068788545,-4.6309277e-05,-1.1038787e-07,-2.0044848e-05,-0.00015041305,-7.233763e-05,-0.00027421664,-0.0009271513,-1.2816499e-05,4.072527e-05,-5.981792e-05,-0.00034386275,-0.000119467666,-9.825328e-05,0.00026701883,-0.00016439283,-0.00021810622,0.0002538268,0.00094934984,-0.0001801452,-0.00051120704,-0.0002626257,0.00034596887,-0.0004361449,0.00016684848,0.00018506346,-0.0009215652,-2.4963658e-06,-2.232004e-05,-0.00016693819,-0.00064078445,0.00025116047,-7.233937e-05,0.00051390694,-0.0010262884,-0.00014934842,0.0013706475,-0.0010676205,0.00036476259,-0.00018069346,0.00042407747,0.0001075687,0.00017647259,0.0013060009,0.00010906557,-0.000485591,0.00025502767,7.2967305e-05,-0.00011528639,0.0007952758,0.0011468069,0.00035542945,-1.8499635e-05,-0.00039318713,9.8533186e-05,-0.00066564506,0.00057011796,0.00036212194,-4.6907364e-05,-0.00021017712,0.00010591357,-0.00017655059,-4.096091e-05,-0.00044464978,-0.00041355664,-0.0007911625,4.0705283e-05,0.00040834956,2.1246373e-05,-5.3418507e-06,-0.00024020973,-0.00060716446,7.3343035e-06,0.00025145418,9.5522606e-05,0.00011073469,0.00031748755,-0.0002952446,0.0007312461,-0.00029922096,0.0005635177,2.6969452e-05,0.00075528945,-0.00028182007,5.007375e-05,-9.159183e-05,-8.120184e-05,0.00023312357,-0.0003430896,0.00077626976,0.0010640292,-0.0001209108,0.00030167584,-0.000583678,0.00043489353,0.00034249658,0.00032020095,-0.0002131011,-8.465442e-05,0.0006955447,-0.00023895352,0.0008359381,9.431662e-06,-0.0007100717,0.0003960861,0.0010273377,-7.525418e-05,-2.6989392e-05,-0.0005084605,-4.7018784e-05,-0.00022122894,0.00067827204,0.00016408201,0.00011397414,-0.00032819682,-0.00020150904,0.00061921123,-0.0010482037,0.00025642218,6.9097245e-05,-2.9416024e-06,-0.0011255698,-0.0007717372,0.00026359071,0.00033601464,-0.0009733729,6.426826e-05,7.996165e-05,0.00040786117,0.0004981674,-0.0006728638,0.34175014,0.0001946419,-6.2136996e-06,-0.00012993412,-0.00025601278,-0.00034963535,-0.0002969203,-0.0005294179,2.0412306e-05,-0.00039704202,0.0007473004,-0.00030492235,0.0003478839,-0.00039006906,0.00043861734,0.0005424442,0.00016145813,-0.00056319166,-5.2264844e-05,-0.00041912438,-0.00011742606,-0.00037661436,-1.4584397e-05,0.00014320765,4.335346e-05,0.000102095175,-8.059433e-05,-4.0397103e-05,-0.00022491586,-0.00021845057,-0.00021043514,0.0001685385,-0.0005452238,-1.853596e-05,-0.00017704764,-0.0019223854,0.00047902192,0.00028666656,-0.000106867985,0.0002710144,-0.00021551814,-0.0005097661,0.00070532376,0.0010511059,-0.0003394267,0.0027355067,-0.0004848252,-0.00012941634,-0.0003854485
0.00064359367,0.00093199103,-0.00038272372,0.00022955575,-0.002172746,-0.0001336724,0.00024869395,-0.0002504868,0.00029402893,0.00021784856,0.0001607096,4.6851357e-05,0.00015924928,0.00024188404,-0.00019538571,6.874472e-05,0.00018382866,0.00049311033,0.0009416042,7.4437434e-05,0.00027673712,6.2293606e-05,8.036624e-05,0.0002526349,-0.00010506231,0.0001698014,-0.0006202353,0.00010431896,0.00035574473,0.00012586283,-0.0007711138,0.000102494385,0.0011819446,-0.0008106824,0.00022170832,-0.000765549,-0.0008508011,-9.9654295e-05,0.00027888452,6.86679e-05,-0.00023280445,4.2405583e-05,6.611094e-05,0.00017829415,-0.00010232439,0.00039934975,-0.0007458932,0.00016696048,-0.00041443246,-7.716705e-05,-6.6004155e-05,-4.982904e-05,0.0007973155,-0.0004287323,-0.00014560319,0.00056901603,1.2157152e-05,-5.588335e-06,-0.00022323709,-0.00046844257,-0.00016873094,-0.00010449131,8.577952e-05,0.00090708485,-0.0009820184,-0.0001387978,0.0003963962,-0.00022307094,0.00020035694,0.0011385047,5.8592545e-05,0.00019665078,-0.0008379705,9.754786e-05,-0.00025048442,-0.0003372374,-0.00025308237,-2.1033646e-05,-0.00068986515,-0.00011498902,1.0550442e-05,0.00094878144,0.000982292,-0.0004938194,0.00028987002,0.0023026646,0.00053392554,0.0007366359,0.000167858,0.00017947788,0.00043660856,0.0001357981,-0.00026448054,-0.00088413624,0.00013638845,-0.0002800401,-6.45902e-05,-0.00085484143,0.0005450064,-0.0012652121,0.0001343438,-0.00025393206,-0.00014082257,0.00083452376,-0.0006402481,0.00014776817,-0.0008475012,-0.00040701914,0.0006273166,-2.3854496e-05,0.00017479656,-1.6966605e-05,-0.00035934048,9.6412565e-05,3.5451158e-05,-9.6993645e-05,-0.00041586856,5.358554e-05,0.00010876635,0.0004586815,-0.0008364892,0.00017022563,-0.00027408518,-0.000118284086,2.0136924e-05,5.0835853e-05,0.00027224259,0.0010120838,6.4203035e-05,-8.1856146e-05,1.2890675e-05,0.00030588836,0.0001226584,-0.00020596935,-0.00018654445,0.00020110054,0.00023766696,0.00036952284,-0.00031360518,0.00018490707,0.00044862527,0.00030844292,-0.00016550161,-0.00088219333,-0.0002862835,-0.00014811367,0.0007033671,-3.5940273e-05,0.00017094411,0.0002274422,0.00042267563,-0.0005226904,9.7636985e-05,-0.00017747936,0.0025628095,0.00013733539,-0.0012525532,0.0004726692,-0.00023604413,-0.00016607017,-0.0007771311,-0.0001226089,-4.10539e-05,-0.0018664921,-0.00014892356,0.0007617797,-0.00061001704,0.0002211439,-0.00013862763,-0.0019058629,-0.001092141,-0.0004925649,0.000111108115,0.0005146401,5.776376e-06,0.0006704081,-0.0006178954,-0.00024684088,0.00011760418,4.5055738e-05,-0.00022392625,0.00035417554,-1.8747663e-06,0.00073213,0.0005947759,0.0011076628,6.5169435e-05,-0.00012517853,6.526125e-05,-1.5082255e-05,0.00032636517,0.00086012215,-3.227107e-05,-0.00018687555,-8.981627e-05,-6.7406974e-05,-0.00021305592,0.0003182405,-0.0015013394,0.000495773,-0.00042584765,-0.00024537928,-0.001030456,0.0002233256,1.504397e-05,-0.00032535428,0.000156545,-0.00011747209,0.00033983678,-0.0010747312,-0.00082173524,0.00012331805,-0.00028330414,0.00014741516,-0.00029165164,-0.00013060647,-0.0003392764,0.00044828028,-0.00012659898,-0.00086903357,0.00023241763,-0.00063476816,2.158702e-05,0.0008366637,-0.0006205696,-0.0010548901,0.00029254402,3.3187807e-05,0.00054115884,-7.9416095e-06,-0.00024146432,-0.0005808994,-0.00043625812,-4.3720454e-05,0.00060564047,0.00026492283,-0.00061255967,0.0004309504,-0.00019774715,-0.00012348754,-2.1023245e-05,0.0015510579,0.0005411806,-0.0002498232,-0.00020643517,0.0008683648,1.2766619e-05,-5.44168e-05,-0.00031647575,-0.0006908261,6.9209025e-05,0.0002514522,0.34153727,8.544295e-05,-4.6848134e-05,0.00018752893,0.0004589402,0.00034706242,0.00039763044,-4.481041e-05,0.0008501674,-0.00023114985,0.0005399175,-0.000936355,0.00031559693,-0.00047720104,-0.00014895124,-0.00021241877,0.00062524126,6.5115986e-05,7.3673364e-05,0.00020354879,0.00017879932,-3.6870602e-05,-7.628784e-05,-7.952398e-05,-0.00016843005,0.00048594363,0.00018899298,0.00022878067,3.9474802e-05,-2.1245349e-05,-0.00035097753,0.00058685505,-5.5686265e-05,0.00014866923,0.0022713845,-0.00037789045,0.00020751901,0.0002399883,-0.00024085275,0.00029598473,0.0005757266,-0.0008417169,-0.00061114854,0.00048337245,-0.0019134772,0.00054996164,0.00010633133,0.00016594949
2.6920154e-05,-0.0016775778,-0.00071059825,-0.0030662464,0.0014234172,-0.0008393813,0.0014294507,0.00022655135,0.0006047781,-0.00020134106,-5.252209e-05,-3.7396003e-05,-0.00017388891,0.000436542,0.0014075385,-0.00035046227,0.0007060975,0.0003532133,-0.00046532456,0.0004972565,0.00057601265,9.047166e-05,-0.00030919188,0.00019768906,-0.00055541465,3.332331e-05,-0.00265112,4.0443872e-05,-0.0003610554,0.0026110213,0.0012875536,0.0001865907,-0.001499298,0.00064622326,-0.0011967894,0.00068736763,0.0017307729,-0.00048409056,-0.0006308573,-0.0009902118,8.516495e-05,-0.00027420418,-0.00034407404,0.0010807605,7.07476e-05,-0.0012506959,-0.0016382565,-0.0016866019,0.00027711847,-0.00048573557,0.00012031089,-4.5702476e-05,-0.00089469645,-0.0004368646,-0.0006704606,-0.0013651527,0.00038053407,0.00034654303,3.3969452e-05,-0.00019398742,-0.0003696379,0.00047936066,-0.00033631743,-0.0013952712,0.0017766692,-0.00047212365,-0.0004545048,-1.0070719e-05,-3.309989e-05,-0.0004859952,0.000525431,-0.001154583,0.0006679023,-0.00048187946,-0.00042992388,-0.0008776546,0.0010702304,4.9371258e-05,-0.00025435828,0.0007122536,-0.00038651805,-0.000494652,-0.0019830647,-0.0005025257,-0.00064987014,0.0017649528,-0.001091925,-0.0010185499,-0.00033233708,0.00025524825,-6.877382e-05,7.307999e-05,-0.00043497412,0.0006277496,-0.00021568466,6.954615e-06,0.00067498465,0.0006575137,-0.0011020025,0.0033795647,-0.001419151,0.0015103563,-0.00047492242,-0.00014388406,0.0033888808,-0.0015718199,-0.0033144387,-0.00014765836,0.0005020139,-0.0012595421,7.073766e-05,-0.00016513483,0.0001385611,-0.00012309334,-9.134958e-05,-0.00011317958,-0.0007204192,0.00024399416,0.00019859883,-0.00019374491,0.0014632593,-0.0006207912,-0.0001252765,0.00021382108,7.428497e-05,-0.00080002315,-0.00012493152,0.0018535309,-0.00031008478,-8.719573e-05,0.00031424902,-0.00020927888,0.00025913725,0.00062754226,-3.2813237e-05,-0.00030248956,0.00017825996,-0.0008425969,0.0002055841,-0.00038463654,-0.00035447808,0.0007200399,0.0009913152,-0.0041048713,-0.00027580897,-0.0016912797,0.0007205016,-1.7194448e-05,-0.00065171084,7.704682e-05,0.0022164986,0.00011921275,0.00055124593,-0.0009795245,-0.003330581,0.0005187456,-0.0010059951,0.0033770234,-0.0013509898,0.0010715341,0.00013959478,-0.0003511693,0.0014752949,0.0012397465,-6.3064464e-05,-0.0011576115,0.0012157726,-0.0013700138,-0.00013418277,0.0031098982,-0.0022458127,-7.499497e-05,-0.00036072754,0.00043799003,-0.0004428077,-0.0008246522,0.001171198,0.00083594304,0.00028431072,-0.00031099474,0.001382154,-0.0003470615,8.753291e-05,-0.0005292944,-0.00057777297,8.7819884e-05,-0.00045179835,-0.000104465966,-0.0006703548,3.0701434e-05,-0.0014892797,-0.0010453281,0.0005183244,-0.000793262,-0.00013828905,-0.00018300017,-0.000796753,0.00014865468,0.0027874478,0.00013283521,-0.00029648512,0.00072596146,-0.00041677427,-0.0007471138,-6.97093e-05,0.00058448315,-0.00049571675,-0.0005354007,-0.00034328795,-0.0026729337,-0.0010959407,-0.00015202559,-0.00032640717,-0.0028770783,-0.0008350957,-0.0011529048,-5.4930148e-05,-0.0005050324,0.00081171026,-0.00025468835,0.00017758743,-0.0012042004,3.4210352e-06,0.0010375007,0.0011475623,0.0011290209,-0.00037710657,0.00017420757,-0.0004909363,-1.0066614e-05,0.002280739,0.00017033442,0.00021646218,4.544583e-05,-0.0011964311,0.00020131226,-1.28457195e-05,0.000764237,-0.00018092402,-0.0022615374,-0.00016365919,-0.00058132876,0.00087658566,0.00027996613,0.0014798692,0.00077899673,-0.00026247013,-0.00026128977,0.0009404577,-0.00027204465,0.0010688234,7.329081e-05,-1.1357052e-05,0.34002906,0.0009669383,0.0011256736,-0.0007029609,-0.0013392166,0.00018994731,0.0001069027,-0.00044055117,-0.0021316959,-0.0005940102,-0.001312572,0.0017312797,0.001438224,-0.000962546,0.00019741459,0.0003703358,0.00035421137,0.00020149173,-0.00025444126,0.0016498828,-0.00011206957,-8.301414e-05,0.0003458871,0.0006665678,-0.00083751703,-0.00034749348,0.0030594603,0.0007759711,0.00047859707,0.0011280333,-0.00032445928,0.00045878623,0.00028182523,0.0001339869,0.0008619256,-0.0023377505,0.0005279666,-1.1586526e-05,-0.0003345465,-0.00075872085,0.00057766977,3.2514774e-05,-0.00068799255,-0.001553296,-0.0010264653,0.00041898564,-0.00010027453
-0.0009774402,0.0015460014,0.00055662193,0.0013442931,0.0011236902,-0.0004219667,-0.0020576825,0.00022587307,-0.0020962355,-0.00014975945,-0.00026744974,0.0001367692,8.8535435e-06,-0.00084338896,-0.00014728078,1.773248e-05,-0.0013843674,-0.00067317387,-0.0002573138,-0.00051439635,-0.00095143326,-0.0007470166,0.00024072849,-0.0022287418,0.00061656855,0.000198853,0.0013612502,-0.00022713136,0.0018275427,-0.0033212123,-0.00076581293,-0.0003369211,0.0006163253,7.3698706e-05,0.0018332801,-0.00048105072,-0.00042731437,0.00061088684,0.00012422094,0.0009018786,0.00010940034,-0.00034408327,0.00020408153,-0.0009862309,-9.541944e-06,-0.00055334304,0.0023405708,0.001402564,0.0016171094,0.000477153,-0.00059495715,8.765846e-05,-0.00067614374,0.0007585732,0.0010945207,0.0006043289,-0.00059780246,-0.00029707386,4.9800627e-05,0.0007217423,0.00071167015,8.3500054e-05,0.00024863417,0.0011086548,0.00090860785,0.0005270288,0.00019260978,0.00041462993,-0.00020729471,-0.00023611827,-0.00063086965,0.0005872714,-0.00073770457,0.00051859603,0.0009457074,0.00086640025,-0.0013128028,4.6830828e-05,0.0011342478,-0.0008814139,0.00025439163,-0.0006806093,-8.9624285e-05,0.0012359922,0.0002808291,-0.002396656,0.00050957274,0.000450103,0.00031572097,-0.00048115902,-0.00059861294,-0.00029941366,0.00088443223,0.00030846728,-0.00017102776,0.00042639993,-0.0008163986,0.00074372644,0.00052900845,-0.0029033034,0.0012731547,-4.468937e-06,0.00031397934,-0.00048745275,-0.0024189756,0.00029068365,0.0030383964,0.00042211756,0.00032985155,0.00130158,-0.0002807287,0.00023456503,0.0003141805,9.470388e-05,5.043137e-05,0.00016650143,0.0015003197,-0.000389239,-0.00035434854,-0.00040690528,-0.00023480301,0.00058570877,0.00032968973,0.00018246916,-0.00063736155,0.0009910883,-0.00045542553,-0.0021441786,0.00040265193,-4.3814227e-05,-0.00031898156,-0.00039801243,-0.00019128055,-0.00088483415,0.0005122884,0.00013307277,-0.0008307394,0.0016702436,0.002007561,9.4044815e-05,-0.00019872177,-0.00078975,-0.0013688683,0.001038812,0.00060745527,0.0020172505,-0.0002269783,0.00014583547,0.00029564806,-0.00039253884,-0.002305555,-3.7463924e-05,-0.00027454286,0.0010739404,0.0027083552,-0.0008746997,0.001415451,-0.0039213845,0.0016116536,-0.00096684915,-0.0005073375,0.00037146118,-0.00075138913,-0.0014551246,0.00028699994,0.00044723283,-0.00063010555,0.00093875115,0.0004381792,-0.001678782,0.003321337,0.00059262494,0.00038419355,-0.00059710874,0.00050797174,-0.00024162082,0.00019049415,-0.00070717727,-0.00044665506,-0.00019860776,-0.00082920014,-0.00012241348,-0.00020084855,-0.00090308074,-0.00013504646,-0.0010513965,0.00046835013,0.00066613656,0.00052813935,5.884238e-06,0.0016832602,6.9332073e-06,-0.0005298427,0.0010717169,0.00034454348,0.0002635429,0.0013865527,-0.0007295736,-0.0012339641,-0.0018539584,0.0011995403,4.9559178e-05,0.0010306933,0.0007054195,0.000107160726,-0.0001431093,0.00026569955,0.00094335293,0.00022090581,0.0035835374,0.0016691615,0.0011903122,0.0007292596,0.0017656159,0.0006262588,0.0015822285,0.00039984626,0.0002334298,-0.00055826607,-0.0006226971,-0.00048425497,0.002631258,-2.5582296e-05,-0.0014989442,-0.0005761075,0.00060021604,0.0001673308,-0.00015436052,-0.00035988088,3.2358326e-05,-0.0026650464,0.0018092591,-9.6450385e-05,-0.00028517033,0.00051570445,-0.00041808264,0.0004203689,-0.0010385521,0.0003468936,0.002387268,0.00026115536,-0.0015076116,-0.0015035756,-0.0002470739,-0.00048510783,-0.002058291,0.0002860706,0.0003337966,-0.0004072614,0.00058913854,-0.0025488767,-0.00018952753,0.00022404944,0.00072485424,0.34040257,-0.00037717252,0.0002256902,0.0005499647,-0.00074296247,-8.41442e-05,0.00019413274,0.0018148656,0.00032333191,0.0014642933,-0.0017648513,-0.0006959013,0.001158991,-0.00012713074,-0.0011317517,-0.00052564486,-0.0004981403,-6.847973e-05,-0.0018277143,7.5568336e-05,0.0002528078,-0.00026266245,-5.961946e-05,0.0007816628,-3.3395e-05,-0.0030306643,-0.00073289836,-0.0008607762,-0.0009371423,5.5872886e-05,-0.0005194923,-0.0004841928,0.0004715059,-0.00047968864,0.0026232905,-3.092717e-05,0.00030757504,-0.00016659073,-0.0007818588,0.00047715672,0.00089232466,1.712928e-05,0.004100147,0.00039767416,-0.00074409053,0.0009769443
0.00036555584,0.0007013285,0.0005399727,0.002607999,-0.0020498747,0.0013719351,-0.00039544815,-0.00039386726,0.00050404976,0.00023569827,0.000110755514,-5.2924577e-05,0.00020225922,-7.496719e-05,-0.0013557359,0.00035317265,9.724025e-06,-0.000119985794,0.00048628167,-0.00015050027,-0.00018551863,0.00025316348,0.00012004822,0.0007816667,0.00021804868,-0.00018307354,0.0018725733,3.2079362e-05,-0.0009315433,-0.00079463684,-0.0008124836,-2.2267674e-05,0.00088546966,-0.00040173566,0.00020397826,-0.0003052167,-0.0012497806,0.00018530681,0.00049725914,0.0003864821,-0.000103982005,0.00034652275,0.0002168783,-0.0004900863,5.7765537e-06,0.0021909168,0.00047808987,0.00085966487,-0.0007582603,0.000248332,0.00022846271,-0.00010202976,0.0012462081,6.466907e-05,7.836702e-05,0.0010055358,1.3556728e-05,-0.00014891732,-9.4014955e-05,-9.134151e-05,7.388665e-05,-0.0005746346,0.00023482878,0.00049468095,-0.0024717483,-4.262656e-06,0.0003331977,-0.00018481558,0.00010865031,0.00037404592,-0.0001654021,0.00074656634,-0.00025169988,0.0003194591,4.091946e-05,0.00060648954,-0.00027284457,-7.985671e-05,-0.00016793943,-0.00017611757,8.691704e-05,0.0007505596,0.0019898345,-6.2914376e-05,0.00051510305,-0.0010624946,0.00070878025,0.00078058883,2.007173e-06,-3.2170057e-05,0.000287074,7.088779e-05,6.2270556e-05,-0.0004416116,0.00020276976,-0.00019071903,-0.00022044806,-0.0011919279,0.00071576243,-0.0014861525,0.00071453355,-0.0015682626,0.00041418595,0.00013532581,-0.0021586781,0.0013755087,0.0014629695,4.6222365e-05,-0.00087127986,0.0005462297,8.997795e-06,-3.632361e-05,-0.00025668764,8.910611e-05,7.750282e-05,8.036662e-05,-3.4760884e-05,-8.9355744e-05,4.5143202e-05,0.0003067512,-0.001157348,0.00029383192,0.00014902228,-0.00019993845,0.00032609867,0.00025333939,0.00027797787,-0.0009013466,9.270509e-05,5.4933167e-05,-0.0001234398,0.0004144369,-0.00019325041,-0.00014068217,-0.00021872632,0.00024394349,0.00021257863,-0.00011292037,-0.0017953354,0.00040959285,0.00044061447,-0.00031877973,-0.00027812054,2.203036e-05,0.00013331877,0.0006651513,5.05949e-05,1.8270539e-06,0.00041542805,1.5351288e-05,-0.0010690661,8.0678765e-05,-0.00036294624,0.00039351368,0.0014134183,-1.8409333e-05,0.00061827095,-0.0012917235,0.00048475858,-0.00050051796,0.00031031138,0.00020435567,-0.0010161918,1.4720907e-05,-4.9975944e-05,0.00067992427,-0.0007042224,0.00077117386,1.7889259e-05,-0.0018423793,0.00068392727,-0.00020399157,0.00016584434,-0.00020913637,0.0001903693,0.0007895366,-0.001068671,-0.00035858864,-5.4110264e-05,0.0004505232,-0.0008962264,0.00034083953,-1.2589381e-05,0.0008939607,0.00048530725,0.0001581224,0.00017207765,-0.00022880068,0.00040753788,4.5960933e-05,0.00048948085,0.00090924883,-0.00028046026,0.00025134327,4.2235253e-05,6.8019704e-05,7.829639e-05,0.000101445956,-0.0018965529,0.00087547605,-0.00022280312,-0.000721268,-0.00013661057,0.0002858047,1.8638413e-05,-0.00036388103,0.00031396418,0.0001320848,5.6291465e-05,0.00079289323,0.00028536285,-0.00047718512,-1.02904405e-05,0.002050684,0.0010920062,0.0003604958,-0.00012468747,0.00025049245,-0.00042831752,0.0007740841,1.9756537e-05,4.518046e-05,1.4313963e-05,-0.00046671665,-0.0007062248,-0.0012008543,0.00018751193,-1.2058574e-05,0.00058703293,-2.452318e-05,-0.0009355382,-0.00093757524,-7.5512646e-05,0.00012662628,0.0007806595,-0.00011137889,-3.5377707e-05,-0.0002468589,1.2009744e-05,0.0012384391,-0.0001743075,0.0009509465,-0.00017509722,-7.551475e-05,-0.0012318125,0.00040033832,0.00010972541,8.6969085e-05,-0.00069393805,7.427277e-05,0.00041549155,3.4681325e-05,-0.00014403612,0.00042276568,-0.00038070948,0.340485,0.00045089296,0.0012064348,0.000115734976,-7.5761476e-05,0.000121444435,0.001150421,0.00026981824,0.0008150321,-0.00088011735,-0.0009609193,0.00030931574,3.8263988e-07,9.4905125e-05,-0.00013373172,0.00015481513,0.00015956706,-0.00061958435,0.00012556642,1.4294484e-05,-0.00014447593,-0.0006241965,0.00025508806,0.00036130525,-0.0014764661,-0.00039439707,-1.9325633e-05,-0.0005601203,0.00013338902,-0.00018417719,-6.974438e-05,-0.0006903537,-0.00042548965,0.0008752192,-0.000605743,-0.00016447506,0.00030549977,0.0008864789,-0.00068934663,-0.00036321988,0.00063511345,-0.0015838593,0.00064058363,-8.908854e-05,-0.0005976281
-0.00084624975,-0.0015056394,-3.038462e-05,-0.0027338904,0.0032221822,-0.00075709925,0.00017566745,0.00043809324,-0.00090825977,-0.00046810874,-0.00024783128,-2.36879e-05,-0.00027524063,-0.00020956493,0.0011561491,-0.00037824988,-5.6555746e-05,-0.0003994594,-0.0011929391,-5.1339557e-06,-0.00022148226,-0.00037850626,-0.00014363191,-0.001059638,-9.92723e-05,5.2687537e-05,-0.00061835744,-0.00024304616,0.00057664665,0.00018594008,0.0015106057,-0.0001710123,-0.0015412067,0.00095299917,-0.00015311952,0.000751293,0.0016695929,-3.0560106e-05,-0.00059568783,-0.00037649483,0.00030229412,-0.0001505437,-0.00035927017,0.00027418745,0.00013830228,-0.0018320942,0.0005993016,-0.00065415725,0.0011120368,-0.00012562283,-0.00020803313,6.6513e-05,-0.0018362012,0.00045777502,0.00026628576,-0.00072951906,-4.676813e-05,0.00011975759,0.00024027735,0.0004719605,0.000112977476,0.0005267677,-0.00023340435,-0.0011316806,0.0021272558,0.00012850355,-0.00060958415,0.00037141325,-0.00023564888,-0.0013940283,6.8025554e-05,-0.0007443661,0.0010217947,-0.00021940484,0.00033699212,-0.00048788762,0.00024194602,3.232354e-05,0.00043512534,0.00013058481,-8.332584e-05,-0.0015439228,-0.0019040535,0.0004999275,-0.00063471985,-0.0013921332,-0.001071151,-0.0013811301,-6.176345e-05,-0.00016653747,-0.0007070054,-0.00016877825,0.00024301748,0.001102082,-0.00029358888,0.000346287,9.024846e-05,0.0017235292,-0.0008086821,0.0018205214,-0.0005829937,0.0013759949,-0.00020267416,-0.0009779589,0.0018567574,-0.0012444422,-0.00024489884,0.00022354363,8.798355e-05,-0.00024970606,-0.00019742709,9.06978e-05,0.0005683955,-0.00012630549,-9.756279e-05,-6.2439656e-05,0.0005693336,-4.8799855e-05,-0.00017803545,-0.00068112987,0.0015137875,-0.00028320277,0.00027573685,0.00012152975,-0.0003861322,-0.00031247135,-0.0005237881,-0.0002934546,-7.7233846e-05,-7.560652e-05,0.00010990381,-0.00074181706,4.6099736e-05,9.264694e-05,0.00042806577,-0.0003627359,-0.000456681,0.00016720916,0.0019077691,-0.0004327909,-0.0008166798,1.109498e-06,0.00050062384,-0.00093764544,0.00013157153,-0.00030612803,-0.00049223413,9.1337744e-05,-0.00041775327,-0.00025825374,0.00026382605,0.00030728636,0.00027627347,0.00013515423,-0.0028400505,-8.479216e-05,0.0009895978,0.00023662605,-3.5129437e-05,0.00034297915,0.00030969855,-5.368614e-05,0.0008278619,0.0017375556,0.00019099846,-0.0010859964,0.0009306617,-0.0006323749,5.253375e-06,0.0027542377,0.0007026174,0.00054933585,-0.00016013047,-0.00030761806,-6.878939e-05,-0.0013000764,0.0015255988,0.00065162126,-2.7689617e-05,-0.00052008603,0.0008216547,-0.0005387792,-2.48736e-05,-0.0013014629,-0.00090876914,-0.0010728161,-0.00010509791,0.0003647973,-0.0002834737,5.0358805e-05,-0.0006935962,-0.0014338822,0.00017975236,6.7856796e-05,0.00014598371,0.00016424431,0.00024635938,-0.00044762166,0.0024947382,-0.0009946119,0.0007630148,0.00063638197,0.0008283116,-0.000488752,-2.622472e-05,0.000363729,-0.00040038725,0.00023275235,-0.0003878827,2.8490853e-05,0.0007912922,0.00024208688,0.00029470725,-0.0015978438,-0.00020496019,-9.512154e-06,0.00041941306,-0.0005264475,0.0003862732,0.00027733305,-0.00027583266,0.0008061719,-1.839716e-05,-0.00039281603,0.0010906685,0.0020367943,-0.00031129285,4.1641473e-05,-0.0009815389,-5.692057e-06,0.0004986122,0.0012786345,0.00040684678,4.982249e-05,-0.0010793043,-0.00019850003,0.0006732488,-0.00070249476,0.0001662533,-0.00074971194,0.00011721093,-0.0021663671,-0.00064164,0.00032018087,0.0011899841,-0.0011274954,-4.9437433e-05,2.411932e-05,0.0009353554,0.00053528335,-0.00071754836,-0.00026741944,0.0002680753,-0.00036202738,0.00024402565,0.00042611815,0.34028685,-0.0010849515,-0.00060907664,5.367547e-05,-0.0006164232,-0.00034774674,-0.00059643696,-0.0001660235,0.00029094468,0.0012495471,0.00016301159,0.00024534203,-0.0007339864,4.742807e-05,-0.0004225617,-0.00035961662,0.00019959357,-5.2052514e-05,0.00010761214,0.00017523463,0.0006000577,-0.00043196266,-0.00048160352,0.00096816017,0.0001588768,-0.00011346108,0.0006348346,-0.0006718597,0.00012473353,-0.00013746586,-0.0015852745,0.0008410957,-0.00059243105,0.00030363986,0.00035576522,-0.0005497968,-0.001259911,0.0013100435,0.0012080309,-0.00089591945,0.0031446514,-0.0010109622,-3.539354e-05,3.3789234e-05
-0.00090296945,-0.00063381734,-0.00014153939,-0.0017660422,0.0035644686,-0.0012605614,-0.00018451051,0.0005374752,-0.0007116472,-0.00032453687,-0.0002144182,1.5668073e-05,-0.00013330702,-0.000118268836,0.001469553,-0.00036827067,-0.0003904477,-0.0002574441,-0.0012278279,0.00019900361,-2.7239508e-05,-0.00023583694,-0.00026011642,-0.0008371841,-0.00026729042,-4.334812e-06,-0.0021537035,-0.00014019696,0.0006084303,0.0007594923,0.0009101996,-6.198386e-05,-0.0017351953,0.0010662847,-0.0003053248,0.0007602497,0.0017014232,-3.1975593e-05,-0.00076187786,-0.00039355116,0.00032460928,-0.0006318809,-0.00015283654,0.00024566276,0.00011178241,-0.0027157345,3.432075e-05,-0.0009344284,0.0016364265,-7.525394e-05,-0.00023419585,7.090054e-05,-0.001761959,0.00018444652,-3.3691962e-05,-0.0016144264,-0.00011327842,0.00011649766,0.00014976166,0.00048110986,3.0259947e-05,0.00062759087,-4.309267e-05,-0.0009953236,0.003118,0.00036632447,-0.000509973,0.00032080885,-0.00025483314,-0.0009836017,7.094233e-05,-0.00088454684,0.00033771733,-0.0002685671,0.0001203733,0.00012980394,0.00047611084,7.465129e-05,0.0009813462,0.00022455334,-0.00028511873,-0.001383807,-0.002020989,0.00046585582,-0.0005873019,9.1575e-05,-0.00096789736,-0.0009576376,-2.5616138e-05,-0.00012253088,-0.00057136174,-9.442992e-05,0.00012206756,0.0017096984,-0.00035416766,0.00036494815,0.00013689308,0.00160577,-0.0011136918,0.0025104145,-0.00069592084,0.0016740703,-0.00028067085,-0.0006566133,0.0026002808,-0.0014194696,-0.0008483196,0.00024049434,0.0002612298,-0.0005221214,-0.00015452123,0.00018423187,0.00047064296,-0.00012563867,-3.8812428e-05,2.4596076e-05,0.00030944098,3.4988774e-05,-0.00011976857,-0.0005844197,0.0017992781,-0.0003590201,-1.7860813e-05,0.00039793542,-0.00027634465,-0.00015976481,-0.00043653173,0.00017122642,-0.00010838761,2.8959523e-05,0.00011283903,-0.00053129473,9.184274e-05,0.0003004849,0.00029149815,-0.0003048486,-0.00039261897,-0.00028416794,0.0012835201,-0.0004174119,-0.00059824914,0.00015694548,0.00020861274,-0.0027705154,6.737014e-05,-0.00042889226,7.988559e-05,3.1871565e-05,-0.0006246661,-0.00023243664,0.0007383103,0.0005343933,0.00023483294,-0.0004570908,-0.0029661614,-0.000114301765,6.179301e-05,0.00077759963,-0.000271024,0.0007395296,0.00016562073,-9.276246e-05,0.0008553312,0.0011338479,0.00026202406,-0.0013308864,0.00124859,-0.00096534495,3.0409452e-05,0.0028969382,-3.29459e-05,0.00055941154,-0.00018644333,-0.00014612134,-0.00021581344,-0.0012993128,0.0013769931,0.0004258532,-0.00012742933,-0.00035277972,0.0009674834,-0.0005831847,2.3436562e-05,-0.0015518419,-0.0009101419,-0.0010981151,-0.00013080364,0.0005282553,-0.00026262546,9.287556e-06,-0.000563961,-0.0014788923,0.00023544332,-0.0001577334,0.0001296758,2.4327739e-05,0.00015857395,-0.00033817673,0.0030740832,-0.0014174674,0.00058733346,0.0010396917,0.0008896695,-0.00028742396,-1.8599587e-05,0.0008846418,-0.00039664996,0.00010991657,-0.00030667713,0.000406351,0.00022174776,0.00073464634,0.00025005566,-0.0014806705,-0.00024166575,-0.00024500108,0.00039480175,-0.00053509587,0.0006853107,-0.0006103921,-0.00021221668,0.00034522061,-7.243055e-05,-0.000187943,0.0011110405,0.0018077665,-0.00042483944,-9.767208e-05,-0.0009349388,-5.7434943e-05,0.0011676548,0.0014518832,0.00035762915,-6.837862e-05,-0.0012582199,-0.00022248564,0.0002578321,0.00017719406,0.00017054868,-0.0009517919,8.963421e-05,-0.002321622,-0.00016354714,0.00034851758,0.0012134346,-0.0007546528,-0.00014655733,-2.645476e-05,0.0007280431,0.00047366382,-0.00042868697,-0.00013865047,0.0003212547,-0.00046647212,0.00046479818,0.00094577164,-0.0007793597,0.33980912,-0.00031309854,0.00015565396,-0.0008383051,-0.0011727251,-0.00067920727,0.00029610895,0.00056720653,0.0011534804,-0.00044759133,0.0001445526,-0.00056354416,2.4855444e-05,4.0938983e-05,-0.00018497421,0.0006483747,-0.00012930173,0.00013693004,0.00019960741,0.00060744357,-0.00070890196,-0.0005126724,0.0007872498,0.00033214063,7.8815814e-05,0.0007528985,-0.0006242521,0.00018694196,-6.79071e-05,-0.00047406432,0.00043856498,-0.000989347,0.0002755711,0.00025617232,-0.0005499727,-0.001441227,0.0011956706,0.0005211317,-0.00087995536,0.0023509774,-0.0010244864,-5.9620477e-05,0.00079980586
-0.0003201281,-9.4522344e-05,-3.1888462e-06,-0.0009858073,0.0009652234,-0.00024576756,-0.00021569419,0.00018737536,-0.0007223854,-0.00015087386,-0.00015251698,7.5509844e-05,-8.7501205e-05,-0.00016275771,0.00045412872,-0.00015160032,-0.00018671594,-0.00013929332,-0.00013524918,-7.899075e-05,-0.00013656948,-0.0003665005,-7.514729e-05,-0.00087249826,0.00011148293,0.00024604847,-0.00015677788,-0.00013551803,0.0006706896,-0.0005048904,0.0003260064,-9.986109e-05,-0.00010617968,0.00018986798,0.00037585045,-5.325133e-05,0.00040219876,5.90248e-05,-0.00014481468,6.7505534e-05,0.00017508358,-8.5608495e-05,-9.247212e-05,6.601846e-05,4.2032065e-05,-0.000576034,0.00040026428,2.649418e-05,0.00074199506,-4.9306254e-06,-0.0002044231,5.3957738e-05,-0.000587548,0.00015986388,0.00023123469,0.0001527137,-0.00012667407,1.671166e-06,4.9203467e-05,0.00018638937,0.0001687304,0.00021236278,-3.9904266e-05,-5.518582e-05,0.00053135614,-6.997015e-05,-0.00016222803,0.000121642755,-0.00010379543,-0.00027286468,-7.273244e-05,-0.00021709842,-6.567832e-05,7.5327946e-05,0.00022923679,-0.00015619553,-0.00019578672,-1.5800717e-05,0.0001531309,-0.0001516568,0.00014122586,-0.0004210177,-0.00045450698,0.00027325324,-0.000105782485,-0.00024209863,-0.00029369607,-0.00030650446,3.958641e-05,-8.133551e-05,-0.00033193635,-7.321792e-05,0.00017317578,0.00045034342,-0.000114954935,0.000118854565,-0.00012694407,0.0005560356,-8.5572916e-05,-0.00013672313,1.035067e-05,0.00059408514,-0.00010216082,-0.0003707409,-1.3588433e-05,-0.0004648359,7.3292606e-05,7.941629e-05,0.00020374884,0.00010740121,-0.00011215895,0.00011112687,0.00018251098,-1.7533375e-05,-3.5560734e-06,-6.753753e-05,0.00038871603,-4.363114e-05,-0.00012773389,-0.00025553367,0.00037955484,-1.6810569e-05,9.0811875e-05,0.00016514317,-0.00027563635,1.750264e-05,-0.00025476454,-0.0001492926,-2.513907e-07,-0.00018394433,2.1762871e-05,-0.00029926383,3.6280297e-05,-0.00019989464,0.00020178311,-6.292298e-05,-0.00028375516,0.0004514829,0.00085794507,-5.181742e-05,-0.00027113076,-0.00012487972,-1.2971543e-05,-0.0023807923,0.00018557564,0.00016820707,6.604982e-05,1.3878927e-05,-6.130997e-05,-0.00014030164,-0.00014679994,-5.0094524e-05,0.00010573348,0.00017254471,0.00012995719,-7.9761594e-05,0.0004031396,-0.00059677154,0.00014709879,-6.3323925e-05,-0.00024180661,-4.47944e-05,0.0002887457,3.6478787e-06,-3.2818e-05,-0.0002009834,0.000102861304,-3.120779e-05,1.7696695e-05,0.00052286626,0.00071417075,0.00022983868,-3.8854916e-05,-2.3034654e-05,2.225187e-06,-0.00039244237,0.00056952296,0.00010328145,-5.7702247e-05,-0.0002728647,0.00013778014,-0.00021155944,3.758362e-06,-0.0005465479,-0.00023692028,-0.0002469706,-6.250796e-05,0.00025759637,-8.853385e-07,-2.8185776e-05,3.948352e-06,-0.0003473569,-7.145422e-05,9.142915e-05,0.00011044716,-8.653886e-06,0.0002469496,-0.00025449623,0.00018383769,-0.00047931145,0.00039384296,0.00020899964,9.050568e-05,-4.6185305e-05,-1.3169306e-05,-8.5959855e-06,-0.00014134553,0.0001765834,-5.679882e-05,0.00014070797,0.00040410153,0.0003087239,0.00018662307,-0.0003326124,0.000527795,0.00017834365,0.00020668832,-7.7452365e-05,8.9015884e-05,-0.00026126555,-0.00011963804,0.00078116206,-3.583742e-05,-0.00013403191,0.0001503215,0.000613896,-4.0037412e-05,-1.3650017e-05,-0.000344905,-9.3535e-06,-0.00032982026,0.00085386477,-1.3283614e-05,1.40070015e-05,-0.00019386603,-8.459385e-05,0.00023496772,-0.0003947028,0.0001012057,0.00024262846,3.9085517e-05,-0.0006064447,-0.0003190072,6.2648425e-05,0.00039990456,-0.00052673003,-1.3795965e-05,-2.096214e-05,0.0002576731,9.9468e-05,-0.0005104592,-0.0001250116,0.00016099027,-5.9535683e-05,-3.87189e-05,0.00016993626,-0.00016586974,-0.00021583152,0.34149885,5.3884913e-05,3.031728e-05,0.00018046093,-4.025033e-05,-0.0002210748,-7.466218e-05,0.00025835034,0.00026238046,8.034086e-05,-0.00028026736,-1.3910167e-05,-0.00025438197,-0.00014124163,-0.0001293748,-3.8393697e-05,7.321431e-05,6.248182e-05,0.00021760834,0.00016823155,-0.00015151026,-2.3104076e-06,-2.585916e-05,-0.0001791991,3.8964346e-05,-0.00012703054,-8.671288e-06,-7.8717196e-05,-0.00019995397,0.0002690048,0.00024155818,0.0002530799,0.00012308444,-0.0002374673,-0.000576097,0.00036251292,0.0006300008,-0.0002601541,0.001620449,-0.0003151924,-0.00010313125,0.00017836611
-0.00029975307,-0.00039038062,0.00022521819,0.0003387586,0.000987092,0.00033909877,-0.0001435196,3.0477386e-05,0.00013958776,-6.612045e-05,-2.5193007e-05,-2.5793368e-05,-8.270924e-06,-8.332986e-05,-4.9222603e-05,5.017782e-05,-7.366101e-05,-0.00033099117,-0.00058173435,-3.415859e-05,-9.354836e-05,2.9495899e-05,-5.2565127e-05,0.00023148599,7.830871e-05,-0.00020310673,0.000113385184,-7.872213e-06,-0.00049246586,7.699722e-05,0.00027654445,-3.5678677e-05,-0.000645258,0.00044132097,-0.00034561765,0.00045188988,0.00022044832,0.000114827366,-0.000184241,-7.2726725e-05,0.00011285451,2.6165304e-05,8.916077e-06,-0.000103223196,4.4432803e-05,-0.0001443059,0.00033645483,-5.9492355e-05,0.00024260933,9.099982e-05,0.00012875929,4.0564496e-06,-0.00022074704,0.00021067169,-5.9464073e-05,-0.0002148424,-2.8135153e-05,-4.5611614e-08,6.9070986e-05,0.00018581773,4.0179588e-05,-9.6943186e-05,4.6707242e-05,-0.0005157364,6.533788e-05,0.00022157824,-0.00017451923,5.3636286e-06,-2.9027713e-05,-0.0005637003,2.5314948e-05,-1.280138e-05,0.00036957127,-4.8197016e-05,5.93001e-06,0.00039297857,0.0002486375,-7.518616e-05,0.00047294708,9.875068e-05,-0.00013690672,-0.0003848424,-3.0285402e-05,0.00019144613,-0.00012236576,-0.001149261,-0.0001912741,-0.00021631464,-0.00016519098,-3.0405532e-05,-0.000105608306,-2.537807e-05,3.8157477e-06,0.00052453234,-4.6352878e-05,0.00012339304,4.0517443e-05,0.00024617693,-0.00028704273,0.0008139961,-3.11939e-05,-0.00014249881,0.00018781346,-0.00047694193,0.00027832497,9.064219e-05,0.0006089515,0.00027216037,-0.0007523592,-3.1099997e-05,-6.455776e-05,-2.201327e-05,0.000117528536,-5.5032266e-05,-5.5313076e-06,9.8232595e-06,0.00011209435,-9.858177e-06,6.8607704e-05,-0.0001313002,0.00039156593,-0.000109428285,8.7273766e-05,-1.01839905e-05,0.00012761368,-7.214199e-05,-8.445665e-05,-0.0006116937,-7.6573386e-05,7.910805e-05,-2.2549993e-05,-0.0001530205,-0.000119249824,0.0001918273,-1.0656664e-05,-2.3485469e-05,-1.2795132e-05,-0.00042662662,-0.00042113737,-6.833488e-05,-0.00011147835,-0.00019930804,0.00015454236,-0.00082988956,9.11614e-05,4.7505364e-05,-0.00031298984,3.014023e-05,-5.9063277e-05,-6.657338e-05,-0.00031483837,0.00045241433,-0.0001006255,5.0812387e-06,-0.0016296438,7.2900526e-05,0.0008011377,-0.00037353497,0.00010692778,0.00017480257,0.00053560594,6.658649e-05,-0.000107982625,0.00091947865,0.00016831474,-0.00037068065,0.00037783798,-0.00010080739,-1.8053259e-05,0.0009146243,0.00043248181,0.00027803885,-0.000118544514,-0.00027684215,-7.983856e-06,-0.0002578217,0.000121892794,0.00017774684,-3.5459918e-05,0.00012159318,2.14342e-05,-5.8995305e-05,1.0481115e-05,-0.00022540105,-0.00024872206,-0.00062172953,-2.7497934e-05,0.00010902698,5.4921715e-05,-6.6682546e-06,-0.00023664405,-0.00039275648,2.9468847e-05,6.126992e-05,3.3274104e-05,4.371197e-05,4.512438e-05,-7.613056e-05,0.00093311165,-0.0002011096,9.241208e-05,3.862695e-05,0.0005728586,-0.00014851031,1.0065222e-05,0.00026605756,-1.4705588e-05,2.6386984e-05,-0.000258262,0.0008525884,0.00037761906,-0.000112044,0.0001271321,0.00035688863,0.00064036384,4.1428175e-05,0.00024178332,-0.00026315483,0.00011844436,0.00062474527,-7.9799225e-05,0.00017623552,-7.972322e-05,-0.0004730932,0.0003396775,0.0003315063,-0.0001575445,-2.603253e-05,-0.0001347091,-8.3491854e-05,0.0002971288,0.00018502052,0.0002446375,8.870212e-05,-0.00028846698,-8.418089e-05,0.00025748945,-4.009422e-05,0.00017812205,8.766888e-05,-9.898537e-05,-0.000803109,-0.00024584867,0.00020892796,-6.3420164e-05,-0.00024792124,-4.8696806e-05,2.4996702e-05,6.748646e-05,0.00042790006,9.353623e-05,-8.192056e-05,4.6855243e-05,-6.601223e-05,7.833161e-05,-0.00023540239,-0.00023127631,-0.00024047875,-9.7559736e-05,0.341459,-0.00056099024,0.00014295611,-0.0003462316,0.0008575192,-0.00023919802,0.00014393944,-1.6776827e-05,6.147455e-05,-0.00027691489,-8.8795805e-06,8.351976e-05,-0.00018483443,-3.1309282e-05,-2.1367901e-05,5.6631325e-05,4.524294e-05,-2.8422557e-05,-0.00037171206,-0.00011614127,-0.0002933364,-2.4610064e-05,0.0001034061,0.00018993593,-0.0004137527,5.787184e-05,-5.3171392e-05,-0.0015172849,0.00021008289,-0.00013072895,-0.0003209451,3.5597914e-05,-9.735398e-05,-0.00019757236,0.000374611,0.00019323293,-0.000167348,0.0005714316,-0.00028211944,-3.3394248e-05,-0.0002116708
-0.0006884689,-0.0001828279,0.0003191213,0.000710694,0.0024112859,-0.0005557176,-0.0006530896,0.00031907274,-0.00057040626,-0.00011821408,-0.000114516595,-0.0001790212,-4.6500434e-05,-0.00020510647,0.0005114472,-9.458815e-05,-0.0005502531,-0.00038299483,-0.00086667703,4.1955427e-05,-0.00017324023,-9.076172e-05,-8.185602e-05,-0.00045918266,-8.6932836e-05,-0.0002928072,-0.00072206964,-8.1012986e-05,-0.00013100491,0.00021568376,0.00017714287,-0.00011394467,-0.0013702348,0.0008949348,-0.00015345291,0.00062789157,0.00090429507,0.00017543006,-0.0002504586,-0.0001471152,0.00021324639,-0.00066212966,0.00014554553,-6.3762363e-06,0.00013791151,-0.0012809748,0.00028520927,-0.00032458204,0.0011810698,0.000103831,-8.2686485e-05,6.7862915e-05,-0.0008444745,0.0002839959,-2.6812191e-05,-0.001639964,-5.2263167e-06,8.471104e-05,6.327199e-05,0.000483162,0.00012348231,0.00022702056,-0.00012404226,-0.0006364965,0.0022037495,0.00035836888,-0.0002631747,0.0002187622,-0.00023792927,-0.00071175775,-0.00012570633,-0.0003109181,0.00014079429,-4.9694103e-05,0.00019362073,0.0009603145,0.00031318836,-9.104226e-06,0.0012968549,9.1940725e-05,-3.553388e-05,-0.0008828385,-0.0012849155,0.00053252006,-0.0002113065,-0.0012238533,-0.0003573378,-0.00026774462,-6.0749786e-05,-0.00019166505,-0.00038426835,-0.0001011058,0.00026156782,0.0015265659,-0.00020591049,0.00025717646,5.044638e-05,0.0009210157,-0.0006503394,0.00182772,-0.00015338584,0.0005381518,-2.1835842e-05,-0.0004168484,0.0014212941,-0.000338758,0.00019921684,0.0003153899,-0.00012299966,-8.7156666e-05,-0.00014242575,0.00020787164,0.0002801895,-6.3612606e-05,-6.257237e-05,-7.430592e-05,0.00023444515,-4.154026e-05,-8.285454e-05,-0.00041262293,0.0009550133,-0.00014932499,0.00024793923,0.00022594209,-7.4631156e-05,9.122269e-05,-0.00020080662,-0.000711601,-4.768399e-05,1.9029145e-05,9.594964e-06,-0.0001880638,-8.5420856e-05,0.00030244034,0.00012688228,-0.00016031384,-0.00030503998,-0.00055576453,-1.8658544e-05,-0.00026330742,-0.0001934872,-9.6481635e-05,-0.0003785847,-0.001247501,0.00021315325,0.00023553468,0.00016450608,6.8074776e-05,-0.0002332824,-0.00022261456,-3.2067088e-05,0.0006378509,-2.1464617e-05,-0.0003038498,-0.0027209253,-0.00023745687,0.00042322974,-7.925519e-05,7.908665e-05,0.00056963245,0.00050652144,4.6048983e-05,-1.5050974e-05,0.0007873318,0.00023361373,-0.0005530878,0.00080237223,-0.00048029792,0.0003469147,0.002147296,0.00071859,0.0005925447,-6.733536e-05,-0.00034825492,-8.283669e-05,-0.0006269236,0.00058212684,-9.512197e-05,-0.00027428073,5.3912954e-05,0.00028095828,-0.00038420132,-4.800248e-06,-0.001142584,-0.0005401527,-0.0011122926,-8.965961e-06,0.0003381659,-0.000106144,5.142908e-05,-4.0956147e-05,-0.00088565773,1.03711545e-05,4.5439894e-05,0.00012716696,1.7627315e-06,0.000241643,-0.00031835775,0.0018000618,-0.00092177966,0.0004008406,0.000622589,0.0010469934,0.00010413238,-4.2253938e-05,0.0008296956,-0.00012018781,0.00020523953,-0.00016549556,0.0017029577,0.0002800952,0.00053613284,0.00020774105,0.00057736103,5.622132e-07,1.6698825e-05,0.00041286074,-0.00030298094,0.00019256108,4.958133e-05,-0.00020383799,0.0005437492,-3.3069806e-05,-0.00057350483,0.00060056115,0.0009636581,-0.0003558134,-6.1303355e-05,-0.00048426463,-7.0822054e-05,0.00039992723,0.00078891113,0.00034279752,-5.009161e-05,-0.0007266925,-0.00027440704,0.00021814831,0.0004222139,0.00019294496,0.00014562215,0.00015569411,-0.0018395393,-0.0002333568,0.00012224226,0.00014755047,-0.00063706806,-5.97188e-05,3.1843603e-05,0.00010771738,0.00059782306,-0.00012927588,-0.00024706958,0.00022547215,-0.000116863215,0.0001517717,0.00037530204,-0.0004223139,-0.000710516,-6.585812e-05,1.5003571e-05,0.34060323,-0.00060097873,-0.0005161845,0.0011975043,-0.0001895109,0.00033619456,-0.00038522537,0.00011999667,-0.00061594887,-8.200461e-05,0.0003523499,-0.00016319765,-4.1186577e-06,-6.680282e-05,8.8635075e-05,6.879214e-05,0.00014409398,-0.00064595364,-0.00035514272,-0.00039431936,7.094072e-05,0.000119925964,0.000296592,-0.00034463473,1.8763534e-05,-0.000110542824,-0.00057648873,-5.344528e-05,-0.00040808503,-0.00018723984,0.00019028445,-0.00030373016,-0.0008260618,0.0007674027,-1.0496495e-05,-0.00043604983,0.001098294,-0.0003478785,-0.00020054972,0.0006758835
0.00016545411,0.00027983074,-0.00013173108,0.0011813748,0.00012750401,-0.0008533818,0.00017105317,0.000104675564,0.0006643422,7.165658e-05,4.11696e-05,6.7395486e-06,0.0001255289,0.00034948206,0.0006488378,-1.4204613e-05,8.4574585e-06,0.00030241298,-5.308957e-05,0.0003045458,0.00039862667,0.00034200214,-9.2980474e-05,0.0004683822,-0.00021877057,-0.00025726037,-0.0022749358,8.5551816e-05,-0.0005639332,0.0018022419,-0.0004680878,0.00013220786,-0.00077829737,0.00024762366,-0.00075860874,0.00019726067,0.00047351673,-6.541227e-05,-7.504552e-05,-0.00041942508,-6.018726e-05,-0.0007132679,0.00022098894,0.0004850711,-4.357668e-05,-0.0008622206,-0.0013475369,-0.0008436112,0.00011306157,-5.9273472e-05,6.609741e-05,3.604998e-05,4.476024e-05,-0.00040265356,-0.00065825344,-0.001930624,8.121794e-05,0.00018362887,-4.278248e-05,-0.00014773505,-0.00028590497,0.0001705474,-0.00011791171,-0.00026037078,0.001802379,-0.00024360353,-3.9215036e-05,-5.4178763e-05,-6.520653e-05,0.00043284998,0.00020101927,-0.0003989021,-0.0003986085,-0.00022267991,-0.00041842877,0.00054317643,0.00068334397,5.302266e-05,0.00060388254,0.00044811057,-8.1626466e-05,0.00012446163,-0.0010000989,-0.00026959888,-0.00020090166,0.0017197193,2.3454037e-05,0.00028832332,-0.00017115774,7.574964e-05,0.00026543072,7.383261e-05,-0.0002643935,0.0008336905,-4.605496e-05,-2.1352507e-05,0.00040299664,-0.000102013946,-0.0005439775,0.0018201387,-0.00057380047,0.00023812949,-0.00026782966,0.00057317474,0.0021012723,-0.00025830563,-0.0017976485,-0.00013695391,0.00043425284,-0.00070149655,8.342488e-05,-1.1751683e-06,-0.00017322166,-4.3738582e-05,-2.0225812e-05,-8.8564455e-05,-0.0008591015,0.00012820167,0.00020058113,8.888468e-05,0.00029967955,-0.00022446732,1.39165295e-05,0.00017052738,0.00018985473,-0.00015201817,0.00018959054,0.0010282119,-9.108575e-05,8.6340944e-05,0.00014693022,0.00024530402,0.0001275201,0.00056605635,-0.000244448,4.5975008e-05,0.00016764639,-0.0011240621,-0.0013557941,-9.22294e-05,0.00040303462,0.00036754253,-0.00018921072,-0.0003602202,-0.00019387026,-0.0006635929,0.0008639521,3.2527996e-06,-0.0002909084,7.953325e-05,0.0012387509,0.00026212624,0.00013160563,-0.0010650745,-0.0017077859,4.4805784e-05,-0.0015202682,0.0020717157,-0.0008053534,0.0008977448,0.000108377295,-0.00020862,0.00013059599,-0.00039530205,6.491742e-05,-0.00011412409,0.00063111866,-0.000751859,0.00014212955,0.001222156,-0.0017301396,-0.0001033098,-0.0001255264,0.000313324,-0.0002628402,0.00010169034,-2.6877764e-05,-0.0001737267,-9.423349e-05,0.00023196772,0.00041227054,-0.00017321476,8.392531e-05,-0.000250104,-5.1502488e-05,0.0001341369,-0.00017534629,-0.0002511957,-0.00029604742,1.7986014e-05,-0.0002790775,-0.00020367042,0.0002328984,-0.00047209577,-6.7145884e-05,-0.00014053658,-0.00045136362,0.00020244901,0.0014871206,-9.9079436e-05,-0.00049172546,0.00054646516,-6.150788e-05,0.00013984583,-0.000114714814,0.00079197774,-7.814979e-05,-0.00033642407,0.00013930746,-0.0006293844,-0.0013670853,0.0002937222,-0.0002812776,1.8393042e-05,-0.00088898954,-0.00070559705,-5.8913454e-05,-0.00014851698,0.0002759716,-0.00071351556,0.00017713266,-0.0011800923,-5.6380515e-05,0.00067348627,0.0003349313,-0.0002185597,-0.00028566757,5.9547114e-05,0.00013788757,-2.3278585e-06,0.0013737383,-0.00043666063,0.00018312404,-4.455985e-05,-0.00048804804,0.00017653081,-0.0005337229,0.0016477559,-0.000148973,-0.0007925703,0.00013415536,-2.2683224e-05,0.0009849241,-3.992572e-05,0.00013730566,0.000880405,-0.00017091596,-0.00012036992,-0.00014608764,-0.00016208703,0.0011421414,9.7811215e-05,-5.546465e-05,-0.00028540296,0.00057613663,0.0008724075,-0.0001041701,-0.0006225665,0.00060695334,3.205841e-05,-0.0004768484,0.33919415,-0.00024506813,8.6001346e-05,0.0008177207,0.00016400788,-0.0011437485,4.836938e-05,0.00037754545,0.00012061763,0.00075344107,7.0388836e-05,0.00093425607,-7.738006e-05,-0.000120836106,4.5474342e-05,7.5523208e-06,-0.0007134264,-0.00027689774,0.0007066826,0.00045332513,0.00049046054,0.0003885282,0.00023287375,0.00015507117,0.00021629389,0.0019455896,-0.00039777055,-0.0013659819,-2.0042393e-05,-0.00010611129,1.3256036e-05,-1.3142786e-05,-0.0001754562,-0.0013307361,-5.1895764e-05,-0.002588998,4.904588e-05,0.00022462617,0.00075942464
-0.00038849996,-0.0015339552,0.00010581791,-0.0008929351,0.002175685,-0.00014497872,0.0006005885,0.0002551153,0.00038749087,-0.0002523625,-3.3726028e-05,-0.00031821284,-0.00011748536,0.00018510527,0.0005393985,-0.00013314714,0.0002753123,-0.00030703444,-0.000988903,0.0001971793,0.0001942571,0.00021746464,-0.0002145787,0.00046042146,-0.0002453422,-0.00036443622,-0.00056619704,-2.9035788e-05,-0.0009037907,0.0013793152,0.0011007529,-1.5413669e-05,-0.0018745492,0.0010393031,-0.0011548098,0.0011482526,0.0014379291,-0.00011913291,-0.000562021,-0.00070005876,0.00018893498,-0.00016216421,-0.000110620334,0.00034948744,0.00013786914,-0.0009981676,-0.00038222587,-0.0009993475,7.0092065e-05,-7.656898e-05,0.0002768782,4.4769553e-05,-0.0008687171,0.00017256716,-0.0004666365,-0.001396298,0.00027618583,0.00022692289,0.00020208847,0.00023110697,-0.00023482765,0.0001903632,-0.0002953944,-0.0015367272,0.0015748825,0.000110321635,-0.00053732307,6.3064865e-05,-0.00016360403,-0.0011647772,0.00025863413,-0.00058492937,0.001188105,-0.00037156735,-0.00015204624,0.00014838032,0.000984176,1.0689901e-05,0.0005038713,0.00056187,-0.00024679123,-0.00091376685,-0.0016604709,2.345514e-05,-0.0005128673,-0.0011902389,-0.000883474,-0.0009848838,-0.00027968455,3.3531753e-05,-0.00022363849,-2.3997756e-05,-0.0001200254,0.0010729476,-0.00019067297,0.00013779747,0.00052626245,0.00087449234,-0.0009845753,0.003624695,-0.0008543776,0.00054943736,-0.00010354014,-0.00059094885,0.0024230285,-0.00057936064,-0.00064702635,0.00025825962,-0.00043520314,-0.0006817499,-3.5432022e-06,1.7994487e-05,0.00035000732,-0.00015155008,-0.00015032775,-7.159698e-05,-0.000270932,0.00010632875,0.0001034952,-0.00035701724,0.0013328079,-0.0005155626,4.0906594e-05,0.000118082484,0.00023197962,-0.000496539,-0.00012202297,-8.966762e-05,-0.0002669308,8.752975e-05,0.00016735814,-0.00012841634,-2.7289449e-05,0.00068251026,-1.9894753e-05,-0.00023217952,3.7888527e-05,-0.0013160355,-0.00026899154,-0.00041274162,-0.00029735776,0.00014513714,0.0006125182,0.0010841917,-4.920074e-05,-0.00082238414,-0.0006120117,2.0723837e-05,-0.00045809097,-5.7485762e-05,0.0007580143,0.0007062891,4.9067632e-05,-0.0005111328,-0.003779804,0.00037476193,0.0005209979,0.0014402637,-0.00055107335,0.00078299164,0.0010271621,-7.9756464e-05,0.00042733309,0.0025765426,7.7954144e-05,-0.00096831407,0.0011761681,-0.0008366562,5.775764e-05,0.0028326458,-0.00049485365,0.00041144108,-0.00034741336,-0.00024570266,-0.00026819506,-0.00086965977,0.0007454672,0.0005271613,2.4969026e-05,1.2394419e-05,0.00077291863,-0.00038482205,6.01327e-05,-0.00064060465,-0.0006954769,-0.00089717127,-0.00031749016,-2.2438027e-05,-0.00040876697,3.373433e-05,-0.0010117831,-0.0011501289,0.0002803923,-0.00042030538,-1.5323061e-05,-0.00010244849,-0.00039140618,-3.654082e-05,0.0027285172,-9.115909e-06,-3.1042837e-06,0.00047722427,0.000803076,-0.0005582988,-7.9491605e-05,0.0006778568,-0.00033092825,-0.00017747472,-0.00037741874,-0.00013858918,4.2316675e-05,-0.00036942464,-8.4677e-05,-0.0010184107,-0.0003972357,-0.00070527603,0.00022635217,-0.0006113802,0.00040871042,0.0009752359,-4.7619487e-05,-0.00049277116,1.2594496e-06,-0.00018756805,0.0011029238,0.0011666813,-0.00048702743,8.189355e-05,-0.0005013265,-1.4935241e-05,0.001600203,-5.998538e-05,0.00046317367,0.00024349235,-0.0010972873,-0.00019316995,0.00038663045,0.00030707387,1.4376407e-05,-0.0010163411,1.3391121e-05,-0.0015444474,0.00013958217,0.00033691947,0.00055367674,-9.9188546e-05,-0.00017100442,-0.00010744139,0.0005329186,0.000536787,0.0009322519,-0.0002527812,8.970179e-05,-0.00052074355,0.00063285755,0.00031399404,-0.0007543105,-0.00082381093,-5.835229e-05,9.93205e-06,-0.0010028938,-0.0009238418,0.34038597,0.00035526324,0.0005763345,0.00096180773,-0.00055265456,0.00035567078,-0.00026546887,0.00021859928,0.00030098323,-0.00021790135,0.0007960092,-6.788756e-05,-8.094607e-06,0.00021274776,0.00027680723,-0.0010746974,-0.0003362427,0.0011148022,0.00034274356,0.0004692468,0.00090945896,-0.000621562,0.0003118321,5.4239772e-05,-0.00192921,0.0004900164,-0.0014966353,-0.00022922471,0.00019653742,-0.0003120987,-0.0004797713,0.00086743676,8.280856e-05,-0.0006523609,0.0006932804,-0.0009068439,0.00027116932,-0.00030267233
0.0007937595,-0.0013225072,-0.0007597878,-0.0030836829,-0.0015635988,0.00043121932,0.0018192397,-0.00022494076,0.0008030243,-2.4271381e-05,0.00016104178,5.2370557e-05,-0.00015252733,0.0004369033,1.8517349e-05,-0.00015552549,0.0011505211,0.0004692721,0.0006253755,0.00018577832,0.0005033765,7.9655576e-05,-4.896744e-05,0.0008744658,-0.00033970922,0.00039859727,0.00010924473,0.00010067023,-0.00012670479,0.0010563328,0.0009927008,0.00010890386,0.0005125854,-0.000591743,-0.00045841254,-0.00022910227,0.000252116,-0.00047483688,-2.196814e-05,-0.00038426838,-0.00015550242,0.0007945904,-0.00046488916,0.0007270266,-6.227804e-05,0.0012104313,-0.0009152155,-0.00057979807,-0.001210706,-0.00040550684,0.00021597055,-9.844962e-05,0.0003120518,-0.00042166404,-0.00023704747,0.0015705486,0.00023177016,0.000121337245,-0.0001276608,-0.0005949778,-0.00025581132,3.7393445e-05,-0.00014417795,-0.0003278468,-0.001899553,-0.0002596562,-3.904743e-05,-0.00022896043,0.00025106902,0.00020116207,0.00036632572,-0.0003392927,0.00060793775,-0.00022077822,-0.00037362488,-0.0017384961,0.0002375416,-4.6120444e-05,-0.0019769412,0.00019102897,-8.4486535e-05,0.0005069089,0.0007723319,-0.0008223449,-3.974963e-05,0.0017102822,-0.000343898,-0.00060438045,3.6204572e-05,0.00036320297,0.0002412213,0.00014915947,-0.000505376,-0.0011686652,0.00017331896,-0.0002732115,0.00034330666,-0.00039673832,0.00019777413,-4.3653643e-05,-0.0006363217,0.00037838376,-0.0002389072,0.000116010844,0.00045994073,-0.00052198,-0.0019403249,-0.0005535102,0.00023063763,-0.00049655064,0.0001744041,-0.00026732724,-0.00011881459,-3.542503e-05,-1.0092039e-05,-9.688721e-05,-0.00049237575,0.0002074553,7.371781e-05,0.00025017528,-7.8172794e-05,-0.00019993054,-0.00020846384,-0.0002841301,9.4358125e-05,-0.0006681749,0.00011727266,0.0015271695,-0.00017877218,-5.5103803e-05,0.00017138518,0.00010680881,0.0002087083,-5.1312152e-05,-7.702936e-05,-4.1106672e-05,0.00046302902,0.00018616198,0.0003003077,-1.1461727e-05,-0.00017661204,0.0004908954,0.0012825405,-0.0024942274,-0.00037995813,-0.0012310101,8.485664e-05,-0.00011528726,-5.7244335e-05,0.00027690484,0.0011590495,-0.0006391466,0.0002793412,2.1388145e-05,0.001103313,0.0006105278,-0.00067677157,0.0018427478,-0.0008012423,-8.660846e-05,-0.00038374268,-0.00023034983,0.0008874936,0.00026347794,-0.0005064298,-2.561752e-06,-0.00022594885,-0.00020476383,-0.00053964515,-0.00033668807,-0.0017280115,-0.000630114,-0.0002069053,0.00055189605,-0.00020190033,9.747513e-05,0.00017831419,0.0006736674,0.00046196388,-0.00033710946,0.00054013816,0.00022776435,7.7741206e-05,0.0008477477,0.00018032217,0.0012374263,-0.00026143098,-0.0004385576,-0.00020907792,-2.7587663e-05,-0.0010034733,0.00028751916,0.00017311388,-0.0005415827,-0.00012270121,-0.00017491377,-0.00068833155,0.0003876118,-0.0005193518,0.0014149083,-0.00044539373,-0.00035653735,-0.0014953301,-0.00071373774,-8.198705e-05,-0.0007483141,-0.00020759166,-0.00040184974,-0.00013483608,-0.0035205784,-0.0005400701,-0.0009481019,-0.00041593402,-0.002546667,-0.0003015864,-0.00066998776,-0.00042935295,0.00013676914,0.00010779952,0.00027092066,0.00025095008,-0.001163141,5.4818374e-05,0.0011842271,5.0725717e-05,-0.00018159581,0.00019537148,0.0001375048,0.0001121777,6.3469066e-05,0.00089569733,-0.0009250007,-0.00030449172,0.00020738399,5.5640845e-05,0.00042831973,3.3417346e-05,-0.0005292824,-0.0003142011,-0.0015309476,-0.00018274404,0.0014409958,0.0005164668,6.284333e-05,0.0005650784,0.0010701708,-4.2430118e-05,-0.00021626,0.00060227036,-0.0007640809,0.00047438574,0.00011095201,-0.00011739636,-0.0003805452,0.00037402552,-9.195632e-06,-2.7789449e-05,0.00013687354,0.000105333944,2.8185077e-05,0.0008334707,-9.87048e-05,0.00019217984,0.3372321,0.001119135,0.00057811115,0.00012229715,1.8259025e-05,0.00074737065,0.00037677615,-0.00044884757,-3.104015e-05,0.00080239144,3.6621677e-05,-7.007319e-05,0.00018466834,0.00029337654,0.00035769286,0.0002434554,0.002528203,0.00029704737,8.0247184e-05,0.00035095663,4.584088e-05,0.0002827109,0.00026222863,-0.00032911642,0.00079940923,-0.0008809203,0.00048701404,-9.6005875e-05,0.0001350107,0.00047311082,-0.00040591185,0.0005812539,2.2397859e-05,-0.0017837468,-0.00026037532,0.00052001403,-0.0012267621
-0.00047046272,0.001326517,0.00069167383,0.0021957282,5.6903074e-05,0.0002502926,-0.0016488427,-6.562108e-05,-0.0010065786,0.00013698581,-0.000120514145,0.0001255934,6.568669e-05,-0.0005566258,-0.0008053703,0.00019382423,-0.0008961514,-0.00045314588,3.2579217e-05,-0.00047344502,-0.00066746963,-0.00034609938,0.0002510059,-0.0010786126,0.0005336236,-3.4799672e-05,0.0017536865,-0.00020293356,0.0006790574,-0.0024834406,-0.00088507566,-0.00014733455,0.0007506598,-6.3019754e-05,0.0011976099,-0.00037535458,-0.0009222176,0.0005102944,0.00040735624,0.00081478705,-1.4399235e-05,-7.98256e-05,0.00029543738,-0.0008517929,-1.7819984e-05,0.00054498255,0.0017164809,0.0013085104,0.000589814,0.0003825616,-0.00023328663,5.6490233e-05,0.0002100811,0.0005563324,0.0006906404,0.00065659895,-0.00020645949,-0.0002583826,-4.258355e-05,0.00042356856,0.000463938,-0.00025928972,0.00020717719,0.0009083387,-0.00027193959,0.00029059747,0.0002922901,0.0001600566,-8.8953646e-05,7.89811e-06,-0.0005195019,0.0007656824,-0.00062995683,0.00038663883,0.0005716899,0.0009931587,-0.0009166871,9.898606e-06,0.0007593429,-0.0006035376,0.00018604044,-7.771651e-05,0.0007666302,0.00079393596,0.0004162558,-0.0022423095,0.0006383837,0.000715869,6.573376e-05,-0.0003303203,-0.00020279529,-0.00019121308,0.00057424017,0.00011404195,-4.3572654e-05,0.00010812011,-0.00063487707,4.9040107e-05,0.00061539497,-0.0023671687,0.0011698053,-0.0007626974,0.00042700462,-0.00024525123,-0.0023838002,0.0009112968,0.0026797666,0.00037584844,-0.00038522252,0.0011017469,-0.00018181502,0.00022250193,4.6757992e-05,0.000102004386,8.769665e-05,0.00012175474,0.0009167773,-0.00026128552,-0.00011313298,-7.341573e-05,-0.00080528826,0.00048400063,0.00040024676,1.2138627e-05,-0.00018706311,0.0007344541,-0.00012733028,-0.0018422763,0.00029694973,-6.5574684e-05,-0.00029579963,-5.766866e-05,-0.00023328203,-0.00052599673,0.00015332313,0.00014669218,-0.0003936865,0.00088565936,0.00033747318,0.00023631114,0.00010703658,-0.0006889544,-0.0011166946,0.0019570484,0.0004878534,0.0016502424,-0.0003088248,9.8306846e-05,0.00046647454,-0.0002182444,-0.0020198277,8.671514e-05,-0.00035308587,0.00080861757,0.0018229584,-0.0005088417,0.0012318068,-0.0031882976,0.0012632969,-0.00078248786,-6.1844396e-05,0.0003374006,-0.0010236148,-0.00068823306,0.00023081053,0.0006108529,-0.00070458715,0.00095028506,0.00035069356,-0.0016039148,0.0026206905,0.00031271856,0.0003685753,-0.0005229995,0.00039856622,0.00033727635,-0.0004509223,-0.00064993516,-0.00029861712,0.00017301667,-0.0009896785,7.165892e-05,-0.000116769945,-0.0001633726,0.00016854129,-0.00069567206,0.00035695243,0.00029981244,0.00048657498,2.7616206e-05,0.0013102468,0.00038811594,-0.00050780765,0.00077982864,0.00023255609,0.00016389962,0.0008982542,-0.00036239272,-0.0016464099,-0.00075369386,0.0006112321,-0.00034537428,0.0007956893,0.00063798786,7.3982475e-05,-0.00021347882,0.0003593766,0.00059488823,0.00013671335,0.0029413586,0.0011829286,0.0005427321,0.00046623553,0.0024990065,0.0009726806,0.001157652,0.00033964723,0.00018985197,-0.0004960277,1.1637323e-05,-0.0002674558,0.0018182035,3.052308e-05,-0.0011804674,-0.0007271406,-0.00018116302,0.0001594239,-9.793309e-05,7.4098454e-05,-2.4952747e-05,-0.0022515024,0.000806216,-5.2093397e-05,-0.00015821857,0.00070663035,-0.00033025412,0.00024398777,-0.0006757359,0.00027020424,0.002200553,0.00011685616,-0.0005037586,-0.0010078541,-0.00013821184,-0.0009922379,-0.0012268717,0.00021441896,0.00024335053,-0.00062597304,0.00049126224,-0.0009542204,-0.00012920341,1.2915293e-05,0.0006776373,-0.0008514785,-0.0007349878,0.0003825429,0.00083468965,-0.00046271845,-9.36461e-05,-3.537603e-06,0.001640391,0.0003046263,0.0016131243,0.3394761,-0.0009400055,0.00084833446,-0.00018065494,-0.00069995446,-0.00038345935,-0.00016665929,9.595041e-05,-0.0014848922,0.00016908065,0.000118736716,-0.0002499914,-0.0003766544,0.0005408458,8.229127e-05,-0.002817626,-0.00063145615,-0.00048286468,-0.0008495003,6.46464e-05,-0.00044171774,-0.0003171583,-0.00027085567,-0.0005048032,0.00204601,-0.00037515644,6.0614904e-05,0.00011031683,-8.167196e-05,-4.2247775e-06,0.00036246688,0.00035204977,0.002025201,0.00059850246,-0.0004982334,0.00039568168
0.000429373,0.0015478184,0.00027445148,0.0029877592,-0.00214955,0.00052110245,-0.00075492635,-0.000278533,0.00028566318,0.00032406137,0.0001498806,2.6415531e-05,0.00028665297,-6.1355764e-05,-0.0009544253,0.00035228545,-0.0002786369,9.87057e-05,0.0007921271,-0.00013761241,-0.00014352187,0.00017625574,0.00017773478,0.00038830785,0.00032578042,-0.00017649398,0.0008159283,4.5050812e-05,-0.00025305466,-0.0008634483,-0.0014675308,5.1894185e-05,0.001344789,-0.0007277186,0.0005166984,-0.00066393643,-0.0015227867,0.00025222203,0.0006111855,0.0004877849,-0.00023274505,5.8305895e-06,0.0003728098,-0.0005772727,-7.035581e-05,0.0013302608,0.00024204243,0.0009095334,-0.000579231,0.00023779174,-4.1566727e-06,-3.5968922e-05,0.0012104014,-0.00013521616,0.00011784333,0.00043163763,-8.668128e-05,-0.00017997193,-3.90935e-05,-0.00016417861,2.923089e-05,-0.0004205028,0.00019440778,0.0011964426,-0.0013374231,-9.609474e-05,0.00054887886,-0.00016714237,0.00011683704,0.0010078397,-0.00030351977,0.0008230732,-0.0009317477,0.00029587475,2.6597285e-05,0.0007355145,-0.00056018855,1.4210971e-05,-7.553977e-05,-0.0003774887,7.528999e-05,0.0009675876,0.0015339099,-2.1288086e-05,0.0005638615,0.00015930702,0.0010734292,0.0012117679,9.128571e-05,-5.67859e-05,0.00040035154,2.4570307e-05,7.705345e-05,-0.0008086319,0.00019938774,-0.00014944251,-0.0003364279,-0.0012600413,0.0007939736,-0.002041871,0.000872656,-0.0013501557,0.00025674608,0.0007112631,-0.0020249062,0.0012611006,0.0012401141,-1.6299287e-05,-9.860981e-05,0.00062964193,5.354438e-05,4.9664895e-06,-0.00044472664,0.00014074735,0.00013063701,0.00017030317,-0.00012545408,-0.00010725088,0.00012176611,0.00044023833,-0.0013850698,0.00043465508,-0.00011733478,-0.0001138847,0.00011826687,0.00051612325,0.00032438707,-0.00047962318,0.00020155941,5.3477488e-05,-0.00021193922,0.00036803953,-0.00011648584,-0.00025804344,-0.00021324493,0.00034205595,9.450943e-05,0.00020999165,-0.0011560457,0.0004030409,0.0005371652,-0.00024794837,-0.00082218996,0.0019442352,6.406286e-05,0.00088198116,0.00029694068,-4.019766e-06,0.00045324725,5.806319e-05,-0.00088031613,-0.00018459756,-0.0002808098,0.00018177398,0.0022337595,-0.0002863714,-0.0003146192,-0.0011668731,0.00047189486,-0.0004153932,-0.00019804113,0.00011633956,-0.0011049443,-0.0015994351,1.3382577e-05,0.0011787568,-0.00089260953,0.0008077095,0.00020176647,-0.0024066532,0.00029474052,-0.0002570035,0.00022221448,3.4075085e-05,0.00025816797,0.0011871172,-0.0012199447,-0.000787004,-0.00013667904,0.00043048803,-0.0009934496,0.00038115002,-4.118263e-05,0.0007718962,0.0006947055,0.00048004073,0.000252567,-0.00012691974,0.00042566462,-5.3084128e-05,0.0009937503,0.0011548129,-0.00032353736,0.00031721697,-2.0062469e-05,7.088112e-05,0.00022380336,0.00013091901,-0.0021612747,0.00024831967,-0.0003223989,-0.0005246181,-0.00023982621,0.0006843766,9.544658e-05,-0.0002661674,0.00044905787,0.000101294376,0.00036395463,0.0012155791,-0.00022291995,8.9189685e-05,-5.8604088e-05,0.0022121745,0.00021945548,0.00048936205,-0.00014444516,0.00039472416,-0.00048693392,-0.00022965224,5.5612916e-05,-1.6437161e-05,-6.321556e-06,-0.00020050413,-0.0009926831,-0.0015721733,0.0002872816,-4.2550007e-05,0.00074149814,3.5303878e-05,-0.0010019458,-0.00084555143,-0.00023619883,-0.00010762714,0.0010267069,9.8840195e-05,-0.00044557927,0.00035524406,6.8371724e-06,0.0012748293,1.3899844e-06,0.0012377359,0.00010202389,-0.00038053177,-0.0012114573,0.00037420337,0.00014154527,0.00013326835,-0.0009023893,-0.00017567919,-0.0001622973,5.9873117e-05,-0.00011012802,0.0005731216,-0.000462693,-0.00050745346,0.0006980031,0.0009976601,0.00031516666,-6.589237e-05,0.000371764,0.0007103605,0.0005815053,0.0008071317,-0.00078454876,0.34000316,0.00013457649,-0.00021137745,0.00021340481,-0.00020621509,0.00027632967,0.0002568878,-0.000646178,6.1336e-05,-9.24013e-05,-0.00025851247,-0.0005276482,0.00045752138,0.00022813384,-0.0017414957,-0.00036981827,-9.6945e-05,-0.00084127067,0.0005608143,-0.00030655047,-3.624139e-05,0.0012067668,-0.00083670125,0.001048957,-0.000399263,-0.0002034801,0.0004180775,0.00094359345,-0.00092417974,-0.0008988718,0.00075925986,-0.0017564353,0.001089612,-0.000186217,0.00026003702
-0.00019848064,0.00010891643,0.000113146234,0.0008439583,0.00103307,-0.0005652423,-7.7184945e-05,0.00021593661,0.00026903488,2.6652975e-05,-9.391311e-06,-7.790864e-05,1.2739307e-05,9.573574e-05,0.00058050884,-6.731318e-05,-0.00017480909,-2.2807246e-05,-0.00033418907,0.00030102287,0.00014324466,0.00018148887,-9.85829e-05,0.0002692371,-0.00018564162,-0.0002071227,-0.0016633653,1.4148749e-05,-0.0004993837,0.0012753578,-0.0001575841,4.453369e-05,-0.001039143,0.00053790986,-0.00051013625,0.00043813422,0.0005667099,-7.553053e-06,-0.00020408593,-0.00032855725,0.00011231017,-0.0006139093,0.0001711273,0.00013223052,9.963567e-06,-0.0007905545,-0.0008005726,-0.0006756307,0.0006102394,2.2851918e-06,3.5125922e-06,-1.2160612e-05,-0.00028983864,-0.0001323237,-0.00034249356,-0.0017967784,-7.071801e-05,0.00012751792,3.604944e-05,0.00012240981,-8.5943786e-05,0.00022089008,-0.000120143835,-0.00046299672,0.0018065904,1.8784049e-05,-0.00021936008,3.6573263e-05,-0.00012310856,-4.3626787e-05,9.320801e-05,-0.00037402392,-0.00023245375,-0.00013332866,-0.00017260773,0.0007755569,0.0005592435,4.5120938e-05,0.0008099836,0.0002887769,-0.000121862315,-0.0003158899,-0.0010007573,8.835264e-06,-0.00020842913,0.00070927455,-0.00017135977,3.1392174e-06,-3.4573506e-05,4.942267e-07,-3.4508208e-05,-2.2425478e-05,-0.00010250208,0.0009521692,-9.1281094e-05,0.00014582684,0.0002594745,0.00026158476,-0.00061987864,0.0021734952,-0.00043792525,0.00041264071,-9.031521e-05,9.3986055e-05,0.0017418481,-0.00028845758,-0.0008766748,4.9916503e-05,0.0001637987,-0.0005389617,-1.5182211e-05,4.0444327e-05,0.00011149462,-6.9136695e-05,-2.7312239e-05,-2.9933068e-05,-0.00041571163,8.810474e-05,0.00015294204,-0.00015557992,0.0006758264,-0.00016018326,-7.259542e-05,0.00028826887,9.996877e-05,-0.00012631815,-2.0562522e-05,0.0004475635,-9.0231406e-05,6.301859e-05,3.3469147e-05,0.00019157822,4.071899e-05,0.00044614056,-8.3857296e-05,-0.00017125129,-2.9350904e-06,-0.0009749295,-0.0009328195,-0.00022688888,0.00014384772,0.000118944336,-0.00018696152,-0.00080386805,-1.7658593e-05,-0.00035461533,0.0006114345,7.5652506e-06,-0.00028022943,-6.236034e-05,0.00077555416,0.00044876663,5.330366e-05,-0.0007687863,-0.0023795788,-5.4091437e-05,-0.0007564471,0.001247827,-0.00046953894,0.000744644,0.00030332088,-0.000120681325,0.000105673316,0.00047369502,0.0001244148,-0.00057147036,0.0007551608,-0.0006730696,0.00017111422,0.0015912878,-0.0008848493,0.00020160922,-8.512909e-05,3.3121305e-05,-0.00021678215,-0.0003026532,0.00019552035,-4.078091e-05,-0.000115917814,0.00016847203,0.00040930355,-0.0002907032,7.4805765e-05,-0.00056626246,-0.00029179614,-0.00040237166,-9.518908e-05,-6.4030566e-05,-0.00018509042,-5.679346e-05,-0.00027739818,-0.0005128374,0.00022162852,-0.00023055814,-3.0458606e-05,-3.5219833e-05,-0.0001467475,-2.0251427e-05,0.0016490594,-0.00039562755,-7.1588525e-05,0.0005984095,0.00037433783,4.9831346e-05,-4.4822857e-05,0.0008215732,-0.00016464731,-0.00013102965,-2.6221392e-06,0.00041009465,-0.00062679144,0.00035871478,-8.686736e-05,6.277666e-05,-0.00042758818,-0.00043999526,9.627007e-05,-0.00020812987,0.0002755703,-0.00043130547,2.3469674e-05,-0.0005102217,2.2392323e-05,0.00015027958,0.0004719624,0.00024420454,-0.0003240001,5.6910656e-05,-0.00013004673,-2.4048106e-05,0.0011730356,9.906851e-05,0.00022008293,-8.734131e-05,-0.0005994754,-7.5884054e-05,-0.00017787103,0.0010913841,3.7370344e-05,-0.0005226301,0.00011048615,-0.00072304666,0.00047223625,8.5749496e-05,0.00019595474,0.00035441635,-0.00016632391,-7.651615e-05,-6.9212756e-06,0.00017442716,0.0006315022,0.00012497195,-4.2726087e-06,-0.0002764488,0.00044073674,0.0006403196,-0.0002656398,-0.0007445708,0.00027429382,6.45965e-05,-0.000727163,-0.0013344908,-0.00037167274,0.00063465344,0.00043530067,0.0002563481,0.3403649,3.8521524e-05,-6.773342e-05,1.8048624e-05,0.0005948871,-3.576044e-05,0.00056252483,-2.9672165e-05,2.1928148e-05,8.69514e-05,0.00012762407,-0.0006725207,-0.0002595873,0.00032908088,0.00034402436,0.00034383565,0.0003713817,-6.140353e-05,0.00016362342,9.303522e-05,0.00087623775,-0.00027475198,-0.0010977979,-0.00012857314,2.737608e-05,-0.0001803184,-0.00037109986,0.0002874972,-0.0006984123,-0.0002427874,-0.001166955,-0.00021029802,-1.3103734e-05,0.00067158166
0.0012953316,-0.0003752019,5.2182633e-05,0.0015352146,-0.0032169565,0.0016335781,0.001240478,-0.0005986996,0.0020852014,0.0003982357,0.0003990509,-0.00017498757,0.00015910016,0.0005438057,-0.0014660575,0.00038692376,0.0011215674,0.00049508776,0.000950853,0.00011821988,0.00051618525,0.0008453744,5.2097363e-05,0.0025168443,-0.00013153815,-0.0002107543,0.0014067121,0.00024081787,-0.0020954637,0.0013097444,-0.00039020245,0.0001884964,0.00076243666,-0.0007481858,-0.0010697731,-0.000119007156,-0.001260073,-0.00024233473,0.00047845175,-0.0001909633,-0.000275943,0.0007915197,8.909434e-05,-0.00013552974,-3.0865107e-05,0.0030853287,-0.0012076511,-3.003484e-06,-0.0023732139,-0.00011873378,0.00069550076,-0.00018112185,0.0020038995,-0.00050158927,-0.000683095,0.0009393528,0.00019352388,7.057505e-05,-0.00022544416,-0.00073882117,-0.00038158696,-0.0007048349,-5.686477e-05,-0.000114737646,-0.0033776867,-0.0004193735,0.0003322098,-0.000612964,0.0003359508,0.0007240448,0.00027411056,0.0005239161,0.00035023154,-2.2393277e-05,-0.0006556451,-0.00023837933,0.0005419892,-5.104077e-05,-0.0014826132,0.00040427886,1.3579526e-05,0.0015183142,0.0022412369,-0.0010731298,0.0003385049,0.00074834854,0.00053469965,0.0005573804,-0.00012411056,0.00035947753,0.0008720436,0.00023956697,-0.000631946,-0.0013828237,0.00039537935,-0.00052270456,0.00043301788,-0.0018667276,0.00057257444,-0.00039120295,-9.728984e-05,-0.001769095,0.00021828555,0.0007039353,-0.0008713209,0.0014098858,-0.0005020271,-0.00043925227,-0.00095137244,-0.00029432034,0.00030018223,-0.00023654326,-0.0005487271,5.6162535e-05,1.4467265e-05,-3.7195332e-05,-0.0011451166,0.00015806413,0.00033093858,0.00075912784,-0.0012836113,-1.2892304e-05,-0.00035011224,-0.00044645136,0.00080309255,-0.00045432785,0.00069076277,0.00061710225,-0.00016176082,0.00016584269,8.336373e-05,0.00085731014,-5.444522e-05,0.0003982677,-0.00062002585,0.00018708679,0.0008506886,-0.0011547566,-0.0031431115,0.00036030996,0.00064294523,0.00023213768,0.0006797278,0.00089751434,-0.00039468976,-0.0007219606,-0.00012219463,-7.4821255e-05,0.00033488832,0.00038732257,0.00047124224,-0.00011178599,-0.00019866508,-0.00026217083,0.00055722514,0.00056404195,-0.00048282076,0.001333046,-0.00060549466,1.759546e-05,0.00055320846,-5.539488e-05,-0.0005803066,0.0007347877,-0.00040576476,0.0007670881,-0.00054996007,0.00030246202,-0.00027254617,-0.0013249912,-0.001626834,-0.0006881948,-9.508472e-05,0.0002533531,-9.3781404e-05,0.0013606871,-0.0014388021,2.6171732e-05,0.00032732202,0.00059213716,-0.000515937,0.0005985942,8.748581e-05,0.0018759589,0.0008064694,0.0012171137,-0.00013082977,-0.00076751184,1.2359686e-05,-6.8964255e-06,-0.00056074106,0.0011968494,0.0001027047,-0.0004703818,-0.00027861068,-0.00025735525,-0.00090312795,0.00069568236,-0.0015768193,0.0024925957,-0.0011946548,-0.00095978996,-0.0011001626,-0.0001907768,-1.2945804e-05,-0.00053480687,0.00024026592,-0.0005931983,0.00014400005,-0.0019720146,-0.0009249906,-0.0015325858,-0.0006284751,0.0007762867,0.00023379209,-0.0007059572,-0.00054792094,0.00025385665,-0.00034427928,0.0013260929,0.00042599958,-0.0019464015,4.0191084e-05,0.00071763986,-0.00050334615,-0.0019099729,0.00017319291,0.00012195508,0.0010549729,-5.492482e-06,0.0007210325,-0.002530907,-9.970539e-05,0.0004128842,0.0007149634,0.0003021965,-0.00038369867,0.000551666,-0.00031083944,-0.00041090779,-0.00024352566,0.0024923843,0.0009266696,-2.6630814e-05,-0.001076206,0.0018717644,-2.2045188e-05,-0.00015318203,-0.00045836146,-0.0005182283,0.002150602,0.00019617191,-0.00044754252,1.0229593e-05,0.00025040793,-0.0008051377,0.00045940204,0.0011138567,0.00070948724,-0.00010998499,0.00026282904,0.00014240343,0.00024380858,-0.0005369451,0.00032311346,-0.0006602573,-0.00034554402,0.34177372,0.0010159041,0.0002546252,0.00041985104,0.00022880122,0.0005515786,6.9971844e-05,-0.00020684715,-5.000741e-06,-0.000559415,-0.000106846106,0.0005580555,0.0006580109,8.4317566e-05,0.00053244765,-5.890461e-05,0.00033265512,0.00015837289,0.00030781838,-0.00058695057,-0.00018931516,-0.0007348546,-0.0005186484,-0.00036006115,0.0005593459,0.0017923188,-0.0012247259,-0.0010491267,0.0007673996,-0.0044404506,0.0005277454,0.0004965968,-0.0014601542
-0.0010174363,0.00014451024,0.00034242863,0.00017489659,0.0026033893,-0.00050453877,-0.0011750702,0.0003628835,-0.0012795469,-0.00017766524,-0.00022742215,6.090482e-06,-1.11916615e-05,-0.00048166554,0.0004887551,-0.00010472783,-0.0008814375,-0.0005862444,-0.00091274746,-0.00025494143,-0.000554744,-0.000360766,5.234762e-05,-0.0012750637,0.00023354139,-7.822932e-05,0.00022906208,-0.00023855813,0.0008172058,-0.0012026082,0.00018813206,-0.0002326991,-0.00060491177,0.0006537723,0.0005889684,0.0002665299,0.000508145,0.00034020442,-0.00024369544,0.00033796357,0.00020359145,-0.00041822443,6.289411e-05,-0.0005396691,3.2608208e-05,-0.0016742602,0.0012398508,0.0003389518,0.0013526852,0.00013118544,-0.00033152,0.00016043732,-0.0011289006,0.00058566866,0.00055466563,-0.00057833333,-0.00031779293,-0.0001288622,0.00024102273,0.0006866101,0.00031955037,0.0002529933,9.100387e-05,2.6765058e-05,0.0018073514,0.00041302847,-0.00022962248,0.0004264576,-0.00025611417,-0.00078339333,-0.00028435636,-2.4561461e-05,0.00010368774,0.0001639118,0.00056272437,0.00064391224,-0.00038288065,1.3824701e-06,0.0011953625,-0.00030693476,5.1877098e-05,-0.0010172854,-0.00085693947,0.0009237098,-0.00021912473,-0.0019907146,-0.00025637867,-0.00029746906,7.371507e-05,-0.00034046065,-0.0006295171,-0.00022315644,0.0005797335,0.0010441527,-0.00023807755,0.00044450618,-0.00038865776,0.0011073503,-0.0002795983,-6.868403e-05,0.00039340716,0.0005157084,8.8983084e-05,-0.0007648256,-0.00015260995,-0.000333726,0.0015872997,0.00045656558,-9.387285e-05,0.00052659656,-0.00026562196,9.966698e-05,0.0004232882,-2.5693627e-05,-2.5882684e-05,0.00019411935,0.0009518379,-0.00018115705,-0.00030305726,-0.000567075,0.0007036838,0.000101749494,0.00021820527,0.00024505996,-0.00042155953,0.00044422245,-0.0004620524,-0.0014127283,0.00013309874,2.9998737e-06,-0.00012300028,-0.00052094605,-0.00011588733,-0.00018116832,0.0004008339,-0.00010995775,-0.00064379536,0.0004884917,0.0014806305,-0.0001455828,-0.00042963584,-0.00040111082,-0.00053304463,0.00025902828,0.00045298296,0.0009115725,-0.00054308143,6.373697e-05,-7.197004e-05,-0.00032330138,-0.0010131927,0.00039613395,-0.00013750579,0.0004132102,-0.0010812666,-0.00053665694,0.0010302434,-0.0016624404,0.000783805,-7.854643e-05,0.0001455281,0.00022321034,-5.7321708e-05,0.00014587434,0.000384823,-0.00046596723,0.0003002877,8.108077e-05,0.00024309539,0.0007785832,0.0018156001,0.00063753844,7.744619e-05,-0.00054021965,0.0001786518,-0.0008291013,0.0005932728,-0.00010502211,-0.00031559617,-0.00017852687,-3.2440978e-05,-0.00037923985,-6.242558e-05,-0.0011689034,-0.00053969567,-0.001227504,0.00021418795,0.0005416347,0.00016515555,1.6035867e-05,0.0005263995,-0.0007633267,-0.0001517982,0.00052499445,0.00023211594,0.00016302057,0.00072954857,-0.00057232566,0.0010236661,-0.0015552941,0.0009008991,0.00042399028,0.0013143677,0.00017744949,8.3235536e-05,0.00036257607,-5.815817e-05,0.00046078555,-0.00011433779,0.0023220077,0.0011610148,0.0008064012,0.0006296167,0.00056328555,0.00027372775,0.0007832945,0.0004796398,-0.00023587719,-2.4985324e-05,-9.70219e-05,-0.00035811536,0.0014805293,-4.061591e-05,-0.0011405186,0.0002815153,0.0011770304,-0.000161459,-9.100187e-05,-0.0006478921,1.0233129e-05,-0.0008290281,0.0014713116,0.00020973096,-8.658862e-05,-0.0003666506,-0.00037136857,0.00039357014,-0.00052497175,0.00028362373,0.0007925651,0.0002028916,-0.0018344497,-0.0010056961,9.731583e-05,0.00025665216,-0.0015095685,7.88319e-05,0.0002010171,8.7428256e-05,0.00072350254,-0.001279669,-0.00024351098,0.00028800414,0.00017683269,-0.00038282538,5.736043e-06,-0.00028899286,-0.00051140547,-0.0005311487,4.878357e-05,-0.00051201525,0.0005037993,-0.00026525473,0.0013592266,-0.0008200518,0.00015996095,0.0004208742,3.9249426e-05,0.34042042,-0.00029245677,-0.00019709542,-0.0001832598,-0.0006915096,-2.3941286e-05,0.00015046773,-5.4245123e-05,0.00016254488,-6.2998224e-05,-0.00028794789,-0.001247909,-0.00029376597,-0.00031161497,-9.596023e-05,-0.00041321432,-0.0001711689,-0.00033431762,-0.001124134,3.3152257e-05,0.00083505525,-6.717306e-05,0.0003124811,-0.00036944562,-0.0009604393,0.000914442,0.0006102955,-0.0004206118,0.00306322,-0.00027156906,-0.0004231835,0.00062701653
-0.0007569112,0.00067071815,0.00047321533,0.00068263785,0.001321757,-0.00034174422,-0.0012880904,0.0001570866,-0.0012473229,-9.798317e-05,-0.00018792706,3.525944e-05,-6.8914014e-05,-0.00053604605,-0.00018312591,7.231401e-06,-0.00086968933,-0.00054840784,-0.00043464717,-0.0004079908,-0.00059665454,-0.0004661884,0.00018097935,-0.001486664,0.00035164366,8.568309e-05,0.0011480943,-0.0001621128,0.0010933464,-0.0019828244,-0.00019820938,-0.00029502047,2.4807214e-06,0.00023518543,0.0009940749,-4.4319877e-05,-0.00012176685,0.00036707649,5.2853764e-05,0.0004686506,0.00010307421,-7.841562e-05,7.035991e-05,-0.0007697118,0.00010983668,-0.00063962245,0.0016872165,0.00083849556,0.00088364707,0.00030108774,-0.0003437895,0.00015586439,-0.0005878433,0.00055725937,0.0006300207,3.234919e-05,-0.00018429258,-0.00013310774,0.00012491105,0.00051495584,0.00040520763,1.0871513e-05,0.00021067109,0.00036901626,0.0012606772,0.0003972171,-9.043263e-06,0.00023052668,-0.00014568462,-0.00049525365,-0.00038747495,0.00036034005,-0.00011642157,0.00025987535,0.00059743127,0.00060568063,-0.0007071797,1.2278605e-05,0.0008951191,-0.0004674358,0.00020502984,-0.00058742624,-0.00059500034,0.00085288764,0.00011380707,-0.0020730305,0.00019804586,7.980349e-05,5.8077145e-05,-0.0003177881,-0.00042808027,-0.0001364333,0.0005438745,0.00040914788,-5.226666e-05,0.00029125606,-0.00043051722,0.00075228803,0.00023414352,-0.0011524134,0.00071748404,5.0473467e-05,0.00020806838,-0.0003667271,-0.0010046852,0.00013027203,0.0020221323,0.0003703839,3.3847755e-07,0.00081882795,-0.00014547328,0.00024968918,0.00018408088,2.1044149e-05,7.226085e-05,1.9429524e-05,0.0010029363,-0.0002388642,-0.00020439077,-0.0003207063,-5.3523247e-05,0.00028028642,0.00039721595,7.086877e-05,-0.00034994222,0.0005329916,-0.0003185321,-0.0015771363,0.00019187889,2.7553644e-05,-0.00017038753,-0.00034454328,-0.00014488371,-0.00045349944,0.0003314032,5.9483893e-05,-0.00054107135,0.00081493973,0.001233027,-1.2647846e-05,-0.000240008,-0.0005939684,-0.0008345811,0.0020453318,0.00045283794,0.0012406644,-0.0005631299,8.971397e-05,0.00021481453,-0.00024135209,-0.0014949371,0.0001289398,-0.00017954521,0.000698816,0.0008880497,-0.00046153856,0.0010837034,-0.0024907622,0.0010753452,-0.00049608084,-2.109379e-05,0.00027885177,-0.00047788184,-0.00051896065,0.00018163549,0.00017193047,-0.00019767426,0.0005292878,0.00032246773,-0.0004873012,0.0022455715,0.0004423309,0.00019652114,-0.00056537194,0.00030335234,-0.00027556976,0.00016963898,-0.00038523367,-0.0002676393,-0.00014184887,-0.0005155687,-0.00013975307,-0.00010306886,-0.00063931546,-0.00022654586,-0.00093748554,0.00023509239,0.0005659627,0.0002955685,-3.2922177e-05,0.00091487553,-0.00020574294,-0.00033366095,0.0005912124,0.0002616151,0.00013963222,0.0008081802,-0.00043311526,-0.00055674237,-0.001129605,0.00078631047,-2.9212502e-05,0.0010152251,0.0003319204,5.715224e-05,-3.66369e-05,0.000107901695,0.0005315169,7.023121e-05,0.0023800193,0.0011630747,0.0006387494,0.00048255493,0.0011738443,0.00021950787,0.0009552094,0.00030543705,-5.9643717e-05,-0.00040316556,-7.6807635e-05,-0.00033418127,0.0017798602,-3.54312e-05,-0.0011452035,-0.00020387501,0.0006752697,7.90164e-05,-8.725948e-05,-0.00033529077,2.8905673e-05,-0.0015310866,0.0011694417,8.171729e-05,-9.048712e-05,0.00019283639,-0.00033398328,0.0004806286,-0.00075819617,0.00033063974,0.0014413841,0.0001820446,-0.0012380546,-0.0010893544,-8.850436e-05,-0.00024221913,-0.0015850692,0.00017690426,0.00017645267,-0.00018584238,0.00056458934,-0.0014519456,-0.00021323597,0.00015493977,0.00042769665,-0.00061397126,-0.00024406138,1.178716e-05,0.00022999351,-0.0005361655,-5.630878e-05,-0.00018521742,0.0010686552,4.0256644e-05,0.0010942584,-0.0011355352,-0.00032192335,0.00073826,-2.076597e-05,-0.0008419015,0.34106308,-0.00031673434,-9.230716e-05,-0.0012486047,1.3501765e-05,0.00014048723,-0.00015780215,2.7463577e-05,0.00030797924,-3.8798466e-05,-0.0018979785,-0.00045402208,-0.0004444032,-0.00045770104,-0.00011576684,-0.00030602742,-0.0003200083,-0.0002225148,-0.00028626758,0.001512162,-0.00017911047,0.0002563404,-0.00010894097,-0.0005708375,0.0005069804,0.00071270415,-9.8431105e-05,0.0035136985,0.00012450128,-0.0004411926,0.0006017256
-0.00045210117,-0.00041507528,-0.00027074097,-0.0026847871,0.00097499683,-0.0002041776,-3.795388e-05,0.00019510227,-0.0011183909,-0.00027100657,-0.00020345082,7.960628e-05,-0.00012409198,-0.0002734443,0.0004604395,-0.00024983616,-8.453413e-05,-0.00027872607,-0.00028874027,-0.0001391227,-0.00026409287,-0.00059067964,-5.2596108e-05,-0.0013800717,7.986847e-05,0.0003640656,0.0006016244,-0.00018598056,0.0014189332,-0.0013596836,0.0008592582,-0.00018015968,0.00020130927,1.0170306e-06,0.0007528598,-0.00022865637,0.00052314805,-4.567568e-06,-0.00022305847,0.00021187519,0.00015618323,0.00031032998,-0.00035082296,9.9513374e-05,6.77517e-05,-0.0007453413,0.0010087482,0.00020306202,0.0007193381,-3.8931954e-05,-0.00030884895,5.000909e-05,-0.0010014261,0.00031426223,0.0005929752,0.0012575007,-3.3272674e-05,-5.5522505e-05,6.707674e-05,0.000199319,0.00021907271,0.00029521156,4.244049e-05,0.00013225387,-8.852445e-05,0.00012839268,-0.00014267174,0.00023799411,-6.604621e-05,-0.00057265727,-7.957629e-06,-0.00019790402,0.00031692843,1.1395855e-05,0.0004077428,-0.0009993834,-0.00053573825,-9.139021e-07,-0.00033176492,-0.0003097032,0.0001758339,-0.00067308795,-0.00034258232,0.00037219597,-0.0001243364,-0.000737386,-0.00047619574,-0.00077840034,0.00016479522,-0.0001266749,-0.00048346925,-9.2937196e-05,0.00028175765,1.2637869e-05,-9.892249e-05,0.00016385187,-0.00029447413,0.0009298565,5.5260738e-05,-0.0008897844,9.374884e-05,0.00095384865,-0.00012140096,-0.0005569579,-0.00049958384,-0.0008131662,0.00057663856,5.5065662e-05,0.00023568505,0.00029806717,-0.00013921177,0.00015899392,0.0003476745,2.6238997e-06,1.00800025e-05,5.9408585e-06,0.0009210306,-8.913718e-05,-0.00025694023,-0.00034314333,0.00049261755,2.1022803e-05,8.889065e-05,2.293698e-05,-0.00047293032,2.762672e-06,-0.00039621576,-0.00030371855,4.529152e-05,-0.00010212756,-3.5780056e-05,-0.00057841145,5.3480046e-05,-0.0005175364,0.00039090402,-0.00014998305,-0.00034438598,0.001277672,0.00260637,-0.00017443932,-0.0006444512,-0.00016520555,0.00025477185,-0.00084039476,0.0001399684,0.000226877,-0.00045821443,2.5674946e-05,-6.082333e-05,-0.00014100058,-0.0004983025,-0.00028997584,0.00018872775,0.00072754547,0.0014030337,-0.00013392574,0.0008051255,-0.0012602508,0.00045141365,-0.0005361924,-0.000501518,5.2430067e-05,0.00060351077,6.461308e-05,-6.426988e-05,-0.0003386152,-9.9861136e-05,0.00019317998,-0.00023050417,-0.00023355513,0.0011433484,0.00015978787,3.5965313e-05,-6.4254295e-05,0.00011384448,-0.0006913069,0.00088657305,0.0003207919,5.1852436e-05,-0.0005881308,0.000240044,-0.00015994521,-5.5809338e-05,-0.00046647163,-0.00030770752,-0.0001840118,3.4133947e-05,0.0003814511,0.00011447242,-2.5613313e-05,2.2572998e-05,-0.0004247146,-0.000117775475,0.00021697333,0.00012919506,0.00014393227,0.0004296408,-0.00031649676,-0.00020368915,-0.00070681825,0.0006947189,3.981505e-05,4.1337003e-05,-0.00026040152,3.4296427e-05,-0.00048581554,-0.00014593333,0.00031872775,-0.00016185951,-0.0002341375,0.0010660605,0.00024314203,0.00028807585,-0.00133184,0.00039499084,0.00046502557,0.00015734397,-5.0146322e-05,7.876842e-05,-0.00018633912,-0.00021895979,0.0011939482,-4.411511e-06,-0.00029861502,0.00015483126,0.0011280254,0.00011352171,-0.00010913938,-0.0005732303,2.9141273e-05,-0.00082604005,0.0012560311,-7.1001625e-05,1.9473906e-05,-0.00011866512,-0.00012685578,0.0005216806,-0.0013920203,0.0002109028,9.631744e-05,8.486535e-05,-0.0006329611,-0.0007852821,6.8100664e-05,0.0006479963,-0.0010708926,7.195246e-05,7.8561316e-05,0.00058241,8.978137e-05,-0.0014754253,-0.00021183588,0.00020186465,1.9186427e-06,-0.0002942614,-4.5616936e-05,-0.00020638383,-0.00016391664,-0.0006573937,3.3717588e-05,0.00047211582,0.0009434051,7.827479e-05,-0.00076435355,-0.00014559727,0.0005146848,0.00088313955,7.346799e-06,-0.0004229469,-2.4363453e-06,0.34064916,-0.00012776046,-0.00045391268,-6.827604e-07,0.00012189994,-1.6610253e-05,0.00041193247,0.0005492215,-4.552466e-05,0.00019079009,-0.00017516533,-0.00045008166,1.5366815e-05,-0.00028113215,-5.304259e-05,-0.00016634571,-0.0008492854,0.0006430221,0.0008691146,0.00047766877,0.00020266898,-0.00026018106,-0.0007580368,0.00060221,0.001535886,-0.00036466878,0.0035877295,-0.00045791356,-0.00014740118,-0.0001544618
-0.0004562221,0.0012688617,0.0005422274,0.002612478,0.0007648096,-0.00051806343,-0.0013813378,0.00014084319,-0.0006048892,3.8125603e-05,-6.0858118e-05,4.870385e-05,9.7764176e-05,-0.0002513419,-8.146461e-05,0.000117546275,-0.00089161296,-0.0002256682,-0.00025894155,-0.00013091316,-0.00036521934,2.6843195e-06,2.5728195e-05,-0.0006229897,0.00022159597,-0.0002409333,-0.00040893117,-0.00011612976,0.00024496755,-0.0007956503,-0.0010803156,-0.00010821835,-0.00015939896,0.00023463149,0.00045577146,-3.7090475e-05,-0.00031657403,0.0003494722,0.00010193192,0.00038080045,3.1479467e-05,-0.0006373886,0.0004160827,-0.000541939,1.6354988e-05,-0.0006430159,0.0006082591,0.00045537733,0.00081792794,0.00032583767,-0.00021289219,0.00011014786,-7.9429024e-05,0.00024666468,0.00018173906,-0.0010446913,-0.0002611031,-9.784525e-05,4.5208057e-05,0.00038732885,0.00016707969,-2.5047157e-06,0.00013162848,0.0005196737,0.0012827945,0.00028193722,8.706454e-05,0.00014714216,-0.00016987998,0.00015021303,-0.00032808492,0.00030463058,-0.0007626063,0.00018295614,0.00027218257,0.0013798366,-0.00030454854,4.7887646e-05,0.0013019303,-0.00024846333,1.5843414e-05,-0.00021544933,-7.096424e-05,0.00061022746,0.00012309395,-0.00047559539,0.00045127887,0.00069833244,0.00015793325,-0.00024717816,-0.00012366568,-0.00012403731,0.0003888413,0.00078469655,-0.00010807931,0.00020187654,-0.00029149567,1.3990183e-05,-1.703545e-05,-0.00039260119,0.0005700857,-0.00030165215,0.00016783994,4.835365e-05,-0.0004045576,0.00044294473,0.0012413671,0.00025063168,9.062778e-05,0.00044310113,-0.00011996337,0.00015416575,5.2272564e-05,1.260162e-05,2.1244809e-05,0.00013251972,0.00033240343,-0.00012406595,-1.9333685e-05,-0.00014534866,-0.0001235449,0.00022203171,8.9482826e-05,0.00020076963,-0.00011473728,0.0005946775,-2.8019494e-05,-0.00096210494,0.00015737578,3.7529557e-05,-0.000118071206,7.8059136e-05,-0.00013749227,-6.685848e-05,5.5403958e-05,7.827053e-05,-0.00036040446,-8.034797e-05,-0.00045617233,4.8130314e-06,0.00019294785,-0.0002990283,-0.0010254347,0.0010626881,0.0003143735,0.001016506,8.4713865e-05,-2.1086607e-05,7.895878e-05,-0.00018071571,-0.0007963626,0.0003643971,-0.0002649466,-7.612878e-05,6.061352e-05,-0.00043538408,0.0001019107,-0.0011773806,0.0005469921,-2.610745e-05,4.1308358e-05,0.00017107886,-0.00076642365,-0.0006680703,0.00033398744,0.0001668118,6.067481e-06,0.00019997515,0.0004325153,-0.00041271286,0.00089612755,0.00034326504,0.00015103373,-0.00036290396,0.00014976361,0.000104466395,-0.0002773951,-0.00065460074,-0.0003467671,0.00026656874,-0.0004275943,-0.00012418795,-3.625818e-05,-0.00058962917,-4.7227193e-05,-0.0006930939,0.0002202155,0.0002715763,0.00021101355,4.1070605e-05,0.00094909756,1.1185621e-06,-0.00020667494,0.00034670098,0.00014357448,6.194184e-05,0.00059465575,-0.00027358712,7.5714284e-05,-0.0010627018,0.00037722907,0.0002938737,0.00085383846,0.0006485067,8.65613e-05,0.0005468873,0.00017019307,0.00034445754,0.00018625309,0.002502033,0.00013977152,0.000858799,0.00025397362,0.0019152258,-1.1443368e-05,0.00051420677,0.00028491352,9.7948185e-05,-0.00025520418,-0.00046571146,-0.00016666735,0.00071623776,-8.8756475e-05,-0.0007165421,-0.00019973473,-0.00012855294,-0.00011714388,-0.00010716137,-1.4666133e-05,-3.5829034e-06,-0.00082399265,0.000593365,0.00017973309,-0.00017545046,8.661368e-05,-0.0002764434,-0.00019249857,0.00049322634,0.0001489468,0.0011345082,0.00023471983,-0.00090168003,-0.00028147787,-0.00016194044,-0.00047794878,-0.0005758251,5.1560375e-05,0.00016494755,-0.000558877,0.00041892246,-0.00045681593,-5.1095372e-05,7.586739e-05,0.00030288758,-0.0003692858,7.5262695e-05,0.0001048829,1.640078e-05,4.6276036e-05,-7.808553e-05,-0.00041010667,2.6699272e-06,-3.4469325e-05,0.0016554113,-0.0008052028,-0.0005957956,-0.00014134006,-3.2722426e-05,-0.0005297493,-0.00027352638,0.00037660607,0.3422933,-0.00070863793,-1.7610912e-05,8.06267e-05,-0.00013854368,-0.0002394519,-0.00011483149,-0.00013977333,-0.0018547316,-0.00022354758,-7.3550524e-05,-0.0003727924,0.00014066785,-0.0002255467,-0.00017526443,0.00087767997,-0.0007820066,0.00072505896,-0.00032160265,7.918912e-05,-3.7120593e-05,-0.00021415782,7.7543635e-05,-0.00066352636,5.1801253e-05,0.00074838166,0.00037591893,-0.00032621596,0.0010178707
-0.0002142001,0.0010707027,0.00012614584,0.00065376895,-0.00011430616,-0.00023371297,-0.0010447401,-3.8297265e-05,-0.0008930514,4.791154e-06,-2.802657e-05,0.00018166246,6.1871615e-05,-0.00030248478,-0.0002881681,7.896259e-05,-0.00058126857,-5.6528293e-05,0.00029568892,-0.00026645695,-0.0003354114,-0.00036625878,0.00012393646,-0.0010259144,0.00020205992,0.000102552054,0.00077287795,-0.000109513785,0.0010804923,-0.0017453156,-0.0005636289,-0.00010838039,0.0010083438,-0.00035858637,0.0010025231,-0.00057876384,-0.00072371704,0.00025057627,0.0002991636,0.0005610943,-0.00010051072,-6.0547987e-05,0.00013723776,-0.00043611618,-8.503276e-05,-0.00024845696,0.0009841977,0.0008826811,0.0006910765,0.00019155422,-0.00032219253,1.8253782e-05,5.6674126e-05,0.00023704651,0.00051944226,0.0006087224,-0.00024826193,-0.00016083615,-6.159167e-05,0.00012445277,0.00022568429,-5.610706e-05,0.00011557569,0.0010269824,-0.00027982527,0.0002397668,0.00026399485,0.00011679117,-6.4495207e-06,0.00030960812,-0.00028305588,0.000431048,-0.0006067628,0.00027115145,0.0003379901,0.0002418474,-0.0008368106,2.8553328e-05,0.00025494045,-0.00048998016,0.00026414744,0.00013697668,0.0004896205,0.00045856024,0.00025292078,-0.00072479696,0.00050554983,0.00046253833,0.00018455247,-0.00015593764,-6.814687e-05,-5.5973138e-05,0.00032193505,-0.0003193812,3.3552897e-05,4.056585e-05,-0.00039962877,0.00013553558,0.0005405065,-0.0023171161,0.0007524867,-0.00018039212,9.2682014e-05,0.00014557509,-0.0016275154,0.0002905427,0.0013580214,0.00012321855,0.00029008195,0.00063011755,-9.772834e-05,0.00015194272,-9.1998576e-05,6.766447e-05,1.0370546e-05,0.00010236294,0.00064344285,-0.00013757484,-0.00012199519,2.9276305e-05,-0.0005344459,0.00039583392,0.000110128996,-6.020615e-05,-0.00028265084,0.0005452692,-0.00010704272,-0.00073950976,0.00023083383,-4.2831696e-05,-0.0001454234,-0.00014534093,-5.4394048e-05,-0.0005523229,0.0001419849,0.00018792936,-0.0002508764,0.0010764422,0.0012329443,0.00021909768,-3.2708864e-05,-0.00038289154,-0.0007409363,0.001012873,0.00012667089,0.0010092017,-9.014856e-05,7.4036097e-06,0.00029232993,-7.74097e-05,-0.0011268002,-0.00027472372,-0.000104844,0.0005912849,0.0019745955,-0.00034558447,0.00046749704,-0.0020045636,0.0007853904,-0.00060740847,-0.0005393651,0.00012414323,-0.00045512864,-0.0013401672,5.0525567e-05,0.0006137254,-0.00065128115,0.0006512697,0.00010501192,-0.0012281934,0.0014911526,7.436654e-05,0.00025443238,-0.00011676266,0.00024671154,0.00024433254,-0.00017055577,-0.00048775284,-0.00018504026,-5.285663e-05,-0.0005750145,0.00012589822,-4.863693e-05,-8.946936e-05,0.00024885638,-2.8817285e-05,0.0002582147,0.00018890532,0.00030171295,-2.743776e-05,0.0009903563,0.00040539404,-0.00030412542,0.00048834307,8.4973275e-05,0.00013216259,0.00053952774,-0.00016133217,-0.0013641646,-0.0006247165,0.00036531326,-0.00015005615,0.00019935567,0.00046342,0.00011408889,-0.00031424323,0.00022101746,0.0003826118,0.000109155844,0.001359973,0.00074863574,0.0005477446,0.00023041127,0.00093419733,0.0003280333,0.0007670492,4.063195e-05,0.00022237604,-0.00035202113,-0.0005238054,-0.00010190858,0.0011646134,8.222558e-06,-0.0005276041,-0.00062486646,-0.00017921026,0.00024650423,-9.8266755e-05,-1.4180885e-05,5.025773e-05,-0.0015128807,0.0005833565,-0.00018120049,-0.00020640287,0.00059966504,-0.0001340441,9.168875e-06,-0.00055660674,0.00016421734,0.0012077024,8.687372e-05,0.000102170525,-0.00055988214,-0.0002270862,-0.00041978093,-0.0008884856,0.00012778759,0.00013085075,-0.0003396677,2.3645145e-05,-0.0011549833,1.3321977e-05,4.046329e-05,0.0004546335,-0.00056688464,-0.0002182909,0.00035568696,0.00040154177,-0.00027235897,-2.5355332e-05,0.00039827736,0.0010047451,0.0004336569,0.00041191047,-0.00081620715,-0.00057264563,0.0006827004,-0.0001959734,-0.0002522533,-0.00023671743,-0.00032810122,-6.904661e-06,0.3411591,8.357791e-05,7.413061e-05,-0.00018151064,-0.00015885175,0.0006699793,0.00011741662,-0.0015309018,-0.00034705328,-0.00046280512,-0.0006812056,0.00022375108,-0.000271724,-0.00016297075,0.0006509926,-0.00029797235,0.0015037423,7.047475e-05,2.6109217e-05,0.00013747717,-0.00010679626,-9.533147e-05,0.00032752915,0.0002852226,0.002005228,0.0005687151,-0.00030870814,0.0005031741
-0.0003346368,-0.00094466255,5.4738684e-05,-0.0018905229,0.00090314506,0.000476278,0.00017371924,1.3024884e-05,-0.0005554906,-0.00024862,-0.00012530008,2.469953e-06,-0.00016652251,-0.00017628078,-8.084826e-06,-0.00012694903,0.0001239957,-0.00029528796,-0.00033248353,-0.00014057849,-0.00024403911,-0.0004018906,-3.472171e-05,-0.0006237038,0.00010783245,0.00020029962,0.0012865583,-0.00014535672,0.00045930257,-0.0009626007,0.0009984222,-8.0542944e-05,-0.00013618894,0.00022852886,0.00030030054,0.00013462847,0.00046421497,2.090457e-05,-0.0001556586,0.00010983828,0.00012580324,0.00045637102,-0.00031309307,-0.00017036917,0.00015887247,0.0004327193,0.00091017096,0.00022334342,0.0002508135,-4.7605237e-05,-4.5407058e-05,1.894619e-05,-0.0005514985,0.00031544105,0.00038913512,0.001162494,6.790451e-05,-6.823628e-05,2.9842042e-05,0.0001575029,0.00014369661,3.756521e-05,-2.1605483e-05,-0.00039716208,-0.00052420667,9.714221e-05,-0.00019180446,9.450016e-05,-3.6695044e-05,-0.0008006297,1.8213255e-05,-7.0938404e-05,0.00071089616,4.521073e-05,0.00034716335,-0.00070250494,-0.00027231316,-1.0851612e-05,-0.00051736785,-0.00014242984,-2.7579787e-05,-0.0005541022,-0.00021328265,0.00022978464,-6.8056295e-05,-0.0016812144,-0.00046426748,-0.00079273916,-6.829512e-06,-9.4529394e-05,-0.000347311,-9.924584e-05,0.0001976776,-5.1788084e-05,-1.979667e-05,0.00013212649,-0.000178826,0.000643976,3.3773726e-05,-0.00022335618,6.526272e-05,0.0004124911,9.595737e-05,-0.0007078938,-0.00039523706,-0.0003311156,0.0007327641,9.055378e-05,-0.00037774362,0.00031102163,-0.00013012064,1.0390537e-05,0.00022688124,-1.309322e-05,-4.530482e-06,-9.1583686e-05,0.00064004236,-8.051403e-05,-0.00012811886,-0.0002489134,0.00031545287,-1.954351e-05,0.00010094218,-2.0379704e-05,-0.00023279607,-0.00015838289,-0.00029177632,-0.0006359955,4.5834087e-05,-3.0882693e-05,-0.00010442479,-0.0003608474,-3.8153572e-05,-0.0002615569,0.00026099474,-8.473437e-05,-0.00019119601,0.00066730846,0.0012469958,-3.8579725e-05,-0.0005604069,-0.00026989076,0.0004928143,-0.0003430868,0.00017514618,9.956592e-05,-0.00059580745,3.0990857e-05,4.689076e-05,-0.00013214743,-0.00057192636,-7.092105e-05,4.3934964e-05,0.0006954012,0.0003002429,-9.4346724e-05,0.0012140302,-0.001267568,0.00037085684,-0.00035223083,8.1130434e-05,3.2417192e-05,0.0003335016,0.0012146981,-3.167385e-05,-0.00048341847,-3.5378143e-06,0.00024336192,-0.00011679723,0.00033619528,0.0014117277,0.00015981322,3.8643913e-05,-0.00021968492,0.00012285948,-0.0004478223,0.0006604796,0.00043588283,8.902685e-05,-0.0003732261,0.00011697975,-8.0723206e-05,-5.2933676e-05,-0.00014144117,-0.00027687722,-0.00035341879,4.133907e-05,0.0002256038,5.2796895e-05,7.651947e-05,-0.00030323994,-0.00037934986,-8.656861e-05,0.0002651473,7.926882e-05,3.7550588e-05,0.0003286873,-0.00022190069,7.875962e-05,-2.589816e-05,0.00048073422,-0.00020845683,0.00022229874,-0.00033577444,4.1139992e-07,-0.00043379498,-9.903452e-05,0.00035954601,-0.0003498047,6.8612535e-06,0.0010273124,-0.00030825337,0.00021775729,-0.0007151469,0.0007193189,0.00039118054,0.00014175415,-0.00011821474,8.5818996e-05,0.00064855843,-0.00018119806,0.0010216602,6.540251e-05,-0.00043170573,0.00020394975,0.00089601724,8.1267775e-05,-7.7225726e-05,-0.0003996356,-6.4309104e-05,-0.00064948486,0.00064915244,3.802456e-05,0.00018420578,-7.323296e-05,-0.0002095991,0.00067182886,-0.0012770804,0.0001568374,0.00022945195,-7.0528054e-05,-0.00046183384,-0.0007327279,9.786322e-05,0.000244311,-0.0008303485,8.582033e-05,5.6947774e-05,0.00046099315,0.00025233696,-0.00057932915,-0.00015780263,7.6419055e-05,3.557041e-05,-0.00019573233,-0.00039905967,-0.00021554944,8.409631e-05,-0.0006940036,-1.5328926e-05,5.4636002e-06,0.00096603925,-3.4175737e-05,-0.00040680505,-0.0002785417,0.00043706308,0.00076861447,8.185445e-05,-0.00037760765,-4.1464173e-05,-0.0006396612,-0.00013090027,-0.00038859516,0.34172675,0.00010739423,9.418768e-06,0.00018178894,0.00027589715,6.900121e-05,0.00017062931,-0.00021244946,-0.00026419244,4.745352e-05,-0.00038465764,-5.3830627e-05,-0.00013171823,-0.0017244304,0.0007054808,0.00045224276,0.00015017214,0.0001351114,-0.0001671726,-0.0004686555,0.0005600943,0.0014154894,-0.00025265422,0.0024765488,-0.00045314347,-0.00011222497,-0.0006837311
-7.023803e-05,0.0011859267,0.00052257,0.0029498925,-0.00071260554,0.00028614473,-0.0010128188,-0.000121810364,-0.000265259,0.00012164039,7.719122e-05,8.3759705e-06,0.00021278673,-0.0001849727,-0.0006337153,0.0002194062,-0.00059298956,-0.00011569601,0.00019238188,-0.00018187915,-0.00028890677,8.3871644e-05,0.00018097382,-0.00015411522,0.0003412823,-0.00028191126,0.0007260276,1.0387598e-06,-0.00022497,-0.0010555896,-0.0011273312,-5.129729e-05,0.00050203153,-0.00016321821,0.00045544535,-0.0002485761,-0.0009828974,0.0002998072,0.00037315572,0.00041034192,-9.722662e-05,-0.0002597751,0.00036958163,-0.00046834126,5.4703138e-05,0.0007664922,0.000526328,0.00079354725,0.00019652772,0.0002816235,-1.9860669e-05,-2.2243052e-05,0.000595067,0.000168775,0.00011493446,-0.00016506032,-0.00013889761,-0.000109645254,-2.3853001e-05,0.0001485613,0.00016136612,-0.00027217346,0.00015316912,0.00064583845,-0.00026442818,0.00026635735,0.00025932398,-1.7237462e-06,-2.3678273e-05,0.0003938963,-0.00023468937,0.0005986487,-0.0005994761,0.00023000501,0.00013680584,0.0010901497,-0.00037839785,6.1018414e-05,0.0006779334,-0.00031147676,0.00018822824,0.00028950538,0.0007934326,0.00028433287,0.00034770812,-0.0009284654,0.0007194778,0.0008699491,0.00011804247,-0.00012536897,0.00015411431,-4.3005104e-05,0.00018608735,-6.400249e-06,9.1079055e-06,5.006752e-05,-0.00021501299,-0.0005546472,0.00041012594,-0.0013232137,0.0006423295,-0.0009967954,0.0002366365,0.00016970283,-0.0012302076,0.0010114057,0.0014781447,0.00021928124,-0.00010658176,0.0004971926,-1.943182e-05,0.00015447455,-0.00014339466,5.7431054e-05,5.263434e-05,9.789493e-05,0.00014985797,-0.00012123317,4.6893376e-05,0.00012436684,-0.0007592755,0.00029818964,0.00010010954,2.4755856e-05,8.697924e-05,0.00050154893,0.0001792172,-0.0009351121,0.00012962926,7.792067e-05,-0.00013792164,0.00012890485,-0.00016773507,-0.00013136741,-8.316898e-05,0.00016089506,-7.9565434e-05,2.91188e-05,-0.000888033,0.00020165455,0.00037614568,-0.00033545907,-0.0008952033,0.0025290109,0.00025628373,0.0009611141,8.004747e-05,2.2775557e-05,0.00030982558,-5.334155e-05,-0.0010533455,0.00013265332,-0.00030849967,0.00016578527,0.0011278482,-0.00022186204,0.00030387117,-0.001451354,0.00059422175,-0.00030593434,0.00010715842,0.00016989345,-0.0009631917,-0.0007971041,0.00015171146,0.00052361225,-0.0004248314,0.0005079583,0.0002962947,-0.0012166363,0.0009687018,5.999663e-05,0.00014882871,-0.0002802812,0.00019151246,0.0006274896,-0.00070047635,-0.0006682024,-0.0002205654,0.00036295943,-0.00071278284,0.00015865678,-4.1394684e-05,0.00010570932,0.00028448866,-0.00025561528,0.00016842198,9.833922e-06,0.00032171383,3.077439e-05,0.00094829424,0.0005227429,-0.000215557,0.00034638148,5.9440288e-05,8.870147e-05,0.0003395161,-5.1681913e-05,-0.0008911208,-0.00019962224,2.7536917e-05,-0.00019343443,0.00036096317,0.0005564969,8.36607e-05,9.026786e-05,0.00027836356,0.00018133112,0.00021169204,0.0020625975,0.00021688308,0.00029042392,7.707445e-05,0.0018941266,0.0002395646,0.0004917467,4.8147256e-05,0.00021795412,-0.0003749033,8.2564156e-07,-6.658549e-05,0.000491752,-6.728311e-06,-0.0006023663,-0.00052173634,-0.00073797884,7.295245e-05,-3.97094e-05,0.000363926,-2.5609066e-05,-0.0009598026,-8.11363e-05,-2.5725069e-05,-2.021868e-05,0.00053142937,-0.00019859563,-0.0001995909,0.00026166977,3.4242403e-05,0.0013490363,8.832523e-05,0.00013882079,-0.00021051895,-0.00016708879,-0.0010569118,-0.00018118664,9.363508e-05,0.000111473375,-0.0007417317,0.0002378982,-0.00018816633,1.4936585e-05,-4.037583e-05,0.00041972817,-0.00038641493,-0.000459355,0.0003659251,0.00074063905,0.00015735712,-6.444314e-05,-8.027946e-05,0.00059438235,0.00017504368,0.0012040156,-0.00091624324,-0.0009156422,9.876732e-05,-6.279966e-05,-0.00019477126,-0.0001996276,0.00030039498,0.00016905976,-0.00066653197,0.0001108368,0.3415948,-0.00015879518,-0.00041235174,0.00011520976,0.00011722247,-0.0018172895,-0.00029481144,-0.00011814617,-0.0005646601,0.00030414134,-0.00023024916,-0.000119902055,0.00060894556,-0.00074630196,0.0009785973,-0.00042250854,-2.30704e-05,0.00019946427,0.00035342888,-0.00030193862,-0.0005856681,0.00036814853,-0.00074482115,0.0006994718,-0.0002105161,0.00040790433
-0.00029879098,0.0030977624,0.00080229837,0.004496935,-0.0017480735,0.00023311202,-0.0026230398,-0.00023116321,-0.0013835985,0.00027874354,-2.7488262e-05,0.00017254721,0.0001922728,-0.0007050221,-0.0012701572,0.00043225958,-0.0014730103,-0.00028857362,0.000726912,-0.0006599423,-0.00090798095,-0.00040550935,0.00045171665,-0.001580655,0.0007172666,4.028942e-05,0.002077791,-9.581056e-05,0.0013769076,-0.0038745664,-0.0023515518,-0.0002430414,0.0021158787,-0.0007920312,0.0019708164,-0.0012017497,-0.0021912393,0.0007413654,0.0009118448,0.0013082175,-0.00019535984,-0.00021808544,0.000579399,-0.0013901927,-0.000102203354,0.00092785823,0.002089938,0.0022327711,0.0005127614,0.00071238034,-0.0004168572,6.926618e-05,0.00085248746,0.00055231806,0.0009316632,0.0010152748,-0.0006390813,-0.000415494,-2.7762526e-06,0.00034532754,0.0005824886,-0.00048192858,0.0003798939,0.0023644068,-0.0010601934,0.0004303872,0.0007254413,0.000105420084,-1.7778639e-05,0.0010206457,-0.0008163216,0.0014359995,-0.001707812,0.00073925295,0.0007250667,0.0016094053,-0.0016651234,6.712522e-06,0.0009774923,-0.0010913764,0.0003405264,0.00068443536,0.0018625199,0.00087767636,0.0007776939,-0.001509679,0.0015729006,0.0018078001,0.0002558155,-0.000374925,3.7541366e-05,-0.00015538074,0.0007644868,-0.00060439954,0.00014255191,8.466731e-05,-0.0010222585,-0.0008452259,0.0013344741,-0.005095303,0.0020001212,-0.0014978229,0.0005562308,0.0004534803,-0.004282742,0.0016572331,0.003822641,0.0002806195,0.00017965783,0.0017409747,-0.00012592366,0.00022130196,-0.00031434948,0.00023585792,0.0001038324,0.00032828256,0.0011073509,-0.0003921247,-0.000112629576,0.00021789827,-0.0018668617,0.0009823157,0.00013583082,-9.847347e-05,-0.00031133243,0.0013579032,7.3905496e-05,-0.0022761126,0.00056881894,-5.222322e-05,-0.00042002325,0.0002197873,-0.00028641886,-0.0009293076,9.8041295e-05,0.0003988099,-0.00053420756,0.0015744412,0.0002836898,0.00048140602,0.00060865475,-0.0008441392,-0.0020218997,0.0041864323,0.00051265414,0.002571088,-1.4362967e-05,4.791103e-05,0.000848481,-0.00017423538,-0.0028567777,-0.00024958162,-0.00053201476,0.0010386825,0.005108269,-0.0008599403,0.00078014773,-0.0046454724,0.0018561162,-0.0013430903,-0.0006671312,0.00046838776,-0.0017975924,-0.0031166752,0.00024527332,0.001676438,-0.0015277923,0.0016120299,0.0005337158,-0.004369148,0.0029802849,0.00010591022,0.000586585,-0.00044988538,0.0006436856,0.0010104605,-0.0013912411,-0.0013441478,-0.00046692777,0.00035707065,-0.0017763207,0.0003964716,-0.00018910629,0.00026917525,0.00076857494,-0.0002419393,0.00067053,0.0003213368,0.0008219981,9.945228e-06,0.002552934,0.0013365704,-0.00076586095,0.0011605147,0.00024613866,0.0002716367,0.0012871713,-0.00038630437,-0.0033675141,-0.0010729741,0.0005741007,-0.00062658166,0.00059260795,0.0013308097,9.740985e-05,-0.00042618907,0.0007266348,0.00078607467,0.0005315071,0.0042994763,0.0010842409,0.0011868741,0.000497871,0.0042732917,0.0006799318,0.0017145901,0.00016252026,0.0006687244,-0.0010111876,-0.0008804156,-0.0002889134,0.0021460918,-2.3184346e-05,-0.0014161275,-0.00159759,-0.0013269363,0.0004645019,-0.00021416073,0.0005877793,1.7148666e-05,-0.0035142943,0.00062467076,-0.00033971382,-0.00034914652,0.0015550957,-0.00023941134,-0.00022932404,-0.00036472414,0.00021818407,0.003390925,0.00023374929,0.0003911838,-0.001071581,-0.00052103994,-0.0016549987,-0.0013244912,0.00036617173,0.0003759326,-0.0014023343,0.00024816772,-0.0019104887,-8.169049e-05,8.228762e-06,0.001184483,-0.0013501381,-0.0009024916,0.0010202297,0.0016250047,-0.00017671517,-0.00017002263,0.00065581646,0.0022313187,0.0009188641,0.0020841819,-0.0022717642,-0.0019965807,0.0010562713,-0.00044723888,-0.0006117122,-0.000627696,-0.00013566388,0.00027912753,-0.0022803394,0.000120415825,9.6780124e-05,0.3407264,-0.00076653686,0.0011415812,0.0002606078,-0.0045334,-0.0009613334,-0.0007282215,-0.001691083,0.0006936439,-0.0007131506,-0.00039340116,0.0018362998,-0.0014556978,0.0034267101,-0.00047774118,-4.8584014e-05,0.00036646385,0.00041327055,-0.0006915712,-0.0004087376,0.0009010489,0.001683535,0.0015312311,-0.0007673673,0.0011645954
0.00014038195,-5.1767183e-06,0.0005192105,0.0018856399,-0.00046287125,0.0007292851,-0.00017680522,-0.00016210653,0.00060394546,0.00016604958,9.3027906e-05,-0.0001642543,0.000112702066,-2.0268395e-05,-0.00095593545,0.00025146676,7.395193e-05,-0.00015021999,4.2812635e-06,-0.00014654099,-4.7265297e-05,0.0002912137,2.1287713e-05,0.0006914298,0.0001457538,-0.00034747328,0.0009715475,7.2263254e-05,-0.0011173494,3.198975e-05,-0.000319871,3.8576032e-05,-7.132085e-05,2.3188828e-05,-0.00027104156,0.00021831671,-0.00052702555,0.00013575413,0.00019382883,9.54895e-05,-1.6090356e-05,0.00012752671,0.00021503693,-0.0006431692,4.762203e-06,0.0011065505,0.00013673863,0.00030743598,-0.00067731633,0.00012210294,0.00023504598,-9.372345e-06,0.000733731,0.00013789586,-0.00012865732,-0.00015982628,0.00010366368,-2.0397285e-05,5.1897034e-05,2.0294108e-05,7.527469e-05,-0.0003966247,6.5634704e-05,-0.00017104897,-0.00060647726,-9.7474694e-05,0.00015599933,-0.00014762356,3.1350442e-05,-2.9073719e-05,-0.00013284374,0.000408603,0.00023280302,4.7193193e-05,-6.344347e-05,0.0007320037,0.00017280589,1.5272515e-05,0.000105606516,8.5321204e-05,-6.3435175e-05,0.00024806565,0.0005932813,-2.8592234e-05,0.00023634594,-0.0012788374,0.00037445102,0.00039458717,-4.8449765e-05,-4.873277e-06,0.0002371081,3.342202e-05,-1.7812261e-05,-0.0001035311,6.1517276e-05,-0.00011636862,1.4101139e-05,-0.0005979175,0.00014764654,-9.319611e-05,0.00026720043,-0.0010967057,0.00026093094,5.940671e-05,-0.0006059056,0.0009815556,0.0009187878,0.00015609415,-0.0007855716,0.00020185935,2.9653205e-05,-6.478145e-05,-0.00014572772,2.5838825e-05,1.6433272e-05,5.6387988e-05,-0.00019658048,-3.8963783e-05,0.00014853643,0.00017064296,-0.00051486527,8.8175635e-05,6.579554e-05,-9.8225624e-05,0.00036114172,3.9065977e-05,0.0002215675,-0.0007374021,1.1204745e-05,4.6189238e-05,-5.874341e-05,0.0002501531,-0.00016345805,0.00022797495,-0.00020743482,0.00011554423,0.00015561447,-0.0007011518,-0.0016268739,0.00013732999,0.00033963294,-0.00016977536,-0.00018230508,0.0013947748,0.000108352164,0.00029921602,-9.088291e-05,5.1480896e-05,0.00018211902,4.3829823e-05,-0.00049039547,0.0003035212,-0.00028254013,4.6669207e-05,-0.00086067314,3.082354e-06,0.00039679027,-0.0003051871,0.00014985372,1.739434e-05,0.0006678469,0.00020945971,-0.0007270509,0.0006216989,5.568465e-05,0.0003153314,-0.000112932845,0.00028539417,0.00018825554,-2.2346381e-05,0.0005172093,-1.046916e-05,-1.8721268e-05,-0.00028278178,5.7100933e-05,0.000480026,-0.00064712885,-0.00026229833,-5.613105e-05,0.00042342226,-0.0004504603,0.00017927909,-9.912758e-06,0.00043585905,0.00015401095,-0.00021972111,-6.502868e-05,-7.649396e-05,0.00016196244,8.546793e-06,7.512263e-05,0.00028186457,-0.0001078486,0.00010103588,-1.845934e-05,-7.0958864e-05,-3.6134777e-05,9.9194775e-05,-0.00038680143,0.00051621604,-0.00020781346,-0.0003350898,0.00031892373,0.00017706356,2.0899504e-05,4.4559732e-05,0.00019372572,-5.2426665e-05,6.1033876e-05,0.0008712888,1.6994632e-05,-0.0005077751,-2.2384744e-05,0.0015094539,0.00027821344,9.131368e-05,4.0542058e-05,-5.7814763e-05,-0.00031646938,0.001010148,4.076896e-05,-0.00017854692,-3.497034e-05,-0.00045861848,-0.00016132237,-0.00066080946,-4.162357e-05,-2.2232492e-05,0.00037469727,-8.98509e-05,-1.8501447e-05,-0.000748361,0.00016082106,0.00012936309,0.00026619638,-0.00017302569,-3.3656947e-06,0.00026220753,-6.7161875e-07,0.00062046014,-1.2960579e-05,0.00010452062,-1.3351858e-05,-2.6831067e-05,-0.00090608833,0.00021805438,2.7646474e-05,1.1080322e-05,-0.00043767964,0.00024679984,0.0008158947,-0.00011229179,-0.00015201536,0.00018316678,-6.7757974e-05,-0.00061254663,0.00015465467,0.00059749593,0.00011272895,-5.8455247e-05,-0.00043771396,0.00037998718,-7.511664e-05,0.0008812957,-0.0005130879,-0.00049979443,-7.246471e-05,6.600536e-05,-1.6633403e-05,-6.1882497e-07,0.00033751386,3.8855902e-05,-0.00024203013,2.7769094e-05,-2.9284158e-05,-8.48269e-05,0.3412954,-0.00024649888,0.000106154206,-0.000758749,-0.0001513061,0.00017434348,-0.00014944904,3.242755e-05,-5.80473e-05,-3.1578977e-05,-0.001046837,-0.00025919924,2.1775737e-05,-0.0005763749,-8.260297e-05,0.00015468527,0.0006056349,-0.000231949,-0.00044910016,0.00026256414,-0.00112347,0.00034655523,2.2922724e-05,-0.00033555838
-0.00027291605,-0.0012863823,-1.5792621e-06,-0.00060243555,0.0023329456,-0.0005714911,0.0004960237,0.00022717826,0.0005516998,-8.7893895e-05,-5.8451842e-05,-0.00032999352,-0.00013488768,0.00023091273,0.0007475765,-0.00016126373,0.00029964704,-0.00011494104,-0.00089768163,0.0001937788,0.0003448281,0.00024059857,-0.00018713193,0.0005112663,-0.00033633175,-0.00030987902,-0.0014748499,2.8883798e-05,-0.0008943709,0.0019777424,0.00087418547,3.6314243e-05,-0.0019353599,0.0009957209,-0.0012318945,0.0010511901,0.0013320231,-0.0001743669,-0.00052386924,-0.00069926545,0.00016724356,-0.00033068983,-9.95367e-05,0.00047772523,6.112998e-05,-0.0014899094,-0.0008196188,-0.001136283,0.00018148261,-0.00018465151,0.00031457737,1.5261961e-05,-0.0007717808,-5.339083e-05,-0.0005723041,-0.0019869134,0.00023269223,0.00023408081,8.9060144e-05,9.876522e-05,-0.00022472886,0.00021089076,-0.00019612044,-0.001506157,0.0022646228,3.9426228e-05,-0.00044545287,-6.357236e-06,-9.311726e-05,-0.00086168107,0.00032992373,-0.0006806912,0.000817918,-0.00036623076,-0.00032824074,0.00023813895,0.0010879678,-1.0936417e-05,0.000654119,0.00058804586,-0.00017316753,-0.00077650044,-0.001725778,-7.6705495e-05,-0.0004997264,-0.0001816637,-0.00083475304,-0.00079688214,-0.0003069531,0.0001478488,-8.882863e-05,0.000122065554,-0.00028219316,0.0012160715,-0.00013751723,4.7834816e-05,0.00056030066,0.00085127057,-0.001046264,0.0034265674,-0.0009856432,0.00070326746,-0.00015749455,-0.00035899645,0.0030043891,-0.00068522844,-0.0012365459,0.00020517416,-0.00033360854,-0.0008354561,7.071074e-05,1.1021318e-05,0.0002751033,-0.00012628814,-0.00014019394,-8.969286e-05,-0.00050381,0.00017385917,4.963732e-05,-0.00022456895,0.0013011126,-0.0005626313,2.2551803e-05,0.00021890349,0.0002689715,-0.00051341613,-4.2940188e-05,0.00041863415,-0.00028256956,5.0192793e-05,0.00019002757,-0.00013516942,3.514098e-05,0.0007713283,-8.592717e-05,-0.00022031585,0.00016196177,-0.001401372,-0.0005341583,-0.0003591078,-0.00026600898,0.0003328914,0.00053515064,-0.00032635225,-0.00016508816,-0.0010208278,-6.360342e-05,-3.1815275e-06,-0.00047406205,1.3581122e-05,0.0011410005,0.0006670709,0.00010957613,-0.0007674736,-0.004736797,0.00037286748,-8.324542e-05,0.0020001824,-0.0007545868,0.0010704041,0.0008461261,-0.00014941927,0.00060194475,0.0020294245,7.490292e-05,-0.0011002142,0.0012087724,-0.0009903492,1.6140031e-05,0.0033958098,-0.0009172781,0.00024591316,-0.0003502097,-7.396928e-05,-0.00035573167,-0.0007109892,0.0007171744,0.0005514915,6.620845e-05,5.456771e-05,0.0008700743,-0.00031717005,0.00010079298,-0.0006135496,-0.0006217206,-0.00067605055,-0.00038906132,-4.563512e-05,-0.00044628934,3.7450198e-05,-0.0010649156,-0.0010671166,0.00041334252,-0.00057725824,-0.00013360444,-0.00015412827,-0.00057610316,6.998636e-05,0.0029726303,2.3414112e-05,-0.00022907172,0.0005918116,0.00067500817,-0.00052540476,1.8226032e-05,0.0008615223,-0.00031733056,-0.00029470524,-0.00026539466,-0.00034340637,-0.0004431036,-0.00022448342,-0.0001514961,-0.0013424036,-0.00049949775,-0.0009086485,0.00018811839,-0.00058310246,0.00047672266,0.00046156006,7.806534e-05,-0.00073444936,-7.982368e-05,0.00014905978,0.0010696246,0.0010758068,-0.0004495573,0.00016230879,-0.00040343174,-2.0527434e-05,0.0020373818,1.34070215e-05,0.00044240357,0.00018653752,-0.0011085585,-3.329952e-05,0.00016645921,0.00074162113,-5.4539905e-06,-0.001265853,4.462161e-05,-0.001256093,0.00046422106,0.00038508643,0.00064266636,0.0001620388,-0.00021110925,-0.00015635719,0.0005002718,0.00033941562,0.0012310449,-5.3610314e-05,6.207678e-05,-0.00059061864,0.0007370118,0.0006156429,-0.0006515902,-0.0011847124,0.00013066056,7.338339e-05,-0.00117687,-0.0015189215,-0.0007786446,0.0003769118,0.0008321831,0.00097391626,-0.0008696612,0.00029452972,-3.525731e-05,0.00025756846,0.00043326145,-0.0002511628,0.0010505298,-0.000103278326,-2.37091e-05,0.0002596121,0.0003682555,0.3399153,-0.00036590217,0.0013693674,0.00046301258,0.0005331357,0.00094421563,-0.0005118045,0.0003678052,0.00012160049,-0.0009799775,0.00044370373,-0.0018313786,-0.00013178181,3.9530154e-05,-0.0002216667,-0.00054090976,0.0006873816,-0.000296375,-0.0005565886,-0.0005810111,-0.0008263177,0.00019488801,0.00010340891
-0.0007788554,-6.8434485e-05,0.00012091191,-0.0003635123,0.0026559664,-0.0010151077,-0.0006784736,0.00042174506,-0.00085778884,-0.00026932955,-0.00020741823,-5.081235e-05,-7.0558825e-05,-0.00029086063,0.0009060812,-0.00020473584,-0.000607836,-0.0003848814,-0.00083104835,5.8792644e-05,-0.00020612493,-0.00028354448,-0.00015347864,-0.001063762,7.630799e-06,-4.0735024e-05,-0.00087747094,-8.59114e-05,0.0007024464,-0.00017538674,0.00028581845,-0.00014811939,-0.0011716121,0.0007919941,7.9008045e-05,0.00046481757,0.0009913432,0.00017815318,-0.00035701503,-6.003507e-05,0.00022657095,-0.0006111251,3.931677e-05,2.5670653e-05,7.069563e-05,-0.0019429054,0.00040701064,-0.0002724312,0.00125112,2.7487738e-05,-0.00029705276,0.00014843387,-0.001252498,0.0002581658,0.0001539255,-0.0013270683,-0.00020237143,5.930583e-05,4.5944278e-05,0.0005095927,9.1469214e-05,0.00040935923,-0.00017295168,-0.00047108234,0.0027958027,0.00038936018,-0.00034946116,0.00031020943,-0.0002678023,-0.0006719141,-7.734845e-05,-0.00042395544,4.4653505e-05,1.3334334e-06,0.00029990004,0.00052558654,7.968075e-05,4.2961852e-05,0.0012063311,2.3700795e-07,8.225539e-05,-0.0010033591,-0.0018393999,0.00058539625,-0.0003556514,-0.00072210823,-0.0004444827,-0.00045227155,6.0742837e-05,-0.0002323998,-0.00049458776,-0.00017487607,0.0003390226,0.001176853,-0.00023335029,0.00038685638,-3.43686e-05,0.0013068988,-0.00062864687,0.0009998706,-0.00017070664,0.00095346896,-7.0534006e-05,-0.00042148004,0.0013241641,-0.0007398416,0.00010315264,0.0003651571,0.00030558076,-5.5418386e-05,-0.00014403476,0.00020468085,0.0003219384,-8.3182866e-05,-7.1295835e-05,1.6561571e-06,0.00044976216,-8.532102e-05,-0.000120285826,-0.0005159217,0.0010141175,-9.009836e-05,0.00014776173,0.00026075324,-0.00030733985,0.000108835055,-0.0003093281,-0.00047324243,1.7668972e-05,5.2476626e-05,8.968307e-06,-0.00037810794,-6.2904173e-06,7.3474635e-05,0.00027325362,-0.00020379739,-0.0004703895,-5.0923663e-05,0.0011061283,-0.00026717986,-0.00030618056,-0.00014977998,-0.00034541695,-0.0008797306,0.0001479447,0.00022665881,2.8563976e-05,6.5602064e-05,-0.0003115144,-0.00025265722,-6.978855e-05,0.00038341724,-2.3407629e-05,-0.00016060214,-0.0017568282,-0.00030773907,0.00030932704,-0.0003391049,0.00015130507,0.00031510505,0.00011716655,4.2328476e-05,0.0002591497,0.0002821974,0.00029597376,-0.00063679373,0.0007033554,-0.00045041105,0.00029768664,0.0016733593,0.00078376464,0.00048090584,-6.015303e-06,-0.00025642128,-5.044735e-05,-0.00085383345,0.0008545423,-3.5272806e-06,-0.0002683918,-0.00017864438,0.0003850104,-0.0004631738,-4.4296303e-05,-0.0012103627,-0.00059497065,-0.00101538,-9.591004e-07,0.0005188518,-0.00014807124,6.237103e-05,6.327624e-05,-0.0009743893,5.1498682e-05,0.0001569223,5.746461e-05,-2.6846315e-05,0.00041245384,-0.0003953454,0.0017984158,-0.0012428648,0.0006072786,0.0007050277,0.0009512909,6.765096e-05,5.6450703e-05,0.0006478492,-0.00022092511,0.0002771462,-0.00014127335,0.0013368323,0.00042529975,0.0007085015,0.00022918177,-0.00021921466,-0.0004387751,0.00016642602,0.00029396446,-0.0003056233,0.00020259911,-0.00045966016,-0.00022256431,0.00078739296,-4.2728563e-05,-0.00049884245,0.0005934662,0.0012745245,-0.00027148874,-4.3560296e-05,-0.0006316211,2.3098888e-05,9.75967e-05,0.0012829715,0.0002637691,-4.470509e-05,-0.0007014313,-0.00024741105,0.0002417829,0.00010562119,0.00022081495,2.6162577e-05,0.0002237487,-0.0018445122,-0.0003415661,0.00016706693,0.0004853665,-0.000998799,-4.6364476e-05,8.2279046e-05,0.00024597213,0.00048415604,-0.00060144067,-0.000109929926,0.00023531784,-0.00011975937,0.00010231838,0.0005718787,-0.00044207237,-0.0008370414,-0.00027423442,3.76912e-06,-0.0006251123,-0.0005152483,-0.00042030646,0.00072860613,-6.95425e-05,0.00050805043,-0.00012516537,0.00018308852,-0.00064374594,-8.24161e-05,2.8520457e-05,-0.00011578177,-3.5295263e-05,-6.8986425e-05,0.00013071357,4.9857084e-05,0.00029296445,-0.0003969251,0.34153056,-0.00030449813,5.177461e-05,-6.512034e-05,0.00028845138,-0.00023524599,-6.8813006e-06,-0.00015440174,0.00030032924,2.4620405e-05,-9.931182e-05,9.609031e-05,0.00029823405,-0.00040196045,-0.0010271958,0.00089325104,0.00036527796,-0.0005640125,0.0023903933,-0.00043608347,-0.00015117203,0.00094955816
-0.000500245,0.0038286035,0.0010231705,0.006389399,-0.0010722125,4.754759e-05,-0.0033517864,-6.3352134e-05,-0.0015538133,0.00036784972,-9.524462e-05,0.00022604312,0.00042927885,-0.0008067033,-0.0011891741,0.00049361127,-0.0019015318,-0.00042421598,0.00054012553,-0.00061164843,-0.0009867477,-0.00027222323,0.00042902536,-0.0014956553,0.00083049043,-0.00015949935,0.0016848351,-6.5405104e-05,0.0010718664,-0.0037674988,-0.0028931065,-0.00022628576,0.001971606,-0.0006663616,0.002095622,-0.0011159325,-0.0024088416,0.00092391233,0.00088906824,0.0014774193,-0.00020387367,-0.00067044137,0.00082158315,-0.0015537697,-8.356499e-05,0.00043322548,0.002195759,0.0023128418,0.0010518902,0.00084872753,-0.00054928876,0.00013587311,0.00091529655,0.000591807,0.0009438568,5.9291124e-05,-0.0007223493,-0.00048090337,5.400511e-05,0.0005268929,0.00061447854,-0.00044127883,0.00046143905,0.002507227,-0.00021543936,0.00043111152,0.0007878101,0.00020044952,-0.00010215505,0.0011634988,-0.0009689745,0.0015255127,-0.0020882238,0.0007927676,0.000800895,0.0023972734,-0.0016879997,4.5941357e-05,0.001752508,-0.0010906991,0.00041370012,0.0005909106,0.0016386566,0.0011687271,0.0008339663,-0.0018465116,0.0018962547,0.0021801074,0.00044767236,-0.00052990403,4.60348e-06,-0.0002530622,0.00089513586,-3.658212e-05,9.133401e-05,0.00023751424,-0.0011828687,-0.00079670676,0.0012438461,-0.004829273,0.0021965199,-0.0017382549,0.00052689284,0.000604697,-0.004426335,0.001929287,0.0041997875,0.00047801447,0.00014736115,0.0017895147,-0.00019352566,0.00016888595,-0.00023163672,0.00021524858,0.000160837,0.00035394047,0.001094179,-0.0004219596,-0.00015808668,0.00014602397,-0.0019013236,0.0010213582,0.00024652565,6.1284394e-05,-0.00032142858,0.0016853216,3.082074e-05,-0.0025490737,0.0005999011,5.921554e-05,-0.00048247701,0.00022657456,-0.00032349283,-0.0008571711,0.00011456387,0.0004306529,-0.0006584833,0.0012949228,-0.00023438108,0.0005493886,0.0006672108,-0.0009999592,-0.0025605373,0.0045396667,0.0006638112,0.0030317043,9.51403e-05,0.00010387553,0.0007843398,-0.00026649167,-0.00314954,-1.496941e-05,-0.0007135266,0.00087496603,0.003928783,-0.0011409852,0.0007059702,-0.004802161,0.0020434663,-0.0011507609,-0.0005712514,0.0005154022,-0.0022531177,-0.0034072385,0.00048279756,0.0016925198,-0.0014204567,0.0016571155,0.0007211105,-0.0038888657,0.0031988511,0.00034196104,0.000622098,-0.0006057812,0.0006694316,0.0011494309,-0.0015443582,-0.0017317398,-0.0006798356,0.0005637922,-0.0019358117,0.00026327273,-0.0001847799,-7.354066e-05,0.00072577526,-0.0005877232,0.00073852134,0.00033156868,0.0009320731,3.475173e-05,0.002943316,0.0013278947,-0.00081705506,0.0012750551,0.00024861644,0.00038163498,0.0014726614,-0.00046494845,-0.003480425,-0.0016209243,0.00067531667,-0.0003742843,0.0011116195,0.0016565431,0.00014748384,-2.1444488e-05,0.00079455366,0.0008241414,0.0007108915,0.0055070873,0.0010034348,0.001517075,0.0006109346,0.0049079885,0.0008108986,0.001892073,0.00015952026,0.0006864238,-0.0010463137,-0.001053788,-0.00032695432,0.002304211,-7.0043425e-05,-0.0017192349,-0.0016801433,-0.0015212056,0.0003656453,-0.00021648628,0.00059011456,4.4338696e-05,-0.0036662288,0.0007326328,-0.0002112356,-0.00051061093,0.0015583298,-0.00033668574,-0.0004212885,8.380776e-05,0.0002655044,0.0038518305,0.00031761514,-7.5458345e-05,-0.0010613197,-0.0006011953,-0.0018885091,-0.0014146627,0.00035413407,0.00045856688,-0.001730163,0.00046712346,-0.0017681881,2.8971295e-05,-1.5778933e-05,0.001316714,-0.0014528786,-0.0008333767,0.0010508364,0.0014390934,-6.0640286e-05,-0.00016330993,0.00027160178,0.0019719182,0.0008228699,0.003038227,-0.0025961595,-0.002259781,0.00079828175,-0.00036797786,-0.0007867776,-0.00073944737,0.00022023945,0.00032688322,-0.0024670982,0.00013931855,7.559793e-05,-0.00055590144,-0.0009046447,0.0009520901,0.00015554132,0.33506295,-0.0009743684,-0.0007098597,-0.001814768,0.00074738555,-0.0007931146,-0.00045865652,0.0018703745,-0.0018525515,0.0035213085,-0.0006702673,-1.4718463e-05,0.0003209718,0.00039846014,-0.00072423357,-0.0010381051,0.0009282779,0.0012280275,0.0016980019,-0.000910609,0.0017227249
0.00019479686,0.00012411986,0.0003531616,0.0011303734,-0.0015176472,0.0014712319,-0.00022829097,-0.00041673772,0.00023055518,0.00021757606,0.00012101477,-5.9799793e-05,0.000105269784,-0.00019578761,-0.0015383337,0.0003430119,7.878234e-05,-0.00024072024,0.00024704452,-0.00031017239,-0.0003238067,0.00019279848,0.00015570478,0.00060617755,0.00023171745,-0.00015252345,0.0028042486,-1.224146e-05,-0.00051813293,-0.0013792801,-0.00024294599,-5.0372335e-05,0.0011586136,-0.00055713195,0.00031769773,-0.00025932098,-0.0013334823,0.0001846182,0.00042088484,0.0005855957,-9.756791e-05,0.0008316523,4.8948128e-05,-0.00068028073,-1.3812917e-05,0.0015928255,0.001142478,0.0010916386,-0.0011951771,0.00013104232,0.00024446307,5.224878e-05,0.00087421143,0.00033398063,0.00036273652,0.0017569339,-0.00013279507,-0.0002607584,-3.443446e-05,-5.041446e-05,0.00016458286,-0.00059566624,0.00030455188,0.0005849558,-0.002628764,0.00012855433,0.00034296396,-0.00016931872,0.00016261164,-3.9380622e-05,-0.00018338091,0.0009254725,0.0003773811,0.00025319628,0.00019425954,6.945689e-05,-0.00054143294,-8.5238855e-05,-0.0006416814,-0.00030161766,0.00015699396,0.0005465775,0.0020891596,6.1440034e-05,0.0004496252,-0.0016508395,0.0005575851,0.00036590654,0.00013053515,-4.6403267e-05,0.00019712547,3.642784e-05,0.00011331024,-0.0010719034,0.00018734948,-0.00014234922,-0.00034164186,-0.0007820871,0.0008142634,-0.002141161,0.00085489574,-0.0014172212,0.00054985425,-9.596176e-05,-0.0024902602,0.0012813815,0.00251408,9.850914e-05,-0.0009658862,0.0008819853,6.236689e-05,-4.8647646e-05,-0.00016455748,0.0001057593,6.4817534e-05,0.00021521801,0.00041191973,-0.00011833527,-5.469686e-05,0.0002728596,-0.0010972009,0.0003641482,-4.302633e-05,-0.00038302972,0.00018543957,0.0002823102,0.00022040574,-0.001380043,0.00011500722,0.0001102354,-0.00013675702,0.00012624825,-0.00022308003,-0.0003325054,-7.231573e-05,0.00019486155,0.00011373362,0.0004164591,-0.00051954214,0.00028175145,9.95497e-05,-0.0005137802,3.6192163e-05,0.004090021,0.00010112649,0.0007905208,-0.0014103425,-2.2568114e-05,0.00049760705,7.991068e-05,-0.0015038678,-8.335545e-05,-0.0003775289,0.0009270026,0.0018907231,-4.6405275e-05,0.0011954769,-0.0019159425,0.000823897,-0.000855772,0.00033589642,0.00031286452,-0.0009653971,0.0004368397,-7.95887e-05,0.000785782,-0.0009327862,0.0010541519,-0.00017043219,-0.0020816715,0.001337434,-0.00017855271,0.00020186868,-0.0003811691,0.00032551592,0.00072127115,-0.0010144506,-0.00019056244,7.31804e-05,0.00024935958,-0.000994404,0.00048369638,-6.3432795e-05,0.0009804545,0.00044943707,0.00013178967,0.00023309622,2.9383543e-06,0.0003924878,-5.2921532e-05,0.0004688331,0.00079650263,-0.00025724218,0.00038864795,1.7055308e-05,0.00013463938,0.00022253048,7.889764e-05,-0.002035499,0.00081077445,-2.1201095e-05,-0.0009801837,0.00016943947,0.00011017291,4.94064e-05,-0.00078032736,0.00039499314,0.00017825521,-0.00011479563,0.0010825192,0.0009167976,-0.0006856108,0.00015478242,0.0014042996,0.0007865441,0.0007357825,2.2687634e-06,0.00017409203,-0.00065196585,0.0012502312,-5.4943554e-05,0.00025709107,2.1001715e-05,-0.00077371625,-0.00074570574,-0.00086856016,0.00034948165,-7.456302e-05,0.00043466967,2.8453469e-05,-0.0013159624,-0.0007826473,-0.00023686198,0.00020695182,0.0009362714,-8.722923e-05,0.00021752928,-0.0011877881,5.3089767e-05,0.0010028122,-8.7895474e-05,0.0008083541,-0.00070802984,-6.321849e-05,-0.0010801592,-0.00028395528,0.00021695864,0.00013456047,-0.00042009703,0.00019199267,-0.00042989917,-1.0682988e-05,-4.2262673e-05,0.00053161115,-0.0006783525,-0.0013510467,0.0004350702,0.001109398,-0.00019029745,-0.00010699909,0.0003600942,0.0019092571,0.00035780782,0.00058124814,-0.0010905926,-0.0007994316,0.00088703085,-0.00015631493,-9.2334216e-05,-0.000115694755,-0.0003138935,0.00019227043,-0.0009223213,0.00011010345,-2.5452897e-05,-0.00018893802,-0.00057456695,0.00050443795,0.00047459072,-0.0014112032,0.34022915,-0.00023684977,-0.0006423002,-3.8459108e-05,-0.0002446772,-0.00017646208,-0.0020931156,-0.00020742543,0.0013067621,-0.00051980594,-4.6414327e-05,0.00036460982,0.00097275083,-0.00042711556,0.0003166256,0.00052233326,0.0010033998,0.0005831133,-0.00015157984,-0.00091829477
-0.00045599864,0.00084607885,6.9433256e-05,-0.00032247946,0.0007267477,-0.00041786558,-0.0009578149,0.00010584631,-0.0011203401,-0.00018001122,-0.00017294544,0.00028089632,2.7124472e-05,-0.0003429325,0.00016368428,-5.8241312e-05,-0.00064031605,-0.00018792287,5.2170035e-06,-0.00024504628,-0.00039905906,-0.00044798225,3.979221e-05,-0.0011938788,0.00022465702,0.00024026606,0.00038456224,-0.00013822751,0.0013582396,-0.0016208122,-0.00024422727,-0.00017507149,0.0007497747,-0.0001500573,0.0010566708,-0.00047909826,-0.0002873451,0.0002390656,3.2387346e-05,0.0005201399,5.9760263e-05,-6.073068e-05,1.2212807e-05,-0.00030518847,1.6204747e-05,-0.0009813836,0.0010623458,0.0006722247,0.00091033743,0.00012166036,-0.00043838864,5.5862747e-05,-0.0005053276,0.0003253451,0.00070708164,0.00059766247,-0.00021217582,-0.00021559918,4.0469487e-05,0.00027338395,0.0003724189,0.00013820015,5.2527022e-05,0.0009174523,0.00039428475,0.00037881234,0.0001370227,0.00020511071,-8.97107e-05,2.3354694e-05,-0.00031236664,0.00019793285,-0.00049494504,0.00020766462,0.000449631,-5.1685587e-05,-0.0008087811,4.268935e-05,0.00027779985,-0.00047558226,7.5909215e-05,-0.00024459718,0.00028075214,0.0005416579,7.834262e-05,-0.00043576368,0.00016763265,0.00010270824,0.00019415794,-0.0002512379,-0.00033662748,-0.00011519656,0.00042568427,5.853305e-05,-6.4269894e-05,0.00019162217,-0.0004883116,0.00046931655,0.0003031525,-0.0018583628,0.0006141674,0.0003902724,4.2081138e-05,-0.00017630612,-0.0012648269,-0.00021064274,0.0011842471,0.0001086155,0.00033928565,0.0006312875,-0.00018273466,8.138413e-05,0.0001365606,4.8251506e-05,9.757849e-05,1.0491597e-05,0.0008259473,-0.00019721396,-0.00029915757,-0.00018384609,-0.00013718396,0.00028182345,0.00012788923,9.9077886e-05,-0.00047751598,0.0004991858,-0.0002755559,-0.0006085934,0.0002441798,-0.00016830888,-0.00016175544,-0.000351688,-1.670617e-05,-0.000575591,0.00031716932,-3.493912e-05,-0.0004561921,0.0011779258,0.0017435543,7.7704884e-05,-0.00038806672,-0.00028402073,-0.0005276191,3.44035e-05,0.00025816623,0.0008555909,-0.00019212786,2.6379419e-05,0.00010810262,-0.0001986257,-0.0009086174,-0.0002505601,-2.3898172e-05,0.0006089987,0.0016666724,-0.00046259118,0.00046313397,-0.0018327457,0.0007679109,-0.000526251,-0.00064354175,0.00010466193,-6.5349974e-05,-0.0011295653,0.00019355449,0.0003087796,-0.00043559645,0.0004682519,3.7380156e-05,-0.00092579087,0.0012457959,0.00016860403,0.0001939761,-0.00011332864,0.00028213946,-0.0001905868,0.00024494203,-0.00018228346,-0.00015453444,-0.00028452193,-0.00029652572,-5.9072077e-05,-0.00011736801,-0.00041225972,-7.3627525e-06,-0.00027739236,0.00022504281,0.00028342134,0.00027154008,-3.9774932e-07,0.0008041392,2.2642436e-05,-0.0002718143,0.0005507846,0.00016865748,0.00012690066,0.00069925416,-0.00034011144,-0.0010582235,-0.0010042487,0.0006551792,3.673394e-05,0.00031169713,0.0002844531,-1.3614392e-05,-0.0002640627,0.0001002154,0.00039266623,8.035094e-05,0.0012866447,0.0008051822,0.0007300803,0.00038733648,0.00033989776,0.00045764822,0.00079375017,0.00017654766,0.00024484587,-0.00020324033,-0.0007628129,-0.00021094907,0.0013148428,2.0327702e-06,-0.00045652548,-0.00036127446,0.00041203774,0.00018749501,-7.977184e-05,-0.00023338845,4.0745723e-05,-0.0013829726,0.0011517796,-9.306805e-05,-0.00026260846,0.00030867546,-0.00019244701,0.00010602819,-0.0007988219,0.00017858845,0.00087217777,0.000110975205,-0.00035608688,-0.0006999884,-0.0001201989,0.00014071066,-0.001038589,0.00017216102,0.0002160602,-2.4982051e-05,7.33182e-05,-0.0014225092,-4.8462716e-05,0.00015285796,0.0003463047,-0.0005808904,-2.9584267e-05,0.00015051263,6.1402698e-06,-0.0003777956,1.0881389e-05,0.00042689705,0.0008166735,0.00035783384,0.00028900345,-0.00064028404,-0.00021041202,0.00069285085,-8.011381e-05,-0.00041669953,-0.00026137853,-0.0004093576,8.662929e-05,-0.0009187242,2.1263568e-05,8.2330655e-05,-0.00017350259,6.494306e-05,0.0006529465,-4.3864286e-05,-0.0011348176,-0.000344795,0.3410867,-0.00047971663,2.5783727e-05,-0.0003069664,-0.00022533095,0.00037072465,-0.00011322561,0.001328866,0.0002781967,0.000111574154,-0.000114251234,-0.0004860254,0.00021236834,0.0006349699,-3.3481138e-05,0.0024823474,0.00014257824,-0.00035572695,0.0005652961
0.00016116531,0.0023741345,0.00029502806,0.002420672,-0.002660978,0.00041149548,-0.0014614536,-0.0002846785,-0.0009481667,0.00015235008,7.8505e-05,0.00032202015,0.00016341222,-0.00042050617,-0.0010675942,0.00031132335,-0.000776088,4.6894078e-05,0.0010785781,-0.0006210303,-0.00057493715,-0.00029601582,0.00038744602,-0.0009826252,0.000549578,0.00031506503,0.002130608,3.1262196e-05,0.0013135159,-0.002950647,-0.001698197,-7.9429294e-05,0.002551834,-0.0012507697,0.0017949959,-0.0013913953,-0.0021123274,0.00039544867,0.00074251194,0.0011367211,-0.00031569178,0.00023584886,0.00027989555,-0.0009309955,-0.0001810187,0.0010933471,0.0014612156,0.0017942348,-0.00025403188,0.00029934518,-0.00036632223,1.2669734e-05,0.0009724761,0.00025689733,0.0008804523,0.0017895491,-0.00043360927,-0.00041348132,-1.7996506e-05,-3.0018562e-05,0.0003542908,-0.0003816354,0.00037486973,0.0023530605,-0.0018544628,0.00014885784,0.0007182507,2.1794398e-05,0.00012680134,0.0011763679,-0.00054157694,0.0012007522,-0.0013409135,0.000589812,0.00048969744,0.00026096718,-0.0015597349,-2.5346468e-05,-0.00016113435,-0.0009797349,0.0003611669,0.00094340165,0.0019338266,0.00041304503,0.00072564656,-0.00025593687,0.0013822353,0.0014020061,0.00030500285,-0.00021625294,0.00015128749,-7.829631e-05,0.00044852955,-0.001444722,0.00014974455,-2.245216e-05,-0.0008872014,-0.0009666646,0.0014197938,-0.004852618,0.0015835251,-0.0011992868,0.00032690263,0.0005888465,-0.0040051555,0.0012919954,0.0025742864,-3.072625e-05,0.00042040125,0.0013885747,-2.2431439e-05,4.8964976e-05,-0.00032287766,0.00020184829,9.725668e-05,0.0001592814,0.00079804735,-0.00026761167,-0.00012764208,0.00036804305,-0.001880802,0.0008205443,0.00011622969,-0.00018433396,-0.0003536322,0.0010295152,8.3991596e-05,-0.0010725507,0.00045886065,-7.84915e-05,-0.00029581063,0.00010760769,-0.00012156456,-0.0009822194,0.00012933525,0.00039150167,-0.00028575305,0.0017723143,0.00070295535,0.0004816963,0.0005170365,-0.00047733466,-0.001251036,0.005250877,0.00023458315,0.0018166594,-0.00023804126,-9.772378e-06,0.0007608861,-1.3491537e-05,-0.002033138,-0.0007287633,-0.0003138224,0.001078137,0.005802136,-0.00057559693,0.00015829035,-0.0032644495,0.0013718087,-0.0013695274,-0.0010151013,0.0003274004,-0.0011989477,-0.0030906936,5.2458803e-05,0.0016457629,-0.001715091,0.0015278094,0.00015388876,-0.004424186,0.0017341275,-0.00025519048,0.00054906285,-9.1986774e-05,0.0005695073,0.0010970036,-0.0012161355,-0.0009844927,-0.0001541547,0.00010142665,-0.001423791,0.00051223603,-0.00015688365,0.000748099,0.00088892115,0.00057993166,0.0005386404,2.2266017e-06,0.00076268613,-3.9611543e-05,0.001964647,0.0014765185,-0.0005819611,0.0008893892,0.00013356595,0.00023447405,0.0008779076,-0.00013289177,-0.0037453803,-0.0003509256,0.00030624552,-0.00076075713,-0.00027175483,0.0009153743,0.00010872891,-0.00090628816,0.0005753602,0.0005263516,0.0005512128,0.0021841768,0.0006964181,0.0006179771,0.00028746933,0.0023148605,0.00036862545,0.0014091894,-0.00015695998,0.00076326996,-0.0009030588,-0.00077665644,-0.00011759491,0.0012541804,1.852772e-05,-0.0006116767,-0.0015872291,-0.0014074385,0.0006371324,-0.000120369165,0.0006075168,7.903039e-05,-0.002940293,0.0001294439,-0.0004699672,-0.00035331261,0.0016454315,-5.0607792e-05,-0.00031632473,-0.0008765902,4.966187e-05,0.0022466343,8.129534e-05,0.0014353989,-0.00074457785,-0.0004864772,-0.0010479217,-0.0006486077,0.0003454459,0.0002906721,-0.0009867429,-0.00022495746,-0.0018162982,0.00011072184,-5.8817135e-05,0.0009631838,-0.0012374823,-0.00084151904,0.0010270138,0.0015247295,-6.0652594e-05,-0.00010276816,0.0012468653,0.002015671,0.0010703567,0.00047775218,-0.0015502038,-0.0015740256,0.001136318,-0.0004711677,-0.000121233716,-0.00043389536,-0.00041557933,0.00032623758,-0.0017834234,0.00013693812,-1.424138e-05,-0.00040553452,-0.0005565453,0.0014006622,0.00039732465,-0.0029032684,-0.00076164445,-0.00069635484,0.33952048,0.0007338397,-0.00056327065,-0.00025356223,0.0016815537,-0.0009570984,0.0028797179,-6.0578677e-05,-0.00012696287,0.00042917815,0.0007824757,-0.000919793,-8.100667e-05,0.0008817652,0.00096331944,0.0013991779,-0.00052010687,0.0004874754
-0.00070374715,-0.0012424891,-0.00010732129,-0.002242093,0.002931023,-0.0003879645,0.00014140173,0.00036307424,-0.00044604193,-0.00033950008,-0.00020072938,-9.030961e-05,-0.00023150683,-5.5058175e-05,0.0009089863,-0.00032253872,2.618539e-05,-0.00036178983,-0.0011972564,-2.6719445e-06,-6.713912e-05,-0.00021074667,-0.00021842457,-0.00031896596,-0.0002160222,-0.000106475716,-0.0007115802,-0.00021528224,0.00020289829,0.00042573086,0.0013538483,-0.0001087221,-0.0015749133,0.0009945121,-0.00045394577,0.0008092684,0.0015988358,-0.00010668768,-0.0006724854,-0.00039068537,0.0003242505,-5.223872e-05,-0.0003283604,0.00016311383,0.00014319576,-0.0017987359,0.00022791403,-0.0007375392,0.0008301771,-0.000146397,6.425775e-06,1.6021233e-05,-0.001406808,0.00025886748,6.5185886e-05,-0.0004652605,0.00010378987,0.00012244683,0.00017604382,0.00038635003,4.89874e-05,0.00038149426,-4.1454445e-05,-0.0012166479,0.0014739477,0.00010730392,-0.00057984964,0.00024110073,-0.00017600968,-0.0013079209,0.00015980446,-0.00071277196,0.00087892794,-0.0002458777,0.00014477393,-0.00032254434,0.00049437373,-1.920179e-05,0.00043481973,0.00019793985,-0.000107795044,-0.0012354964,-0.0012017472,0.00029083504,-0.00051505544,-0.0009597063,-0.0011414012,-0.0012592949,-9.168975e-05,-4.689243e-05,-0.00055792124,-0.0001243095,8.100555e-05,0.001308276,-0.00021893559,0.0002618426,0.00012905977,0.001321174,-0.0008978344,0.0019888254,-0.0006156541,0.0011791656,-0.00012003417,-0.0010416666,0.0016789284,-0.0011003248,-5.8488902e-05,0.00018786184,-0.00043146292,-0.00042307234,-0.00011945216,0.0001351252,0.00056092156,-0.00012714499,-7.317105e-05,-0.00011379616,0.00039328248,2.9109322e-05,-0.00022697813,-0.0005448576,0.0015717961,-0.00042742785,5.1722924e-05,0.00018992145,-0.00014759826,-0.0003878858,-0.0004458963,-9.8153876e-05,-0.00019975148,-6.5359986e-06,0.00013854497,-0.000536566,1.4714e-05,0.00024792846,0.0002661256,-0.00025965628,-0.00023283873,-0.00018334578,0.0012924473,-0.00037215816,-0.0006667322,1.335552e-05,0.0006718133,-0.0027401138,9.173483e-05,-0.00050155167,-0.00042526884,3.338775e-05,-0.00045964477,-0.00017396195,0.00039804578,0.0005057251,0.0001786882,-4.7956877e-05,-0.0025741546,0.00012123183,0.0008214663,0.00035750528,-0.00019284102,0.00036812003,0.0004409883,-5.822115e-05,0.0008846814,0.00192982,0.00016055182,-0.001363591,0.0010006927,-0.00066512707,-0.00017706887,0.0022042145,0.00021876986,0.00054422213,-0.00027892113,-0.00022667441,-0.00019761949,-0.0012180671,0.0012438071,0.0007723765,3.3256223e-05,-0.0003685664,0.00084266864,-0.0004603173,5.0170856e-05,-0.0010046018,-0.0008435655,-0.0009812731,-0.00018878447,0.00034351335,-0.0002482488,5.40781e-08,-0.00083728053,-0.0012937759,0.00021037496,-0.00018955798,7.211391e-05,-1.9806303e-05,2.729528e-05,-0.00029387177,0.00235571,-0.000737067,0.0004685067,0.0005837898,0.0007428821,-0.00060474954,1.630984e-05,0.00042940344,-0.00039243416,0.00014538498,-0.00045083166,-4.3027805e-05,0.00062950706,8.4984065e-05,0.00025480625,-0.0015097092,0.00042346696,-0.00022939777,0.00036197755,-0.00057802664,0.0006414445,0.00027462555,-0.00019103245,0.0003931657,-3.993529e-05,-0.0003066599,0.0011047621,0.0017028747,-0.00036874175,1.506529e-05,-0.00087947125,-2.6448344e-05,0.0009618922,0.0010532315,0.00035415665,0.00015899095,-0.0010886671,-0.00019845349,0.000538486,-0.0005075371,0.0002530863,-0.0008597516,-9.298942e-05,-0.0017619781,-0.00044284706,0.0004101417,0.0011857868,-0.0007482255,-0.00012681396,-4.4755678e-05,0.0008830089,0.0004867587,-0.00022457755,-0.00021397557,0.00029954812,-0.00048043072,0.00034856074,0.00032860631,-0.0007858307,-0.0011601009,-0.0004682963,0.00015486107,-0.00072624575,-0.00032111653,-0.0006982618,0.0001353315,0.00038544586,0.0011742192,-3.4416364e-05,0.00025371774,-0.0004901714,7.058341e-05,-0.00023795872,-0.00032667554,0.00037741222,-7.559375e-05,7.192062e-05,0.0002402258,0.0005000977,-0.00057351077,-0.00042264108,0.00089479255,0.00020244111,2.0765992e-05,0.00078470865,0.3404847,0.00022082157,-7.746492e-05,-0.0018822292,0.00080319843,-0.0007957366,0.00013632592,0.0002402758,-0.0004760418,-0.0011185212,0.0011528247,0.0009770597,-0.0008359316,0.0025994205,-0.001182655,-4.6521793e-05,-0.00012665793
-0.00032187914,0.0022748015,0.00092849386,0.0036725546,-0.0020837474,0.0009111631,-0.002299404,-0.00022879569,-0.0012488235,0.00013075215,-7.7068995e-05,0.0001788003,0.00024289843,-0.000748122,-0.0016512271,0.00042982065,-0.0011459329,-0.00050256937,0.00052991684,-0.00068879226,-0.0010148782,-0.00041258137,0.0004889487,-0.0012568315,0.0008015921,6.786064e-05,0.0034059405,-4.4788594e-05,0.00101275,-0.0040735058,-0.0016229296,-0.00025026803,0.0021249559,-0.00081360777,0.0019295604,-0.00101999,-0.0020645796,0.0007088983,0.0007765079,0.0013421719,-0.00015197054,0.00030203772,0.00036941477,-0.0013127744,-7.269597e-05,0.0016589463,0.0026343453,0.0023059328,0.00015606376,0.0005737007,-0.00032715622,8.629215e-05,0.0008865404,0.00073766505,0.0011279319,0.0018916518,-0.00042538645,-0.0004492396,0.00011428219,0.0003697843,0.0006656416,-0.00052962377,0.00039366368,0.0019492817,-0.002003493,0.0002479831,0.0006570009,0.00016372076,1.4602492e-06,0.0004506904,-0.0007680031,0.0015276653,-0.00088995363,0.0007031647,0.0008406822,0.0010081548,-0.0016975331,4.4786007e-05,0.0003933735,-0.0009826473,0.0003387725,0.0005053352,0.0018609113,0.0008824048,0.00072111783,-0.0030387146,0.0013350967,0.0012438669,0.00032475987,-0.0004354431,-8.563297e-05,-0.00024650968,0.0008187935,-0.0011326247,8.754546e-05,0.0001415648,-0.0010390333,-0.00073197123,0.0014285473,-0.005187193,0.0019797483,-0.0017406356,0.00061911694,5.163219e-05,-0.004863558,0.001751747,0.0044075088,0.00045327394,-0.00030936438,0.0018673437,-0.00021736542,0.00014474735,-0.00020072015,0.00018025754,0.00018287194,0.00033640445,0.0013324314,-0.00043669553,-0.00027626308,8.6333675e-05,-0.0018404116,0.0008853403,0.00015210574,-0.0003057497,-0.00032606942,0.0011603305,-6.3680374e-05,-0.0026460271,0.00052183005,-6.8800487e-06,-0.000407383,2.0214195e-05,-0.00035207497,-0.00101772,0.00025909164,0.00035217465,-0.0005154034,0.0017112433,0.00073322246,0.0005221495,0.00025526094,-0.0009825778,-0.001529373,0.0058633666,0.0005168099,0.0025467286,-0.0008150657,8.181607e-05,0.00093299366,-0.00023183128,-0.003231306,-0.00031504757,-0.0005221159,0.0015538357,0.004699293,-0.0008581431,0.0016755244,-0.0049436474,0.0020237286,-0.0016306408,-0.0003419368,0.00055086025,-0.0017593753,-0.0018844802,0.00020840004,0.0015553407,-0.0015797305,0.0019045781,0.00041591792,-0.0042298986,0.0037647204,0.0001558093,0.0006499293,-0.00065226044,0.00073331513,0.00083644147,-0.0012420131,-0.0010615514,-0.00034424057,0.00021592315,-0.0018251669,0.00035603895,-0.0002062343,0.00053117296,0.0006000003,-0.00029881313,0.00060336804,0.0002937038,0.0008365865,-2.9848736e-05,0.0022153785,0.0012538795,-0.0008006056,0.0012610445,0.00028944743,0.0004325428,0.0012762673,-0.00043918195,-0.0037547671,-0.0006713457,0.0007397735,-0.0009480851,0.0007251867,0.00097495597,0.0001813064,-0.0008792397,0.00066871225,0.0007407443,0.0002387827,0.0039665652,0.0016501881,0.00049908477,0.0005807868,0.0035234075,0.0009130689,0.001973877,0.0001704263,0.00061636325,-0.0009910828,8.928137e-05,-0.00031826054,0.0023413217,2.7247568e-05,-0.0016718173,-0.00155418,-0.0010257364,0.00050884567,-0.00020359657,0.0004627475,7.403523e-05,-0.003816497,0.00042155385,-0.00025312806,-0.00024917716,0.0016028928,-0.00029501037,0.0002092266,-0.0013360066,0.0002301391,0.003389977,0.00017043826,0.0004263309,-0.0015616427,-0.0005040903,-0.0016306561,-0.0016058788,0.00043574377,0.00040555495,-0.0011742684,0.00039713804,-0.0019669342,-0.00020424998,-1.1251313e-05,0.0012209484,-0.0015018741,-0.0014060778,0.00091309357,0.0019012573,-0.0004653163,-0.0001567743,0.0006966961,0.00299367,0.00082426093,0.0019189813,-0.0024599724,-0.0018207756,0.0016062487,-0.0003823792,-0.0007124531,-0.00060688105,-0.00048514194,0.00022146448,-0.002468923,0.0002184707,9.433507e-05,-0.00047003417,-0.000758003,0.0012277436,0.0004839533,-0.0042585544,-0.0011292611,-0.0008038916,-0.0016194714,0.00044818525,0.34017473,-0.0004672978,-7.668032e-05,-0.0010245352,0.0035595552,-0.0005172499,7.873212e-05,0.00033517185,0.00057783653,-0.0004685905,0.00031387134,0.0007738526,0.0025637704,0.0013077365,-0.0006685793,0.000326025
-0.0008840032,0.0012368412,0.00062332157,0.0012650907,0.0016400771,-0.0003663266,-0.0017770529,0.00021046776,-0.001621208,-3.495031e-05,-0.00021107936,0.00012615297,8.2766004e-05,-0.00064254063,-6.6856584e-05,4.5512694e-05,-0.0011590126,-0.000576035,-0.0005074102,-0.00035016428,-0.0007459994,-0.0003894151,9.633014e-05,-0.001399347,0.0005171851,-0.00011959715,0.0009843919,-0.00015912508,0.001228659,-0.002386666,-0.0006169774,-0.0002719266,0.00022297676,0.00023089045,0.0012297309,-0.00015844469,-0.00032176738,0.0005592853,8.711718e-05,0.0007417804,0.00011667751,-0.0003196,0.00024824633,-0.0007497819,5.490635e-05,-0.001026246,0.0018543268,0.0010267883,0.0010254843,0.000425649,-0.00040833806,0.00013447531,-0.0007201241,0.0006168369,0.00080733985,0.00014177323,-0.0004932791,-0.00023973793,0.00017891487,0.0006422666,0.00040101467,4.010072e-05,0.00019718868,0.00085783796,0.0008271395,0.0006506094,1.6247359e-05,0.00032986095,-0.0002138681,-0.00032985836,-0.00053746905,0.0005005102,-0.0004215793,0.00034095842,0.00069732754,0.00093705807,-0.0009281065,-3.106976e-05,0.0011409773,-0.00059782324,0.00022915895,-0.0006329247,-3.294855e-05,0.0010060861,9.141535e-05,-0.0018563585,0.0003571735,0.0003330202,0.0002834302,-0.00041677078,-0.00049009715,-0.00022339169,0.00072304293,0.0005663057,-9.5031624e-05,0.0003830147,-0.00064658484,0.00072627113,0.00023729255,-0.0017514658,0.0010052534,-0.00011352797,0.00023596529,-0.0004125797,-0.0015287676,0.0003243257,0.0027172705,0.0003766905,1.3444571e-05,0.0010323692,-0.00019686265,0.00021375167,0.00027001672,4.1893974e-05,2.217109e-05,0.00016681565,0.0011929991,-0.00028868055,-0.00034734845,-0.00038652102,-8.60017e-05,0.00039623218,0.00039385454,6.0461745e-05,-0.0004214402,0.0008433986,-0.00029028073,-0.0017708631,0.0002688662,8.047476e-05,-0.00026383775,-0.00028887,-0.00021582046,-0.0005157101,0.00035344218,4.2129162e-05,-0.0006679642,0.00096392253,0.0012316781,3.0176498e-05,-0.00012842703,-0.000650888,-0.001072241,0.0017502641,0.00046544365,0.0016545155,-0.0008280552,9.5113355e-06,0.00018459941,-0.00032034586,-0.0018544776,0.00019994738,-0.00030165343,0.0007268173,0.0012558469,-0.00068497565,0.0014019188,-0.003084617,0.0013401596,-0.0006307352,-0.00015703571,0.00031131264,-0.000733595,-0.0007737598,0.0003400709,0.00021118548,-0.00032526578,0.0006551474,0.00029397232,-0.0011696862,0.0024457974,0.0005219605,0.0002885576,-0.00063773035,0.00038104624,-0.00026559999,1.7315127e-05,-0.00057381997,-0.00042226317,-2.6233462e-05,-0.00066222565,-0.00017465984,-0.00012869756,-0.00086586823,-0.00014304042,-0.0010665789,0.00034290864,0.0005622153,0.00045776754,1.8209143e-05,0.0013059224,-0.00015052022,-0.00039634184,0.00084128545,0.00025474466,0.00018890454,0.0010668334,-0.00053111673,-0.00052985747,-0.0015587223,0.00091321743,0.000113288246,0.0012060757,0.00060680014,5.8835798e-05,7.97657e-05,0.0002098683,0.00055033114,0.00016177428,0.003414082,0.0014435408,0.0009929248,0.0006252815,0.0015446913,0.0004557844,0.001212662,0.00043936295,9.2707545e-05,-0.0004302348,-0.0002558536,-0.00040505186,0.001898899,-2.697614e-05,-0.0013486767,-0.00036274412,0.00053876854,1.307974e-05,-0.00022797911,-0.00034107186,6.043378e-05,-0.0019024626,0.0013457364,2.9285258e-05,-0.0002595956,0.00027943583,-0.0003757318,0.000258048,-0.0007178575,0.00032841088,0.0017458281,0.00028210913,-0.0014591716,-0.001128194,-8.883066e-05,-0.00036560075,-0.0017196281,0.0001798082,0.00030496003,-0.0003795905,0.0006710805,-0.0018014824,-0.00014120988,0.0002114329,0.0005701834,-0.0007812853,-0.00034298722,0.00013468676,0.00011088289,-0.00057927874,-4.5317847e-05,-5.9584803e-05,0.0013164398,0.00010460492,0.0015806197,-0.0014375836,-0.0005411313,0.0007853784,1.4153701e-05,-0.0009746539,-0.0004251805,-0.0002476845,0.000109815635,-0.0014571071,-4.4324106e-06,0.0001639208,-0.00022157637,-0.00018144421,0.00038451518,-8.367204e-05,-0.002752822,-0.0005682011,-0.0005404102,-0.0006574396,-9.376815e-05,-0.00038245032,0.34076306,-0.0004722777,-0.0004912503,0.0019129893,-0.00018706245,0.0002731863,-0.00014398739,-0.0005507071,0.00046716057,0.0005292131,-4.150325e-05,0.0043904306,0.00027298921,-0.0005193648,0.0008894201
-0.00016619671,-0.0027195732,-3.8328362e-05,-0.003061835,0.0018683894,0.0011818152,0.0014417806,1.2054019e-05,0.0007938014,-0.00014681068,-5.175787e-05,-0.00024886467,-0.0002500663,0.0001930997,-0.00022345183,-0.00011537719,0.000997876,-0.00034519375,-0.00097125914,2.950268e-05,0.00013331213,0.00021160604,-0.00026610628,0.0011257232,-0.00026383888,-0.00011790531,0.0013770465,-6.977607e-05,-0.0012759002,0.0011663566,0.002121238,2.588804e-06,-0.0013231623,0.00066908746,-0.0012183492,0.0011172293,0.0012248696,-0.00031065353,-0.00053939497,-0.0005610197,0.00026560735,0.00086358894,-0.00054414105,0.00047683055,0.00018011735,0.00023504696,0.000248871,-0.0006840789,-0.0008472359,-0.0002675025,0.00053518516,-1.8061113e-05,-0.0005915995,0.0002546747,-0.0001905601,0.0006740331,0.00038754026,0.00013879732,0.00015719474,5.5134766e-05,-0.00019915408,-4.116463e-05,-0.00020112269,-0.001838387,-0.0009886879,0.0001091394,-0.00055337796,-6.528457e-05,3.4643235e-06,-0.0016385785,0.0003498678,-0.00039233707,0.0021330244,-0.000332509,-0.00014883734,-0.0009991273,0.0008158263,-0.00024275368,-0.0009530582,0.0005429397,-0.00020533375,-0.00075722515,-0.0002692212,-0.00021538093,-0.00044603652,-0.0018491352,-0.0012308459,-0.0016362122,-0.00010841654,0.00015237933,-0.00026348035,4.2028427e-05,-0.00020579451,0.00023053407,-4.2042444e-05,-1.5323538e-05,0.00040672504,0.00063161703,-0.0005878805,0.0027429974,-0.0007630285,0.0002729577,9.064872e-05,-0.0011413994,0.0013589705,-0.00038656412,0.00019532244,0.00013633148,-0.0014840305,-0.0004190338,6.594681e-06,-2.3331857e-05,0.00041094547,-0.00013297093,-6.91264e-05,-0.00018492989,4.2204945e-05,0.000113986236,-0.00011503502,-0.00029911238,0.0011119015,-0.0005288999,0.000105288054,-0.00017242758,0.0003095548,-0.00082529424,-0.00014495155,-0.0003078502,-0.00035998007,5.2043313e-05,0.00018104826,-0.00028708158,-7.410056e-05,0.00049648905,4.051577e-05,-0.00028236565,0.00024428402,-0.00082101655,3.6876998e-05,-0.00037179198,-0.0006628202,5.943555e-05,0.0016529174,-0.00081709167,-0.00014080346,-0.0010725779,-0.0015844585,-2.7099883e-05,-0.00022562972,1.932928e-05,0.00040947503,0.00047203575,3.7939397e-05,0.00026229693,-0.0034901013,0.0005623816,0.0015924831,0.0009642036,-0.00034713134,0.00026842408,0.00118396,5.441185e-06,0.000692059,0.0038455648,-0.00015228591,-0.0011208514,0.0007369146,-0.00038533227,-0.00045507855,0.0024775653,3.148648e-05,0.00012757473,-0.00028236446,-0.0003210853,-0.00019679296,-0.000793638,0.00066718337,0.0011383247,0.0003466933,-0.00017427969,0.0006800115,-0.0001555782,9.161311e-05,8.127971e-05,-0.00061433617,-0.000530207,-0.00030165972,-6.894827e-05,-0.00025949493,1.8395094e-05,-0.0016503242,-0.00091252546,0.00022560493,-0.0003882214,-6.322588e-06,-6.860887e-05,-0.00050481217,5.0708277e-05,0.0017397499,0.0010946708,-1.488827e-05,-0.0002374483,0.00045312615,-0.0011125929,-9.448968e-05,-0.00023115482,-0.0003474633,-0.00024824723,-0.00066485495,-0.0014835009,0.0008242037,-0.0013718469,2.5543413e-05,-0.0019517633,0.000699336,-0.0005442072,0.0002638334,-0.0006120716,0.00043371122,0.0021997269,-4.4676497e-05,-0.00057200785,3.613183e-05,-0.00015886969,0.0010405264,0.0012130954,-0.00024772395,1.69062e-05,-0.00049280137,-5.2511896e-05,0.0013075238,-0.00045313404,0.00031102542,0.00052983116,-0.0007918564,-7.835085e-05,0.0008601958,-0.0011000187,8.302812e-05,-0.0014279385,-0.00017316554,-0.00068331294,-0.0002982743,0.00062223914,0.0006331708,-0.000113884795,-8.836145e-05,-0.00011170022,0.0009461008,0.0004778853,0.00076346076,-0.00035503754,6.591615e-05,-0.0005106965,0.00042565636,-0.0005904637,-0.0007220483,-0.0005395364,-0.00045044298,0.000112362424,-0.0006666931,0.00040968874,-0.0007222544,-0.0005736852,0.0004713994,0.0011649611,0.00022955271,0.00036929455,-0.000120640216,0.00026403656,-0.00041898072,-0.00028410103,0.00056955335,-9.619358e-05,1.0472213e-06,0.0002639889,0.00027664524,-0.00062404585,-0.000106969535,0.0018263938,9.558667e-05,0.00029133036,0.00090604636,-0.0010471541,0.00033644016,8.865629e-06,0.33464652,0.0012833563,-0.0012985654,-0.00025539388,0.000152674,-0.0002739039,-0.00010306919,0.00085797696,0.0011679558,-0.00060602115,0.0016482212,-0.0011765877,0.00035603278,-0.0018155357
-0.00013271048,0.0011692037,0.00040165862,0.0019863232,-0.00024000213,-0.0002557008,-0.0008546124,9.814986e-05,-0.00050113595,1.7468126e-05,-4.6277482e-06,7.8652054e-05,0.00015334446,-0.0001965264,-3.5676145e-05,0.000109856606,-0.00060894084,-9.652731e-05,0.00012780479,-0.00014925403,-0.0002598161,-1.22144265e-05,0.0001411402,-0.00038766503,0.00016920344,-6.715114e-05,5.0579172e-05,-9.827622e-06,0.0003788946,-0.0007592524,-0.00095108704,-0.000113856084,0.0003818853,-0.00012788363,0.00049387437,-0.0003361427,-0.0004985071,0.0002709124,0.00020066866,0.0003204666,-7.458719e-05,-0.00039324156,0.0003263755,-0.00042786935,-5.8541693e-05,-0.00016530848,0.00038742047,0.00047296254,0.00035929822,0.00019081043,-0.00028126902,0.00011015625,0.00011350818,0.00013359236,0.00018926454,-0.00038714695,-0.00033430816,-0.00013352404,-3.3110532e-06,0.00019404001,0.00016930082,2.1936141e-05,4.560254e-05,0.0007799719,0.0006647491,4.8723246e-05,0.00013103541,0.00014030097,-0.00011459828,0.00044283966,-0.0002937921,0.00033210625,-0.0007026252,0.00023028103,0.000225886,0.00079508487,-0.00044279592,3.902618e-05,0.00056662364,-0.0002742496,0.00016839028,0.00012323484,0.00025734457,0.0003386809,0.00016527792,7.231575e-05,0.00050782284,0.0006555998,7.4707445e-05,-0.00022464406,-2.2133829e-05,-9.743597e-05,0.0003181465,8.439818e-05,-5.364088e-05,0.00012765222,-0.00027625763,-0.00025111856,0.00023870029,-0.001015167,0.0005395311,-0.00036945098,8.8778914e-05,0.0003872498,-0.00076363725,0.0004197982,0.0008580704,-6.4572705e-06,0.00037250086,0.00042111624,-7.719144e-05,4.166794e-05,-2.8799821e-05,3.9390692e-05,-2.0640402e-05,0.00012273944,0.00021039881,-0.00013497352,1.2849341e-05,-5.8601814e-05,-0.00040503053,0.0002986803,0.0001157297,4.7614132e-05,-0.0001652341,0.0005044384,2.8232836e-05,-0.0005389281,0.00022765946,7.418992e-05,-0.00015107008,6.9740985e-05,-5.2226394e-05,-0.00022019961,5.8965503e-05,0.000108160224,-0.00027456344,0.0002327227,-0.00020994664,9.705176e-05,0.00027569858,-0.00016671636,-0.00088116725,0.0022427978,0.00020411554,0.00084329845,4.7502992e-05,3.152007e-05,0.00011479673,-0.00012859674,-0.00064425106,-8.926327e-08,-0.00016799271,3.5702484e-05,0.0012815195,-0.00048063125,-0.00020590513,-0.0009847834,0.00044797244,-0.00018928247,-0.00022832671,8.825143e-05,-0.00063791615,-0.0011684743,0.000107724816,0.0005081661,-0.0002916502,0.00029041333,0.00028834763,-0.0011015075,0.00052242336,8.1469785e-05,0.00019302325,-9.18258e-05,0.000172933,0.0003202866,-0.0005108571,-0.0006489893,-0.00024778154,0.00014788442,-0.00045343812,-8.4043495e-05,-5.2492516e-05,-0.00020528099,0.00016324165,-0.00020030793,0.00021422084,9.861107e-05,0.00017182305,1.4222151e-05,0.00084693724,0.00030583868,-0.00019641542,0.0004572488,0.00013306587,0.00010075801,0.00048169174,-0.00016508004,-0.0008514696,-0.0006326337,0.00020860849,0.000122815,0.00027678188,0.000595094,2.4580842e-05,0.00016061378,0.00017722102,0.00018464167,0.0002937523,0.0016468669,-2.851065e-06,0.00061322213,0.00016968323,0.0014483813,-0.00025021628,0.00046324838,4.7991187e-05,0.00023275509,-0.00033970564,-0.0004514355,-0.000115223826,0.00045259844,4.666432e-06,-0.0003622046,-0.00045423937,-0.00041097964,1.8195446e-05,-9.615362e-05,9.474668e-05,7.086582e-05,-0.000968957,0.00016797485,-9.886909e-05,-0.00020912918,0.00033505552,-6.389976e-05,-0.00022986559,0.00035057653,8.751236e-05,0.0009314306,0.00020426535,-0.00026771304,-0.00013093173,-0.0003007702,-0.0005520712,-0.00026899137,8.965639e-05,0.0001076647,-0.00049006194,8.540427e-05,-0.000571864,1.3960233e-05,2.3673289e-05,0.00035340278,-0.0003376029,-1.1782538e-05,0.00027981593,0.00032506493,0.00011408434,-7.521704e-05,5.1667965e-05,0.00018081162,0.00023121363,0.00072507304,-0.00057933794,-0.000615905,1.8331026e-05,-9.9109355e-05,-0.00021432406,-0.00025522133,0.000186279,0.00021907176,-0.0006077623,1.4487208e-05,-3.0043198e-06,-0.00015407811,-0.00019440839,0.00017007608,2.7236456e-05,-0.0013691467,-0.0001960912,-0.00013214455,-0.0005064465,0.0003212696,-0.00023319115,-0.000102331265,0.0012427774,0.3408978,0.00074550713,-0.00014372733,7.068111e-05,2.7022754e-05,7.266683e-05,-0.00023042083,-0.00046588812,0.00021804028,0.00023002796,0.00057008886,-0.00022535068,0.0007445017
0.00044056645,-0.0018164581,-0.00021884558,-0.0011922864,0.00078201573,0.00030338307,0.0016160693,-0.00010585762,0.0015781124,7.2257964e-05,0.00018732414,-0.00027625923,-0.00013513955,0.00055078225,0.00016496911,-3.7251782e-05,0.0010192124,0.00018578686,-0.00038988015,0.00053129415,0.0006384102,0.0006197114,-0.00026333795,0.001823573,-0.0004550116,-0.0003671658,-0.0011539253,0.00011230676,-0.0018699421,0.0028819798,0.0009905107,0.00023372828,-0.001485828,0.0005706214,-0.0017812013,0.00094727654,0.0009806026,-0.00042222242,-0.00032638706,-0.0008777325,5.308415e-05,0.00011012993,-0.0001394096,0.0006796735,7.2800445e-05,0.00029482567,-0.0015701075,-0.0013717508,-0.0008257064,-0.0003655932,0.00059820176,-0.00011768335,4.5700373e-05,-0.00042670773,-0.0009454357,-0.0011150554,0.0004041327,0.00032724213,-0.00016431251,-0.0003099894,-0.00050385646,-4.878403e-05,-0.0002098197,-0.0016957497,0.00039256536,-0.00016491876,-0.00036248058,-0.00032866636,8.0809215e-05,-0.00049195765,0.00053082296,-0.0006239081,0.0010651795,-0.00047134684,-0.0006763729,-0.00026318218,0.0013739035,5.77768e-05,-0.0005035006,0.00083230453,-0.0001844521,-4.431198e-05,-0.00062096264,-0.00074454735,-0.00036628518,0.0008295906,-0.0006948365,-0.0007271321,-0.00029047873,0.00034162478,0.0002971817,0.00021145202,-0.00064925884,0.00046096023,5.0951214e-05,-0.00020241037,0.0008623975,-9.913108e-05,-0.0008233097,0.0036999113,-0.0011750448,6.8240275e-05,-0.00013134237,-0.00011528683,0.0029953863,-0.00033945328,-0.0020737157,-0.00013407083,-0.0006632595,-0.0011234202,0.00020876291,-0.00010152212,-2.1612897e-05,-0.000105807696,-0.000113763206,-7.069915e-05,-0.0011074425,0.0002970792,0.00028417615,0.00010297514,0.0008460449,-0.00061505154,-7.6523924e-05,-1.3569461e-06,0.0006071655,-0.0009145855,0.00025532942,0.0011169476,-0.00043895625,0.00011778878,0.0002440786,0.0002501915,5.7784873e-05,0.0009357809,-0.00036724462,-0.00016570269,0.0006292634,-0.0018017712,-0.0021032747,-0.00026832375,-4.312028e-05,0.00045297077,0.0011935128,-0.0029538074,-0.0004209095,-0.0016249146,3.5246794e-05,-6.650951e-05,-0.000354293,0.0002300229,0.0018174052,0.00049333944,0.00013386365,-0.00093526475,-0.0038881586,0.0006951932,-0.00063034426,0.0031966597,-0.0012874849,0.0010686048,0.0009705865,-0.00027867843,0.0006126895,0.0028374023,-0.00018043838,-0.0008976972,0.0010179541,-0.0010264472,-0.0002231518,0.0026844158,-0.0021912204,-0.00016567155,-0.00044689095,0.0001768518,-0.00045156368,-0.0002118957,0.00024653669,0.000671657,0.00025644727,0.0002389296,0.00080099376,-4.3260145e-05,0.00019286264,0.00020865486,-0.00031708318,0.00012763344,-0.00042424953,-0.0004447357,-0.0005106379,5.8001446e-05,-0.0016299709,-0.0005449708,0.00050463004,-0.0008898356,-0.00023558066,-0.0003898276,-0.0010636286,0.00047007206,0.002351005,0.0012895851,-0.00077911845,0.00017714278,-0.00028020216,-0.0007364537,-6.608272e-05,0.00052089593,-0.00028563637,-0.00061007397,-0.0002787274,-0.0022203287,-0.0010332356,-0.001070355,-0.0004775185,-0.0014589693,-0.0004116678,-0.001344809,-5.911411e-05,-0.00046153422,0.00055712776,0.0010813787,0.0002528959,-0.0019393733,-7.821878e-06,0.0007847566,0.00094773737,0.00015337086,-0.00035074653,0.0001235097,4.040489e-05,-3.933892e-05,0.0025659064,-0.0012277914,0.00030203248,0.00038377452,-0.00087621657,0.00016581138,-1.1908507e-05,0.00084601843,-0.00017440133,-0.0019513697,-0.0002503247,-4.0451654e-05,0.0009703097,0.0003651179,0.00025553833,0.001382904,-0.0002757334,-0.0002900404,0.00046242477,-4.2212236e-05,0.002106944,5.1378815e-05,-0.00010557393,-0.00068347703,0.0010315047,0.00027735613,-0.00052906637,-0.000766853,0.0004515669,2.299684e-05,-0.00081093295,-0.0016018664,-0.00067193387,-0.00064127403,0.0012713402,0.0008496417,-0.0010581779,0.00034001947,0.00054807344,0.00045413707,0.0005344909,-6.2011335e-05,0.0015172192,-1.5005772e-05,-5.7707257e-05,0.000327751,0.00015790474,-0.0010966691,-0.00011229443,0.0024499907,0.0005772363,0.0007719148,0.0010413754,-0.00037899875,0.0004945402,0.00031990148,-0.0011479947,0.00055841095,0.3385078,-0.00022037157,-0.00013546475,-2.6959953e-05,0.00026551113,0.00013036905,-0.0004655291,-0.00027964078,-0.0027326988,-0.0006710795,0.0005445329,-0.0008608174
4.5283407e-05,0.00012136889,0.00059390813,0.0022295543,-0.00018668425,0.00072853884,-0.00023724779,-8.4766696e-05,0.0005136337,0.0001480996,0.00012065422,-7.20872e-05,0.00015058224,4.792568e-05,-0.00067091093,0.00021249166,-7.6830736e-05,-0.0001969175,-0.00016004968,-2.010941e-05,-9.251437e-05,0.00041072484,8.323935e-05,0.0009964035,0.00013713799,-0.0003812481,0.00079345924,1.854691e-05,-0.0011633021,0.00019353529,-0.00042350905,9.243465e-07,-0.0001517023,0.0001254187,-0.0003152711,0.0003052309,-0.00041574682,0.00014975561,0.00010023976,0.00010886492,1.1726221e-05,9.917049e-06,0.00022215754,-0.0002569198,-2.2893728e-05,0.0006854119,9.174043e-05,0.0002281584,-0.00041832036,0.00018495636,0.00023970428,-9.63464e-06,0.00047974777,9.688511e-05,-0.00017562811,-0.0004406077,-0.00012838766,-6.725734e-05,3.7110094e-05,0.00010095938,-5.763603e-05,-0.0002931274,9.944028e-05,-0.00014453319,-0.00053687266,0.00026626087,5.0048806e-05,-3.9372157e-05,-8.751853e-06,-5.5861074e-05,-8.466648e-05,0.00039203683,0.00019193918,-1.2102056e-05,-4.4222026e-05,0.00087373954,0.0001718852,-0.00012973887,0.00037014534,7.483284e-05,-0.00013663183,0.00016806308,0.0007634984,8.137022e-05,4.578924e-05,-0.0008833915,0.0003050017,0.00028867595,8.520063e-05,-3.1396237e-05,0.00013277108,1.0728837e-05,1.6753587e-05,0.00017814217,5.1744155e-05,-2.62942e-05,6.893594e-06,-0.00045805308,4.5728815e-05,0.00047167586,0.00025077455,-0.0009558377,0.00027549648,-4.432072e-05,-0.0004411585,0.00086818583,0.0010972273,0.00014245651,-0.00070045097,0.00017718169,5.469351e-05,-3.5748766e-05,-6.987238e-05,1.2563204e-05,5.493458e-05,9.051716e-05,-0.00016100843,-1.0309385e-05,9.000347e-05,0.00010013643,-0.0003052741,5.7454792e-05,-1.1813293e-05,-7.295486e-05,0.000331273,0.00011520688,0.00020269115,-0.00071360386,-4.5418343e-05,0.00016014978,-8.470092e-05,0.0002382547,-0.00016219543,0.00025048305,-0.00016170433,5.941897e-05,0.00011606606,-0.00074062427,-0.0016331463,8.560489e-05,0.0001946423,-0.00016432864,-0.00015791535,0.0023543297,8.6298605e-05,0.0003123648,-0.00054231985,-4.5536835e-05,0.00012731626,7.991883e-06,-0.00046110232,0.0004049208,-0.00026995322,-5.887243e-05,-0.0009871405,-8.469483e-05,0.00041445607,-0.0003291084,0.00017563898,8.0340076e-05,0.00065788534,0.00010917451,-0.0007458435,0.0005045273,0.0001192786,0.000107677384,8.988418e-06,0.00018856644,0.00011422201,-9.888947e-06,0.00037318756,-3.6465663e-06,1.4414941e-06,-0.000309885,4.1291016e-05,0.00037333625,-0.000684701,-0.00019001891,-0.0001091104,0.00040228514,-0.00042633404,9.6388445e-05,-3.0379367e-06,0.00019268441,0.00010675232,-0.00028656787,7.1920316e-05,-5.4345775e-05,0.00010241708,4.2308034e-06,0.00012451505,0.0002166229,-5.6388344e-05,6.095352e-05,2.15601e-05,-1.0960594e-05,-4.4927187e-05,5.41756e-05,0.00015458257,0.00035260682,-0.00015108465,-0.00018737045,0.0004984499,0.00015483552,-4.0084175e-05,0.0002044205,0.00015784394,-4.959002e-05,-1.358063e-06,0.0011499777,6.243884e-05,-0.00027552518,-1.8306933e-05,0.001271574,0.00026127908,0.00010308509,3.6948382e-05,-9.362794e-05,-0.0001919994,0.0008349783,-3.0659012e-05,-0.00044942863,3.946179e-05,-0.0004798705,-9.1712376e-05,-0.00053355587,-9.0734284e-05,3.9039114e-05,0.00021462738,-7.1805266e-06,1.11754525e-05,-0.0007202515,0.00013343956,0.00012471587,0.0001284855,-0.0001185792,-7.1890325e-05,0.00032986738,2.463377e-05,0.0004265207,4.2207626e-05,-2.2335062e-06,-2.2371201e-05,8.5048196e-05,-0.0007440373,0.00025118346,6.939586e-06,3.89102e-05,-0.00039826456,0.00035176493,0.00055958156,-4.3356187e-05,-0.00010653411,0.00012439443,-8.286502e-05,-0.00054155674,8.1767124e-05,0.0002882815,0.00019323692,-3.733994e-05,-0.00042272612,0.000266195,-0.00015457829,0.0012017491,-0.00048031114,-0.00045936348,-0.00018569153,5.3993153e-05,-0.00010492553,-0.00011109602,0.00036613655,0.000115912204,-0.00017729716,1.6665526e-05,-2.9260377e-06,-3.6675447e-05,-0.00039265802,-0.000323245,7.17859e-05,-0.00091351435,-0.00013317338,0.00019915299,-9.559092e-05,-0.000110142486,-2.3143553e-05,-1.7908276e-05,-0.0011519475,-0.0004416041,-6.3541316e-05,0.34079012,5.8304363e-07,9.620854e-05,0.0005732133,-0.00013605566,-0.0006482038,0.00019370094,-0.0010454576,0.00020717295,-5.472433e-05,-0.00021378565
0.00053389184,-0.00031473947,0.0002415417,0.0008235606,-0.0023121068,0.0014404518,0.0005426429,-0.00038884862,0.00074567145,0.00016227618,0.00015258451,-0.00013125081,1.42307545e-05,7.359189e-05,-0.0013520303,0.00026643742,0.0005207241,2.601841e-05,0.00037797197,-0.00014352263,-8.163707e-06,0.00037145973,0.00013845543,0.0012410695,6.40404e-05,-5.8512218e-05,0.0022877138,0.0001375928,-0.0009861161,-0.00026076147,-7.0402675e-05,-9.189632e-06,0.0007531541,-0.00051164586,-0.00024846513,-6.303615e-05,-0.00091983937,-2.7313522e-06,0.00028629022,0.00017182296,-0.00015420745,0.0008112682,-4.453615e-05,-0.00020336192,-6.2471416e-05,0.002017471,0.00027421073,0.0005346765,-0.0016562813,-5.7130037e-05,0.00037100865,-5.6246998e-05,0.0010900436,2.7205762e-05,-3.1402396e-05,0.0013998606,6.9607224e-05,-7.4785385e-05,-2.7873577e-05,-0.00027581234,-4.521411e-05,-0.0005115912,-2.265535e-05,0.00016277052,-0.0026252067,-0.00010281748,0.00022740364,-0.00026486596,0.0001797479,0.00010367563,3.76787e-05,0.0006414807,0.0005678627,0.00010270652,-9.2799964e-05,-0.00031215118,-6.003699e-05,-6.1138104e-05,-0.0010282645,1.0775432e-05,0.000104624836,0.0006847682,0.0014714875,-0.00036620308,0.0002586921,-0.0007219471,0.00042584733,0.00021366011,6.409426e-05,0.00011080074,0.00033804425,5.119474e-05,-0.00010580804,-0.001249622,0.00013904007,-0.00020604978,3.7664446e-05,-0.0010115731,0.0006256975,-0.0009809633,0.0003016233,-0.0014460727,0.00033007812,0.00010753873,-0.0015842839,0.0011065166,0.0011617474,-0.00010854983,-0.00069551624,0.0003416678,0.00015257804,-0.00017289908,-0.00024586637,5.6352244e-05,5.2538955e-05,6.7753725e-05,-0.00020948835,-2.5604315e-05,2.1138869e-05,0.00032493676,-0.00091938116,0.00015340958,-0.00019557631,-0.00049731793,0.0003432798,-7.986156e-05,0.00029224955,-0.00055858464,-7.5293074e-06,0.00013223311,-9.100698e-05,0.00025075988,-0.00013431293,-4.7142617e-05,-0.00017665635,8.09898e-05,0.0003639911,-0.000194102,-0.0010505173,0.00019870483,0.00017350262,-0.00016326667,0.0003861726,0.003566272,-0.00019022198,5.1527615e-05,-0.0009538976,-6.468927e-05,0.0004087137,0.00014031348,-0.0006292219,-0.0001195255,-0.00023403193,0.00046534563,0.0011978622,0.00013945455,0.0005111677,-0.0004604672,0.00019513888,-0.00043330132,0.0004523457,0.00014143338,-0.00060514366,0.0005677153,-0.00015133804,0.00049787277,-0.00064752647,0.00062179746,-0.0001792821,-0.0017238326,0.0002392118,-0.00036919105,7.857248e-05,-0.00015945533,0.00015946623,0.0006857716,-0.0009140666,5.8468475e-05,0.00020596689,0.0002419254,-0.00055771717,0.00041869225,-3.3883157e-06,0.0011588505,0.0004362841,0.0004942545,3.2984222e-05,-0.00030669823,0.0001603056,-4.8995906e-05,-1.607479e-05,0.0007583159,-8.240418e-05,2.4545245e-05,-4.769826e-05,2.5087338e-05,-0.00025495508,0.00021972184,-0.0016086132,0.0013939353,-0.00032597742,-0.00085765333,-0.00031646804,-0.00015933091,-3.328045e-05,-0.00067921233,0.00023496611,-0.00017887396,-9.110203e-05,-0.00041354576,0.00022986182,-0.0010194471,-0.00016812065,0.000285576,8.000891e-05,0.0001377016,-0.00023073312,0.00021197891,-0.0004092731,0.0012994767,9.007171e-05,-0.0006422423,8.5191925e-05,-0.00015126825,-0.00045893824,-0.0009979955,0.00025017897,2.7713044e-05,0.00048652609,5.981834e-05,-0.00040878163,-0.0013788267,-6.164574e-05,0.00027338968,0.0006744564,0.0001066755,9.7753174e-05,-0.0005678485,-0.00015365078,0.00025247422,-7.0617985e-05,0.0013306605,-0.00013333555,4.426283e-06,-0.00083519844,0.00046024637,0.00013021054,1.383844e-05,-0.00028549717,-6.5876004e-05,0.00031601737,6.0914557e-05,-0.00016342913,0.00024033818,-0.0002573625,-0.0010099447,0.00032338093,0.0010468693,9.8509365e-05,-4.6382705e-05,0.00036475612,0.0011640913,0.00021018562,-0.0002597726,-0.000391685,-0.0005497782,0.00043794987,4.9129583e-05,0.00023106961,1.5821806e-05,-0.00010368108,4.992246e-05,-0.0002317659,5.6267447e-05,-3.5295227e-05,-7.901476e-05,-0.00045380456,0.00023247962,0.00045393268,-0.00035105183,-0.0003068415,2.8181563e-05,-0.00028715786,8.953862e-05,-6.398024e-05,-1.2214696e-07,-0.0015019922,-8.1401144e-05,0.00041581268,-0.00041595643,0.34118503,0.00036632796,0.0011510632,-0.0005177539,-7.012076e-05,0.00044735003,-0.00090509676,0.00040190612,0.00020703135,-0.0011581971
-0.0009981289,-0.001695818,-0.00020883237,-0.0031800775,0.004033048,-0.001340442,0.00043720767,0.0006103489,-0.0008350258,-0.00051239395,-0.00030766486,-0.000114167015,-0.0002275196,-8.347386e-05,0.001758845,-0.0005260143,-6.21044e-05,-0.00037363882,-0.0013829456,0.00014735732,-2.3744951e-06,-0.00039783996,-0.00038743592,-0.0011377597,-0.00027422834,2.83908e-05,-0.0019954052,-0.00020671354,0.00062194455,0.001226333,0.0016761348,-0.00014908634,-0.0023114125,0.0013455865,-0.00043676014,0.0010564917,0.0024588427,-0.00012317358,-0.00086652325,-0.00066260435,0.00040935897,-0.00056450715,-0.00036166518,0.0007154889,0.00011686235,-0.0027503492,-0.00013673575,-0.0013693529,0.0017136908,-0.00023442814,-0.00021006339,0.00012563415,-0.0022342482,0.000250686,-8.564135e-05,-0.0016843134,8.113436e-05,0.00023360047,0.00020139557,0.0005109807,9.2635964e-05,0.00075232785,-0.00028256763,-0.0016520129,0.0035453176,0.00029231253,-0.00071567256,0.00035788334,-0.00027594372,-0.0014738961,0.00021396531,-0.0012289888,0.0009188556,-0.00044384247,0.00014396671,-0.00038747484,0.0006846194,4.930682e-05,0.0008216708,0.00035627338,-0.00016949176,-0.001753049,-0.0030035516,0.00043640335,-0.00080786133,-0.00025724163,-0.00138406,-0.001591689,-8.0626196e-05,-7.096884e-05,-0.0007556478,-9.985085e-05,8.6376385e-05,0.001889964,-0.00034962047,0.0003679858,0.00029820352,0.0020324748,-0.0013434173,0.0036196345,-0.0010999704,0.0021625774,-0.00043192622,-0.0010102498,0.003520866,-0.0019591015,-0.0015670169,0.00029311667,0.0004073999,-0.00072245946,-0.000184962,0.00010378049,0.0006553005,-0.00016756692,-0.00012053454,-0.00014702741,0.0003105743,5.7495992e-05,-0.0001526304,-0.00075961585,0.0022884028,-0.00055060606,0.00021140146,0.00032451793,-0.00035016608,-0.0004648267,-0.00053554686,0.0003855967,-0.00019328517,-8.2981445e-05,0.00019839607,-0.0006920372,0.0001394851,0.00036817364,0.0004175603,-0.0004621136,-0.00040702726,-0.00031302724,0.0018293995,-0.000641871,-0.00078273384,0.0003416858,0.00058805617,-0.0029006305,8.543146e-05,-0.0008558825,-0.000108855806,2.8349668e-05,-0.0008077242,-0.00023546223,0.0011109409,0.0004962543,0.00035305368,-0.00046260527,-0.003941242,3.3013748e-05,0.0002104247,0.0013399253,-0.0005046578,0.0008580792,0.00027779795,-0.00014011117,0.0013297406,0.0018374408,0.0002441972,-0.0016312205,0.001507206,-0.001262047,9.78342e-06,0.0039592874,-0.00015378318,0.00064100896,-0.0003233077,-0.00016131082,-0.000291688,-0.0017755568,0.0019673416,0.00074106106,-2.6038733e-05,-0.00058005133,0.0013900988,-0.0007018003,1.219962e-05,-0.0018228994,-0.0012077893,-0.0012456413,-0.00028140988,0.0005387074,-0.0005051943,9.209754e-05,-0.0010609684,-0.0018900937,0.000322089,-0.00031440344,8.260097e-05,-3.254999e-05,1.0205889e-05,-0.0004205566,0.0035776054,-0.0013273186,0.00066974707,0.0011140943,0.00082395185,-0.0006758061,-8.20792e-06,0.0008668301,-0.00057439785,0.00010558467,-0.00048044443,-0.00047152833,0.00022575608,0.0005083991,0.00012268755,-0.0025369928,-0.000584976,-0.00036751447,0.00044182068,-0.00071897707,0.0006790191,-0.00023116746,-0.00023708693,0.00039532574,-5.489001e-05,-5.9916063e-05,0.0015261511,0.002473713,-0.0005078381,4.073416e-05,-0.0012292988,-1.0369308e-06,0.0015767235,0.0016501141,0.0004727744,-5.5665172e-05,-0.0016311412,-0.00017825875,0.00056479586,-1.956506e-05,0.00017181043,-0.0015400967,0.00015022927,-0.0026741717,-0.00019151038,0.0003419214,0.0016578891,-0.00088242954,-0.00018166502,-8.240255e-05,0.0011675603,0.0004987097,-0.00045447855,-0.00021321792,0.0003666573,-0.0007180038,0.00064464525,0.001120252,-0.0010658354,-0.0017560504,-0.00042212228,9.4730785e-05,-0.0009380119,-0.0014206403,-0.0009139429,-0.00028703915,0.00092063885,0.0016867237,-0.0004322637,0.00031701004,-0.00066253386,0.00020086767,-0.00014542477,-0.00030979275,0.00087546266,-0.00016992001,0.0001426072,0.00028059972,0.000837277,-0.0008363173,-0.0006538205,0.0017846314,0.00042646087,7.4635784e-05,0.0010960707,-0.0007628012,0.00032529078,-6.117034e-05,-0.00094136625,0.00093666016,-0.0014992959,0.00046068133,0.00039064552,0.34062696,-0.0017482634,0.0015476551,0.0009312968,-0.0011841669,0.0027983207,-0.0014590907,-2.7893278e-05,0.00049811526
-0.0014934087,-0.000516356,-0.00016409026,-0.0023477443,0.0047411597,-0.0018465561,-0.0009426752,0.0007721925,-0.001886742,-0.00048029824,-0.0004667163,3.5068344e-05,-0.00020150932,-0.00047544573,0.0019652045,-0.0005159512,-0.00092555716,-0.00051891734,-0.0014605949,1.4169604e-05,-0.0003868762,-0.000870223,-0.00023631818,-0.00244654,8.599692e-06,7.095979e-05,-0.002160018,-0.0003058747,0.0016564738,-0.00047267438,0.0010997981,-0.00024551034,-0.0019226919,0.0013870692,0.0004366258,0.00061626616,0.0021742256,0.00013771419,-0.0008389304,-0.00022879634,0.00045815462,-0.0009887088,-0.00016590467,0.00030332556,0.0001856033,-0.0032590867,0.00076476106,-0.0006949024,0.0028504531,1.80299e-05,-0.0005737772,0.00020591602,-0.0024631612,0.00050442095,0.00041461375,-0.0017256849,-0.00015054064,8.671391e-05,0.00033583117,0.00086848665,0.00029238246,0.00091003714,-9.46782e-05,-0.0008630899,0.004333827,0.0004570753,-0.00066671654,0.000622729,-0.00045001492,-0.0013382719,-0.000112890775,-0.0010221791,0.00010176978,-0.00014952767,0.00058022694,0.00020930437,2.0390751e-05,0.000100958976,0.0015188635,-8.2915e-05,-4.124318e-05,-0.0020405934,-0.0029908614,0.000994749,-0.00064335956,-0.0010693169,-0.0010441971,-0.0011881511,7.829898e-05,-0.0003545703,-0.0010356142,-0.00029314382,0.00051253,0.002184831,-0.0004707895,0.00065257907,-0.00013544249,0.0024513355,-0.0011635589,0.001712751,-0.0004910903,0.0023296382,-0.00028877842,-0.0010360732,0.0023623942,-0.0018812346,-0.00046205905,0.00041880505,0.00076864543,-0.00023578673,-0.00035275743,0.00022661408,0.0007613036,-0.00014618966,-0.00012841824,-2.6611113e-05,0.0009693507,-9.954365e-05,-0.00027091685,-0.0009838096,0.0021548115,-0.00027612038,0.00021886606,0.0005849085,-0.00070264115,8.075163e-05,-0.0007937651,-0.000298602,-1.3717084e-05,-8.978607e-05,2.4058083e-05,-0.00083169003,8.255843e-05,-9.790501e-06,0.0005990056,-0.00042127096,-0.0008553666,0.0006503442,0.0029024556,-0.0005577534,-0.0008876984,-7.508782e-05,-0.00031885915,-0.004045197,0.0004152969,0.00014298449,0.00060195976,6.9260765e-05,-0.0006735266,-0.0004821398,0.00016925819,0.00047404843,0.00035643636,-0.00011327797,-0.0028404219,-0.00039156494,0.0005714472,-0.0004182057,0.00016659776,0.00052254193,-0.00019797725,-5.1245213e-05,0.0010407359,0.00071394385,0.0004058432,-0.0013971063,0.0012632755,-0.00085722393,0.00029985342,0.0033887252,0.0013240341,0.0009534903,-0.00014646054,-0.00028246408,-0.00013334086,-0.0018432843,0.0021272015,0.00029532777,-0.0003152342,-0.00064558303,0.0010572788,-0.0008816674,-2.8064567e-05,-0.0023326734,-0.001204636,-0.0016929657,-1.17747e-05,0.00086548727,-0.00032792613,5.50604e-05,-0.000141825,-0.0018735989,7.420234e-05,0.00014992408,0.00022745074,0.0002091787,0.00075132895,-0.00077483035,0.0029816804,-0.00221872,0.0012353106,0.0013505368,0.001250279,-0.00013822515,6.286216e-05,0.000953426,-0.0005104511,0.0005426685,-0.00036183727,0.0012564826,0.00086120516,0.0013396818,0.0005086301,-0.0013951774,-6.212275e-05,0.00030372062,0.0006470383,-0.0005610785,0.0006723201,-0.0011305676,-0.00045326154,0.0017891303,-8.151745e-05,-0.0006040255,0.0011752622,0.0026728911,-0.0005271317,-9.5895695e-05,-0.0013610901,-5.7563328e-05,0.00027649553,0.0027779068,0.0004036717,-0.0002841975,-0.0014264181,-0.00038708985,0.0005627329,-0.00018232931,0.0003456436,-0.00018978119,0.00017986824,-0.0033183373,-0.0007814262,0.00020370295,0.0015665751,-0.0018406127,-0.00011607592,6.2607534e-05,0.0008715043,0.00069371704,-0.0014138824,-0.00020290821,0.00048988307,-0.00040794775,0.00023475644,0.0011572181,-0.00090483215,-0.0016993184,-0.0007104444,0.000133662,-0.00091585563,-0.000870051,-0.00072061503,0.00038867496,0.00013064346,0.0012832298,-6.0963917e-05,0.00024916657,-0.0011476101,-0.0001224784,-0.00024350027,-0.0003302776,-6.887646e-05,-3.6726917e-05,0.00029674065,0.00018964762,0.00079281104,-0.00043134874,-0.00071824016,0.00024383425,0.00021974038,-0.0003052108,0.00061661255,-0.00062524475,6.4445165e-05,-0.00025935884,5.3935815e-05,0.0006268333,-0.00022296656,0.0005370574,0.00047591483,-0.0008611922,0.33874664,0.0017129675,0.0012590471,-0.0011791898,0.00424148,-0.001200774,-0.00035795904,0.0013362262
0.0023548089,0.0026039756,0.00020775836,0.0062409495,-0.008308587,0.002331996,0.00045787886,-0.0011617217,0.0026514432,0.0009296826,0.0006621314,0.00016306128,0.0005582458,0.0006382082,-0.002872415,0.00088870537,0.0007947816,0.0011390625,0.002804455,4.5449713e-05,0.0005202862,0.0012518422,0.00046344355,0.0032097246,0.00019106908,-0.00019600742,0.0022397528,0.00045569817,-0.0021756198,0.00031497388,-0.0030862226,0.00035470107,0.003778285,-0.0025016947,-0.00011372045,-0.0016458649,-0.004039261,-3.40656e-05,0.0015346768,0.00069941266,-0.00082351424,0.0008216703,0.00060940365,-0.0005862936,-0.00027280275,0.0049958453,-0.0013914469,0.0014244651,-0.003717237,7.3034804e-05,0.00059557706,-0.00023272142,0.004308506,-0.0009640117,-0.00058628403,0.0020048274,7.3209056e-05,-0.00027293776,-0.00044438228,-0.0013317018,-0.00045441344,-0.0013175217,0.00040358686,0.002485026,-0.0061986586,-0.00073361414,0.0013407322,-0.0008323587,0.00062011153,0.0031006548,-4.1753938e-05,0.0017950158,-0.0016000808,0.00042678672,-0.0007825045,0.00047325765,-0.0004529197,-0.00010670423,-0.0018939368,-0.00015999621,0.00012018683,0.003624449,0.005109021,-0.0014120399,0.0013829776,0.0028051569,0.0024769232,0.0028550078,2.355441e-05,0.00041888957,0.0017203985,0.00039411246,-0.0006356573,-0.003244131,0.0007019822,-0.00088723097,-7.2648465e-05,-0.004351774,0.002066109,-0.004411538,0.0011796416,-0.0037523152,0.0004886443,0.002343992,-0.004382399,0.0032731043,0.00032646747,-0.0007632088,-0.00047171896,0.0005432854,0.0004928318,-0.00032435512,-0.0013390016,0.00026657828,0.0001600262,0.00016274191,-0.0015700469,9.173025e-05,0.00044399005,0.0016490932,-0.0039505903,0.00069151964,-0.0005131356,-0.0007461426,0.00094042515,0.00040838638,0.0012717802,0.0008326187,0.0002204938,0.00012414384,-0.00011223642,0.0016063384,-7.0691174e-05,-0.00015098583,-0.0009784023,0.0007510331,0.0011063358,-0.00057505065,-0.0049736863,0.0010086078,0.0018794753,0.00015077679,-0.0005860428,0.005531215,-0.0004910977,0.00036589362,0.00051258545,-0.00016665622,0.001126789,0.0006401961,-0.00033502842,-0.0008872177,-0.0005449753,-9.0866626e-05,0.00587579,0.00030955323,-0.0021799884,0.00043512686,-0.00014311206,-0.00083984004,-0.00042413478,1.5123025e-05,-0.0021134827,-0.0030379451,-0.00049249607,0.0028208448,-0.002343092,0.0015619704,-0.0001793492,-0.006233178,-0.002419905,-0.0015477282,0.000375895,0.0006656062,0.00027068856,0.003223951,-0.0037718525,-0.0012307882,0.0002671491,0.0011402691,-0.0019887225,0.0013601192,4.4440047e-05,0.0035808252,0.002195815,0.002849633,0.0002491301,-0.00127705,0.0006668644,-7.17051e-05,0.0011687761,0.0035210296,-0.00032173016,-7.328608e-05,-0.00029660843,-0.00017723495,-0.0007792503,0.0010956024,-0.0058613084,0.0030140993,-0.0019021353,-0.0018363274,-0.0022528546,0.0008750109,-2.836504e-05,-0.0012181342,0.00090597686,-0.0005893212,0.00094572006,-0.0010813854,-0.0020290383,-0.0012788344,-0.0008292831,0.003784996,2.364496e-05,-0.00014896954,-0.0010828207,0.0011791447,-0.0010797661,0.00031879448,0.0006747464,-0.0026011118,3.991079e-05,0.0010993981,-0.0024544587,-0.0050629433,0.00085007655,0.00010611286,0.0024201097,7.1364026e-05,-0.0011068562,-0.004083058,-0.00075380853,-1.7726241e-05,0.0025898127,0.00061273115,-0.0015241107,0.0012364467,-0.0005578997,0.001195422,-0.00025946114,0.005526062,0.0014610543,-0.0006829436,-0.0026420986,0.003110339,0.0001747765,-1.3289409e-05,-0.0019824817,-0.0013552952,0.0021036954,0.00059289095,-0.0007853526,0.00086001924,-0.0006092302,-0.001415839,0.0018127647,0.002870933,0.0015069484,-0.00016096239,0.0015750121,0.00085365487,0.0014637158,-0.0002623153,-0.000501738,-0.0027373796,-0.00025365007,-0.00053043297,0.0017997833,-4.022624e-05,0.00080632186,0.0006937496,-0.00026611745,0.00013357535,-0.00047543173,-0.0004055743,-0.0015361514,0.0009832011,0.0010840645,-0.0015038295,-0.0003768642,0.0003350322,-0.0014758724,0.0015367619,-0.0002902032,0.00036794506,0.0027811625,-0.0017980933,0.00091490115,-0.0007580157,-0.00083288574,0.0013491384,0.0036383325,0.33759177,-0.0028966633,0.0021101004,-0.0088392375,0.0024889265,0.00033431218,-0.00092543854
0.0003421189,0.0006381023,-2.6593807e-05,0.002417443,-0.0010964709,-0.00020759588,7.167633e-06,-4.5923352e-05,0.0008842079,0.00014818687,0.000110227294,-0.000119808356,0.00015655627,0.00030908448,-4.4514498e-05,0.00014036517,-1.4805042e-05,0.00031850056,0.00013926234,0.00018489175,0.0003477381,0.00047012715,7.2230214e-06,0.00078647863,-0.00022410358,-0.00037737924,-0.0013507929,0.0002538671,-0.0010048426,0.0013377975,-0.0008207614,0.00020687928,-0.00027508356,1.0338883e-05,-0.00068709964,0.00013757919,-0.00020789067,-3.312603e-05,9.525208e-05,-0.00028487953,-0.000114513496,-0.00051361835,0.0003004994,0.00016275256,-8.895779e-05,6.7792444e-06,-0.0011577564,-0.00038835936,-0.00033100974,0.00011794251,0.00022620504,-7.857232e-06,0.000623118,-0.00037085818,-0.00064190914,-0.0014274484,0.00018558776,0.0001172842,6.26416e-05,-0.00019352447,-0.00021776228,-9.93763e-05,-9.4850024e-05,-6.5595144e-05,0.0005728082,-0.00029889744,7.81174e-05,-0.00013569914,8.561992e-06,0.00056184974,0.00014261423,-2.179745e-05,-0.00045549287,-0.00016170049,-0.00044359712,0.00079852436,0.0005833092,1.176998e-05,0.0005661625,0.00034228555,-0.00016930001,0.00044204702,-0.00011206663,-0.00030253697,-1.5422167e-05,0.001179105,0.00030158868,0.00062225375,-0.00011360935,0.00014304434,0.000419305,8.637886e-05,-0.00029730258,0.0002733209,5.157052e-05,-0.00012857447,0.00034114163,-0.0006871106,-0.00024834427,0.0013130461,-0.00028429195,-0.0005243673,-0.00011209262,0.0006382434,0.0008500652,0.00036870636,-0.0008519418,-9.306811e-05,8.6815766e-05,-0.0004684341,0.00012964576,-9.071646e-05,-0.00023976435,-1.7282011e-05,-1.4345278e-06,5.3860276e-05,-0.0008289639,0.00011731325,0.00015390465,0.0002508994,-0.00021622545,-0.0001751423,-0.00010391823,2.520754e-05,0.00038286755,-1.1915949e-05,0.0003164286,0.0006219428,-0.00010927055,0.0001360427,0.00015059956,0.00036485647,2.3327346e-05,0.0004970049,-0.0003529073,7.045899e-05,0.0003250945,-0.0011421136,-0.0019195727,-6.0751154e-05,0.000589658,0.00025901475,-0.00034582333,0.0017994277,-0.00017534687,-0.0003185387,0.0005300601,-5.1733638e-05,-8.838676e-05,0.00015119028,0.0007230462,0.0002803969,-5.821351e-05,-0.00084918254,-0.0012507009,0.00015436772,-0.0012212141,0.0015007759,-0.0005282497,0.00060627074,0.00028672005,-6.6609115e-05,-0.00033321045,-0.0005261393,0.00011888107,0.00021806391,0.00032208496,-0.00037114852,0.0001781257,0.00027880055,-0.0012489388,-0.00014146436,-0.00016296071,0.00015248753,-0.00020123059,0.0003743021,-0.00064011797,-0.00028627482,-5.8549675e-05,0.0004576664,2.0148254e-05,3.2502066e-05,6.325268e-05,0.0001809936,0.00020130095,0.00019096024,-9.530754e-05,-0.00026403085,-0.00020679802,-4.389653e-05,-1.0566997e-05,0.00021937658,0.00016176881,-0.00037842832,-0.00012312313,-7.982693e-05,-0.00044440248,0.0002816601,0.00065705925,0.00025810255,-0.00059634837,0.0002169418,-3.62894e-05,0.00021554416,-3.929466e-05,0.00058548315,4.5081248e-05,-0.0003581857,0.00016564253,1.153168e-05,-0.0011924201,6.773295e-05,-0.0003765712,0.0009566848,-0.0007708129,-0.0006292524,-0.00014434318,3.199333e-05,0.00011873015,-0.00026244303,0.00021832791,-0.0011859946,-4.5474637e-05,0.00041596525,-1.2224646e-05,-0.00083976926,-0.00020033219,0.00012441428,0.0004100999,-1.2392547e-05,0.0009440959,-0.0008568412,0.00019809845,-2.4565841e-05,-0.00011922416,8.909331e-05,-0.00059113867,0.0015634416,-0.00024324688,-0.00027229197,-3.8779624e-05,0.0004165929,0.00084480573,-1.8444724e-05,-0.00025368918,0.00096359616,-0.00016256276,-9.194756e-05,-0.00043265722,-0.00010809543,0.0013532044,0.00015679286,-0.00013344566,-0.0001681478,0.00034737246,0.00032913455,8.64717e-05,-6.8485664e-05,0.0006685947,-5.18221e-05,-0.00036983064,-0.001231905,-0.00014438193,0.0004999782,0.00038212267,-0.00029298489,-0.0009815025,-3.081531e-05,0.00042182673,4.806169e-05,0.0008085236,5.395736e-05,0.0006522098,-0.00011977662,-0.00014013222,5.128698e-05,-0.0002448981,-0.0005745084,-0.0001646298,-3.5301367e-05,0.00030524752,0.0004930963,0.00017323409,0.00028629458,0.00014086842,0.00018164232,0.0010993155,-0.00068944227,-0.0008724947,-0.00030544476,-0.00016978961,0.00014860288,0.00046255597,-0.00046541812,0.3386596,0.00020570427,-0.0029438687,0.00027720892,0.00016961934,0.00044611248
-0.001957044,-0.0008194718,0.00010482606,-0.0021236911,0.0064491946,-0.0018243869,-0.0013227416,0.0009075863,-0.002222719,-0.0005537007,-0.0004671807,-6.2105304e-05,-0.0002559596,-0.0006891195,0.0019654166,-0.0005322728,-0.0012013143,-0.00096118136,-0.0021384205,-0.00017306092,-0.0006584499,-0.00081580953,-0.00023009704,-0.0025940908,5.5735654e-05,-0.00017398906,-0.0015401089,-0.00040324565,0.0015151355,-0.0007665726,0.0014089666,-0.00034680215,-0.002561313,0.0018573687,0.00039477448,0.0010846165,0.0023945826,0.00031899716,-0.00094984594,-8.48215e-05,0.00060661905,-0.0009901917,-0.00015612919,-5.1344912e-05,0.00021731255,-0.0040371073,0.0015566603,-0.0005628369,0.0029812434,0.00018583558,-0.00057254155,0.00019092055,-0.0030262682,0.0008538987,0.00063006463,-0.002205782,-0.00028991041,9.532841e-05,0.0005238103,0.0011921104,0.00044587842,0.00092958414,-0.00014878197,-0.0012774785,0.0052164095,0.0008772432,-0.000833487,0.000738264,-0.0005479497,-0.0020968444,-0.00022122804,-0.000985051,0.0006501996,-0.0001161758,0.00078914576,0.0006574569,7.78399e-05,9.824374e-05,0.0021315594,-0.000118775504,-2.4098466e-05,-0.0026526793,-0.0034010457,0.0014387831,-0.0008542412,-0.0025743458,-0.0012750211,-0.0015632557,0.00014413273,-0.00046809885,-0.0012999818,-0.00031411825,0.00073109125,0.0028615494,-0.00051967363,0.0007939075,-0.00020617819,0.0030449268,-0.0014601537,0.0024000267,-0.00035397487,0.0022184788,-0.00019087091,-0.0015999166,0.0025568253,-0.0018414316,0.00079016294,0.00066494016,0.0002926983,9.231659e-06,-0.00041963562,0.00046168838,0.0010292275,-0.00017634967,-0.00013674995,-2.333898e-05,0.001357899,-0.00015973447,-0.00042541546,-0.0012442933,0.0025830565,-0.00029623535,0.00041598408,0.0005228115,-0.0007362342,0.00016704183,-0.00091591623,-0.0013017142,5.6595636e-06,1.0408678e-06,1.4726222e-05,-0.0011249973,-3.5974677e-05,4.5436766e-05,0.00075699703,-0.00047964707,-0.00103116,0.0003574312,0.0029995607,-0.00070094067,-0.0011415089,-0.00045215315,-0.00032783317,-0.0030617511,0.0005454242,0.00048142645,-0.0004462989,0.0001248567,-0.00067288085,-0.0006029001,-0.00040594322,0.000871476,0.00018497747,7.2885705e-05,-0.0041542198,-0.00055110827,0.0015597487,-0.0011116861,0.00053455273,0.00057325803,0.00036276292,0.00011919366,0.0008861569,0.0016566115,0.0005439061,-0.0017331606,0.0015215571,-0.00088216277,0.00038095808,0.004303229,0.0023305858,0.0012727635,-0.00019109772,-0.00071529293,-5.3138112e-05,-0.0021792904,0.0023618839,0.00034364118,-0.00046118503,-0.00061586266,0.0010099714,-0.0010310657,-6.123758e-05,-0.0027920057,-0.0015543087,-0.002539729,-6.364847e-05,0.0010796002,-0.00021563077,5.9827522e-05,-0.00011361124,-0.0023734465,2.9946477e-05,0.00036946582,0.0002821342,0.00016252625,0.0009816599,-0.0009669397,0.003668749,-0.002819551,0.0016056474,0.0014505041,0.002203033,-0.00015122906,6.673598e-05,0.0011713378,-0.00052608596,0.0006188198,-0.00046029463,0.002593077,0.0015804801,0.0014108156,0.0007551499,-0.0010400091,-0.00011403095,0.0005047865,0.0009033355,-0.0007102515,0.0005743189,-0.0005026926,-0.0006116868,0.0022328745,-9.2870316e-05,-0.0013561834,0.001475689,0.0032750354,-0.0006365681,-0.00010330711,-0.0016929576,-1.9773934e-05,0.00020016635,0.0030664918,0.000633061,-0.0001791729,-0.0016919937,-0.00062121334,0.0009096513,-0.0005110308,0.00053072366,4.955315e-05,0.00028912965,-0.0045238673,-0.0012640357,0.0003350589,0.0014677494,-0.0025946042,-6.698139e-05,0.00013421616,0.00095124665,0.00126338,-0.001800486,-0.0004369965,0.0005580392,-0.00032152171,9.341313e-05,0.00092490256,-0.0011173806,-0.0019777198,-0.0009931069,0.0001211514,-0.0014438533,-0.0004683713,-0.0009951066,0.0014067516,-0.00030502613,0.0014150142,0.00012958342,0.0003442551,-0.001663025,-0.00018659107,-0.00032747164,-0.00037707575,-0.00033787172,-0.00013728546,0.0003321412,0.00017833916,0.00083551585,-0.0007253644,-0.00080946577,-0.00037696722,6.534142e-05,-0.00032092773,0.00068375905,-0.0009919006,3.6053105e-05,-0.00040334804,-0.0013296631,0.0006042226,-5.6086974e-05,0.00027816542,0.0006238534,-0.0009273412,-0.0025544523,0.002254124,0.0015196052,0.33936715,0.006238631,-0.001416675,-0.00045944322,0.0013848781
0.0022908356,0.0005371428,-0.00026946282,0.0037354769,-0.006505976,0.0017732322,0.0017875498,-0.00090636034,0.0035133199,0.0007609303,0.0006004754,-0.00014878018,0.00039720416,0.0011423749,-0.0016091947,0.0005817972,0.0015313348,0.0012591273,0.0019482193,0.000568403,0.0011680309,0.0013465174,9.5922165e-05,0.003740961,-0.00033272704,-0.00032515512,-0.0003358226,0.00058022473,-0.0032553165,0.003060209,-0.001641684,0.00054917496,0.0014472143,-0.0014217725,-0.0016546077,-0.00059309095,-0.002083685,-0.00045447645,0.00083078316,-0.00046792516,-0.0005561986,0.00040275196,0.00035926438,0.00042608485,-0.00019887883,0.004274955,-0.0031568073,-0.00041162127,-0.0031692875,-0.00022891848,0.0008984197,-0.00031822108,0.003460189,-0.0012713805,-0.0014544184,0.00021991887,0.00047055056,0.00015373324,-0.00036299348,-0.0014041445,-0.00072444294,-0.0008964444,-9.50368e-05,0.0004502006,-0.0042153043,-0.0010909352,0.0006888547,-0.00089875015,0.0005336992,0.0022098986,0.0004911684,0.0005320592,-0.0007339964,-8.498949e-05,-0.001372415,0.00018742193,0.0010253694,8.239956e-06,-0.0017935323,0.00074066233,-0.00033433497,0.0028258176,0.002860204,-0.0018823383,0.0007538436,0.0035529672,0.0012521537,0.0017074471,-0.00030483416,0.0006499126,0.0016435237,0.0004896644,-0.0011461526,-0.0019913856,0.00053869706,-0.0009058742,0.0007341356,-0.0034957607,0.0007344058,-5.4781776e-06,-0.00036476273,-0.002489494,5.6578087e-05,0.0019342969,-0.0006169401,0.0019845236,-0.002744897,-0.0007421266,-0.0004982785,-0.0009304128,0.0004790205,-0.0005018307,-0.0011298556,0.00011411641,6.998617e-05,-2.0905034e-05,-0.0025208774,0.00036824253,0.0007415362,0.0013707026,-0.0022418324,-6.642446e-05,-0.00073441694,-0.0004085326,0.0012296517,-0.000582498,0.0012062858,0.0022807799,-0.00020405634,0.000121685895,0.00015279258,0.0014913196,0.00010879675,0.00079119875,-0.0011385652,0.00037427587,0.0014560013,-0.002121728,-0.0055564074,0.0006381228,0.0014486475,0.000800063,0.0004776117,0.00082353794,-0.0006951992,-0.001404411,0.0015989738,-0.00013399114,0.00036514373,0.0007104236,0.0018425822,-0.0003547349,-0.00013766596,-0.00127202,0.00091176835,0.00090972625,-0.0026443545,0.0037973581,-0.0015986504,0.00052331213,0.0002838612,-0.00027317784,-0.0008002939,-0.0007349389,-0.0004770741,0.0014124016,-0.0007349131,5.263283e-05,-0.0002019084,-0.0020764328,-0.004167256,-0.0014918013,-9.5677315e-05,0.0009766943,-0.0003313348,0.0024180238,-0.0024010206,-0.0003290735,0.0004604446,0.001052896,-0.0004928692,0.0009075245,0.00019472356,0.0028456324,0.001452386,0.0025435507,-0.00029910667,-0.0014034077,-0.000115087394,-1.0527192e-06,-0.0006001264,0.0021633233,0.00023726867,-0.0009958333,-0.0005001007,-0.00036940913,-0.0016658887,0.0012801515,-0.0020512387,0.0032593447,-0.0022175347,-0.0010352916,-0.0022873245,9.452136e-05,-0.00013455318,-0.00030745572,0.0003689648,-0.0010848093,0.0004897931,-0.0032496182,-0.002953586,-0.0017078498,-0.0011799478,0.0015918678,-0.0004424928,-0.0015440439,-0.0010950138,0.0005343567,-0.00018212578,0.00057984947,0.000864845,-0.0038192116,6.849684e-05,0.0019768777,-0.0009812638,-0.003833203,0.00023107993,0.00023302493,0.001949384,-4.2451702e-05,0.0016810328,-0.0041188328,-0.00035252437,0.00016663727,0.0010779267,0.0007312289,-0.0013708449,0.0022945337,-0.00073626306,-0.0008890971,-0.00036982124,0.0046082903,0.0023275078,-0.0003265245,-0.0015848123,0.0039336714,-0.00018395919,-0.0003290299,-0.0010956565,-0.0012943451,0.0038950827,0.0005490594,-0.0007308575,-9.774392e-05,0.0006954131,-0.00045160463,0.0009614385,0.0014511548,0.0016446792,-2.623505e-05,0.0005615964,-0.001354103,0.00054655125,-0.0010531448,0.0011598418,-0.0012379674,-0.0014613686,-0.00018790503,0.0020856531,0.00036624895,0.0012306019,0.0003026013,0.001521045,9.064586e-05,-0.00044880906,1.8840292e-06,-0.0008968505,-0.00027656372,0.0006194828,0.0014669815,0.0005100132,0.0010571678,-0.000121165715,0.0010647011,0.00026157015,0.00064936135,0.0020867873,-0.0008280175,-0.0018199461,-0.00057721994,-0.0008404801,0.00091640145,0.0028148151,-0.0025107537,-0.0028593387,0.0013386589,0.3269545,0.0012928434,0.0007894829,-0.0011362097
-0.00096633175,-0.0032692691,-0.0006069078,-0.0062502353,0.0055206227,-0.0011651332,0.0014542768,0.0007273841,-0.0005261034,-0.00067324657,-0.0003636149,-0.00015106647,-0.0005081297,7.558562e-05,0.0022613301,-0.00074817636,0.00057916495,-0.00039028234,-0.0017568892,0.00046357748,0.00024094207,-0.00046419134,-0.00056297285,-0.0007697968,-0.00055071776,0.00022624865,-0.0018485547,-0.0002657868,0.00049783976,0.0018299369,0.003140866,-9.4713505e-05,-0.003014805,0.0016549163,-0.0011084881,0.0014802141,0.0034350054,-0.0004225574,-0.0013909093,-0.0010314152,0.00055251626,-6.893863e-05,-0.00075930875,0.0011485608,0.00015920262,-0.0029988375,-0.0003049413,-0.0019739275,0.0015863078,-0.00047975968,-6.815735e-05,-4.700922e-06,-0.0028766955,0.00017410904,-0.00017923935,-0.0009614415,0.00020055899,0.0003830695,0.00019372646,0.00048069344,-8.149782e-05,0.0009496932,-0.00041697442,-0.0026268351,0.0030416874,0.00023867744,-0.0011580685,0.00035020302,-0.00027683744,-0.0023150672,0.0005439072,-0.001762758,0.0018771873,-0.00064831023,0.00010172203,-0.0014250552,0.0011192113,-3.660488e-05,0.00012289658,0.0006068849,-0.00021893624,-0.002235369,-0.0033484416,0.00018272414,-0.00118184,-0.0005429454,-0.0023359256,-0.0027246512,-0.00023083661,8.221299e-05,-0.0010074049,-6.807339e-05,-0.00012904566,0.0019284341,-0.0005084276,0.00040707536,0.0005654989,0.0025956878,-0.0017403273,0.0050082933,-0.001737862,0.0028892085,-0.000510674,-0.0016701627,0.004474527,-0.0027395207,-0.0021426638,0.00014839889,3.6016547e-05,-0.0012687341,-0.00015832468,3.9706134e-05,0.0009426414,-0.00027332062,-0.00013500532,-0.00023827291,0.00035129,0.00019246404,-0.0001598713,-0.0009856906,0.0031710055,-0.0009372079,0.00012538662,0.0004585917,-0.00032290118,-0.0011021156,-0.00080433267,0.00091715687,-0.0004557575,-6.3285996e-05,0.00031567653,-0.0009533174,0.00020451732,0.00048375005,0.00049486477,-0.0006605102,-0.00030141594,-0.00036112522,0.0026602393,-0.0008598613,-0.0014386424,0.00041989225,0.0017113998,-0.0064146724,-5.471405e-06,-0.0017521802,-0.00042449904,2.2523875e-05,-0.00107393,-0.00023670995,0.0018302891,0.00054050214,0.00064422324,-0.00041885852,-0.005471997,0.00046678085,0.0009530972,0.002178501,-0.0009864306,0.0010085641,0.00051910133,-0.00029451086,0.002271174,0.0036556365,7.356774e-05,-0.0026427133,0.0020024788,-0.0017130616,-0.00038004047,0.0055057555,-0.00064197415,0.0006432033,-0.0005360335,-6.23733e-05,-0.0005156957,-0.0023836368,0.0027696984,0.0016167474,0.0002150591,-0.0009489962,0.002125461,-0.0009089878,9.077077e-05,-0.0019172332,-0.0016209921,-0.0012589706,-0.00050186494,0.0005879183,-0.00076584955,1.1829794e-05,-0.0021962333,-0.0025291862,0.0006138549,-0.0006478582,2.0208754e-05,-0.0001553159,-0.00035257818,-0.00038480805,0.0047640726,-0.0008217494,0.00069434964,0.0011949319,0.0006389332,-0.0013827272,-7.4059884e-05,0.000678781,-0.0009333606,-0.000132571,-0.0008133197,-0.0021259827,0.00053408544,-9.6389536e-05,0.0001883069,-0.004733627,3.498038e-05,-0.00090372836,0.0004927213,-0.0010046563,0.0011493686,0.00036490563,-0.00023649874,0.00024398195,2.0882559e-05,0.0002799196,0.0022291057,0.0034566985,-0.0006765922,-2.5779946e-05,-0.0016678481,-5.5333876e-05,0.0023719112,0.0018229304,0.0005807395,0.00029952975,-0.0022367486,-0.00011512866,0.0010687535,-0.0006361972,0.00027362347,-0.0026253832,-3.8475533e-05,-0.0031924318,-0.00017776918,0.00076492794,0.002579081,-0.0009314136,-0.00030395846,-0.00021407948,0.0020084486,0.0004495799,-0.00018312853,-0.00033658557,0.00045019455,-0.0012068545,0.0010392994,0.001154776,-0.0015815113,-0.0023513124,-0.0007502539,0.00022840877,-0.0010545754,-0.0014515145,-0.0012716283,-0.0012760026,0.0016278515,0.0026911509,-0.00025264706,0.0005945042,-0.0005911315,0.00037781,-0.00056283665,-0.0005784766,0.0013351957,-0.00013656446,0.00014958942,0.0005357436,0.0012305967,-0.0010085865,-0.00064571376,0.0035575868,0.0007060562,0.00019486138,0.0017639545,-0.001326667,0.0006028537,2.6041764e-05,-0.0027940045,0.0019352448,-0.0023009144,0.0007615209,0.00044072632,-0.0009801826,-0.0021129749,0.002038117,0.0020346812,-0.0016471351,0.0039668162,0.33791292,0.00031329834,-0.0004950287
-0.0006642343,0.0007781805,0.00036071477,0.00064086134,0.0010680592,-0.0004620687,-0.0012361727,0.00022607928,-0.0013563075,-0.00021173952,-0.00016676563,0.00016083197,-1.6751172e-05,-0.00046723182,0.00010229772,6.6419307e-07,-0.0008901245,-0.00037876854,-0.0002962882,-0.0002982873,-0.0005521867,-0.00047292747,4.5099638e-05,-0.0015004501,0.00028035513,3.2209642e-05,0.000492033,-0.00019982489,0.001183638,-0.0018469102,-0.0003393184,-0.00021672179,0.00017138394,0.00020442941,0.0009949869,-0.00015598375,3.3992255e-06,0.00036715355,0.00010179615,0.0004452596,6.312235e-05,-0.0003560026,0.000176513,-0.0003642517,4.6668294e-05,-0.00076749624,0.0013932864,0.0006938913,0.0010385064,0.0003228855,-0.00044134582,0.00012573837,-0.00064995774,0.00048467028,0.0005772318,-5.357404e-06,-0.00038156335,-0.00010561855,9.627057e-05,0.00048252233,0.00044218262,0.00014296983,5.6624856e-05,0.0005376176,0.0013569818,0.00026685355,5.4407505e-05,0.00031895036,-0.00015132544,-0.00025179808,-0.00036672654,0.000233099,-0.00037339504,0.00024150974,0.0005828784,0.0005872979,-0.0007260698,-1.925362e-05,0.0008752422,-0.0005369161,0.00019390951,-0.00057996815,-0.00051071745,0.00079129153,5.1780313e-05,-0.0016158827,0.00021991305,0.00014988503,0.00010827258,-0.00032596834,-0.00038239776,-0.00021043845,0.0005689704,0.00054500904,-0.00021261994,0.000280345,-0.00041591542,0.00072218553,0.00015571341,-0.001326487,0.0006548046,0.00020554176,0.0001023655,-0.00021915682,-0.0010725049,1.1542714e-05,0.0015660031,0.00029356414,0.0002872793,0.00074092177,-0.0001960391,0.00010022972,0.00025768986,4.6388053e-05,3.407729e-05,4.7378653e-05,0.0008960013,-0.00023504352,-0.00018966214,-0.00029659347,-1.7221002e-05,0.00029718713,0.0002191982,7.552279e-05,-0.0004149365,0.0005574005,-0.0002951298,-0.0013184176,0.0002451926,-4.1068084e-05,-0.0001445483,-0.0003616241,-9.9273355e-05,-0.0004508508,0.00030019757,7.407449e-05,-0.0005360719,0.00085147715,0.0012755103,-1.3075078e-05,-0.00013413635,-0.00047068537,-0.0008845904,0.00060086284,0.00041534248,0.0011984702,-0.00028786328,9.0541624e-05,3.4929188e-05,-0.0002628741,-0.00125694,4.4485492e-05,-0.00013838225,0.00054166256,0.0008687371,-0.00049634685,0.0008105187,-0.0021702754,0.0008799037,-0.00045909436,-0.0002332193,0.00022424896,-0.00035911734,-0.0008400016,0.00024864145,0.0002172088,-0.00018388938,0.0004148278,0.00032290316,-0.00034548034,0.0019900526,0.00037887812,0.00019412133,-0.00040036795,0.0002842631,-0.00022725017,0.0002499114,-0.00044523634,-0.00032237227,-0.00013114024,-0.00038540398,-0.00016862473,-0.00011039456,-0.00077595236,-0.00020399145,-0.0008265646,0.00020938955,0.0003799147,0.00028617212,5.352349e-06,0.00093151967,-0.00020396372,-0.0002903705,0.00055401336,0.00028205093,0.00020307646,0.00087963627,-0.00046571158,-0.00045231392,-0.0012823496,0.0007620753,0.00021364444,0.00076685444,0.00047606495,0.00010094729,5.022169e-05,0.0001243323,0.000554351,0.00013991226,0.0022927267,0.0009503811,0.0008162787,0.00042118836,0.0007950843,0.00014301277,0.00090301764,0.0002732515,4.270426e-05,-0.00026480498,-0.0003817106,-0.00027689937,0.0016603663,1.02887425e-05,-0.00087944366,-0.00020835944,0.00059810886,4.299215e-05,-0.00012537428,-0.00032384417,6.199391e-05,-0.0014765428,0.0012227695,9.1782385e-05,-0.00026790443,0.000115332325,-0.000300132,0.00031989877,-0.00053424767,0.00021006547,0.0013410945,0.00027183068,-0.0011750039,-0.00081181497,-0.000117152726,-0.00017757679,-0.0013515534,0.00013679906,0.0001785376,-0.00017365016,0.00042319088,-0.001570688,-0.0001285843,0.00020036272,0.00039292563,-0.00056399277,-8.00971e-05,5.8722937e-05,0.0001537808,-0.0004470746,-5.4110355e-05,-7.3483985e-05,0.0008263477,0.00011646488,0.00088643224,-0.0010002785,-0.000266566,0.0006213403,-5.4970544e-05,-0.00075565156,-0.00033693522,-0.00025074475,2.918272e-05,-0.0010575642,-2.62557e-05,0.00012353982,-0.00016776437,3.7661324e-05,0.00033002658,-9.0044574e-05,-0.001743404,-0.00037146578,-0.00046724753,-0.00048250926,9.23824e-06,-0.00032848868,-0.0002718351,6.9555186e-05,-0.00028154755,0.0013736441,1.7625918e-05,0.00022084717,-0.0001505002,-0.0006310757,0.00040425165,0.00044555464,-9.772837e-05,0.002880937,0.00017556458,0.3413029,0.0007370759
0.0007924901,-0.0007271881,-5.1589166e-05,-0.00074105925,-0.002483041,0.0016107683,0.0010624501,-0.00051512674,0.0009832012,0.00013079045,0.00021100328,-7.895187e-05,-2.3471346e-05,0.00019078824,-0.0011826649,0.00021116823,0.0008950215,0.00016332026,0.0006701124,-2.3839424e-05,0.00014524057,0.00028418232,0.00013312504,0.0012552468,-3.4394776e-05,0.00015918052,0.0021315883,8.878636e-05,-0.0007938982,-0.00012585755,0.0003159285,4.684215e-05,0.001188145,-0.0007822342,-0.00024374359,-0.000292963,-0.00089578255,-0.00026403362,0.0003318535,0.00010174695,-0.00017793926,0.0010620876,-0.00020424472,-6.6987224e-05,7.709082e-07,0.002407288,1.7625975e-05,0.00043961432,-0.0017118625,-1.4897515e-05,0.00038455523,-0.00013097958,0.0011732464,-8.90651e-05,-1.482903e-05,0.0022030445,0.00021103282,-6.2545085e-05,-0.00015394251,-0.00047521267,-0.00011792425,-0.0004763064,6.618121e-05,0.0002153399,-0.0034238994,-0.00013826517,0.00022062978,-0.00032410442,0.00028391913,0.00025637762,0.00014707343,0.00048424283,0.00061447767,4.9695198e-05,-0.00015775593,-0.0009837084,-0.00013491626,-0.00010935134,-0.0015995059,-1.2309832e-05,2.3429933e-05,0.00085947994,0.0020840846,-0.0005410842,0.00029152576,-0.000343097,0.00022746179,-2.6949607e-05,-7.028822e-05,0.00022530677,0.00039261128,0.00015298235,-0.00029192993,-0.001563034,0.0002233415,-0.00027162395,3.0567182e-05,-0.0010727232,0.0007374987,-0.0013727426,0.00018862968,-0.0011133063,0.00025173262,0.00012043124,-0.0018255976,0.0008430882,0.0003894212,-0.00020726617,-0.00072713476,0.00019902331,0.00015237764,-0.00020751939,-0.00020163585,5.1650615e-05,3.785702e-05,3.7736067e-05,-0.00023038099,6.355296e-05,6.013856e-05,0.0004358703,-0.00096630637,0.00010894641,-0.00013980806,-0.00049171894,0.0003088176,-0.00025628426,0.00031664723,-1.5512425e-05,-5.4603464e-05,2.06577e-05,-2.4992518e-05,0.00023282965,-4.6179397e-05,-0.00018539367,-0.0002039611,0.00017363457,0.00046163518,0.00017122574,-0.0008085537,0.00029394386,0.00013578177,-1.02294e-05,0.00082786265,0.0009960438,-0.00018661302,-0.00028416,-0.0007089009,-5.976711e-05,0.00035784536,0.00025294506,-0.00028530697,-0.0004157668,-9.057903e-05,0.0005801947,0.0018129145,0.00043329826,0.00055330805,-9.0415386e-05,8.890648e-06,-0.00057383446,0.00011253597,7.479234e-05,-0.00023546707,0.0006247654,-0.00039934713,0.00042859235,-0.0008077086,0.00061255833,-0.0004023365,-0.0017691507,-0.00034485292,-0.0005303931,-2.3312756e-05,0.00011002424,8.616987e-05,0.0007264631,-0.0007795991,0.00027269256,0.0003463958,8.6345695e-05,-0.00039593608,0.00051549193,2.4657085e-05,0.0014378414,0.0005479653,0.000986273,-6.7947374e-05,-0.00045789912,0.00013060846,-6.665652e-05,-0.0003386263,0.0009054007,-4.1597068e-05,-5.974098e-05,-0.00012461859,-2.4735109e-05,-0.00037508094,0.0003456812,-0.001840179,0.001656898,-0.00047084986,-0.0009844105,-0.00093448855,-0.0003359186,9.094554e-06,-0.0010057423,0.00015816539,-0.00017632902,-3.0129355e-05,-0.0019670038,0.0002096895,-0.0012643872,-0.00022215964,-0.00017208021,0.0005731201,-8.863593e-05,-0.00034800786,0.00020762732,-0.0003117146,0.0012015945,0.00019652746,-0.000804106,7.531481e-05,0.00029208517,-0.0005198133,-0.0010067533,0.00034715314,3.4697678e-05,0.0005145761,1.0157608e-05,-0.00024974783,-0.0013590809,-0.00029221983,0.00021774299,0.0007478445,0.00022350636,9.3953364e-05,-0.0009593716,-0.00015860423,-0.00014532609,-0.00029198834,0.0020444654,1.8872672e-05,-3.4765926e-05,-0.0005551042,0.00073516066,9.779293e-05,-4.905632e-05,-8.139485e-06,-0.00036709386,0.00035401067,3.2211017e-05,-0.00026605345,0.0001197019,-0.00016700236,-0.0010986076,0.0003525287,0.0010702083,2.1865433e-05,-4.5902074e-05,0.0007671001,0.0012814533,0.00034667502,-0.0010674059,-8.019621e-05,-0.00034933837,0.00056805176,-5.987388e-05,0.00053275266,0.00014386035,-0.0003562222,7.260825e-05,-0.00012099231,9.85285e-05,-9.151741e-05,-1.3921672e-05,-0.0003176536,0.0005199721,0.00061298924,0.0005445187,-0.00019077343,-2.0106467e-05,-0.00022248804,6.1557475e-05,2.9702656e-05,9.508247e-05,-0.0017385688,0.00032308733,0.0003044377,-0.00011989255,-0.00018422012,0.0003768772,0.0011947416,-0.00066815893,0.00042190292,0.00045738035,-0.001521467,0.00030397563,0.0002537591,0.33995736
